1.0 1350
2.0 726859
3.0 223476
4.0 110980
5.0 68724
6.0 47172
7.0 34646
8.0 26802
9.0 20949
10.0 17380
11.0 14493
12.0 11844
13.0 10034
14.0 8826
15.0 7541
16.0 6618
17.0 5719
18.0 5271
19.0 4528
20.0 4159
21.0 3808
22.0 3381
23.0 3135
24.0 2953
25.0 2704
26.0 2390
27.0 2300
28.0 2128
29.0 1964
30.0 1817
31.0 1720
32.0 1540
33.0 1513
34.0 1423
35.0 1263
36.0 1288
37.0 1209
38.0 1101
39.0 1103
40.0 976
41.0 961
42.0 917
43.0 845
44.0 808
45.0 788
46.0 697
47.0 771
48.0 703
49.0 664
50.0 680
51.0 657
52.0 556
53.0 566
54.0 526
55.0 523
56.0 460
57.0 469
58.0 473
59.0 501
60.0 430
61.0 412
62.0 371
63.0 388
64.0 373
65.0 345
66.0 365
67.0 376
68.0 327
69.0 324
70.0 301
71.0 276
72.0 279
73.0 301
74.0 253
75.0 277
76.0 252
77.0 232
78.0 242
79.0 237
80.0 229
81.0 229
82.0 203
83.0 230
84.0 212
85.0 194
86.0 187
87.0 173
88.0 180
89.0 166
90.0 165
91.0 152
92.0 160
93.0 165
94.0 172
95.0 145
96.0 128
97.0 153
98.0 160
99.0 123
100.0 123
101.0 125
102.0 124
103.0 125
104.0 115
105.0 118
106.0 111
107.0 110
108.0 70
109.0 124
110.0 114
111.0 109
112.0 85
113.0 94
114.0 97
115.0 92
116.0 76
117.0 86
118.0 71
119.0 63
120.0 68
121.0 74
122.0 65
123.0 71
124.0 97
125.0 75
126.0 60
127.0 57
128.0 68
129.0 61
130.0 57
131.0 62
132.0 57
133.0 74
134.0 49
135.0 62
136.0 52
137.0 39
138.0 59
139.0 50
140.0 28
141.0 47
142.0 54
143.0 49
144.0 35
145.0 46
146.0 53
147.0 43
148.0 57
149.0 52
150.0 43
151.0 41
152.0 45
153.0 39
154.0 46
155.0 36
156.0 30
157.0 36
158.0 37
159.0 24
160.0 31
161.0 30
162.0 33
163.0 39
164.0 38
165.0 25
166.0 34
167.0 25
168.0 35
169.0 28
170.0 29
171.0 28
172.0 32
173.0 28
174.0 30
175.0 24
176.0 19
177.0 26
178.0 26
179.0 28
180.0 33
181.0 30
182.0 17
183.0 29
184.0 23
185.0 16
186.0 18
187.0 17
188.0 19
189.0 16
190.0 21
191.0 19
192.0 18
193.0 16
194.0 18
195.0 14
196.0 13
197.0 15
198.0 9
199.0 17
200.0 21
201.0 15
202.0 15
203.0 10
204.0 15
205.0 17
206.0 16
207.0 16
208.0 12
209.0 8
210.0 11
211.0 13
212.0 17
213.0 18
214.0 15
215.0 12
216.0 16
217.0 7
218.0 10
219.0 12
220.0 12
221.0 12
222.0 9
223.0 15
224.0 18
225.0 6
226.0 9
227.0 11
228.0 14
229.0 10
230.0 10
231.0 12
232.0 8
233.0 9
234.0 11
235.0 10
236.0 16
237.0 6
238.0 11
239.0 8
240.0 6
241.0 2
242.0 9
243.0 5
244.0 9
245.0 10
246.0 13
247.0 7
248.0 6
249.0 4
250.0 12
251.0 10
252.0 14
253.0 9
254.0 3
255.0 4
256.0 3
257.0 3
258.0 5
259.0 4
260.0 7
262.0 5
263.0 7
264.0 3
265.0 3
266.0 9
267.0 6
268.0 6
269.0 6
270.0 7
271.0 5
272.0 3
273.0 2
274.0 4
275.0 9
276.0 7
277.0 4
278.0 7
279.0 3
280.0 3
281.0 5
282.0 3
283.0 2
284.0 8
285.0 4
286.0 5
287.0 5
288.0 7
289.0 3
290.0 4
291.0 4
292.0 7
293.0 11
294.0 3
295.0 2
296.0 3
297.0 2
298.0 2
299.0 1
300.0 3
301.0 3
302.0 5
303.0 8
304.0 6
305.0 4
306.0 4
307.0 3
308.0 4
309.0 1
310.0 6
311.0 4
312.0 3
313.0 5
314.0 3
315.0 5
316.0 2
317.0 5
318.0 1
319.0 2
320.0 4
321.0 1
322.0 6
323.0 5
324.0 5
325.0 3
326.0 1
327.0 1
328.0 4
329.0 2
331.0 3
332.0 2
333.0 4
334.0 4
335.0 2
336.0 4
337.0 1
338.0 1
339.0 4
340.0 1
341.0 2
342.0 4
343.0 3
344.0 4
345.0 2
348.0 2
349.0 4
350.0 2
351.0 2
352.0 1
353.0 2
354.0 3
355.0 1
356.0 1
357.0 5
360.0 2
361.0 3
362.0 1
364.0 3
365.0 3
366.0 3
368.0 1
369.0 1
370.0 2
371.0 2
372.0 3
373.0 1
375.0 1
376.0 2
378.0 1
379.0 1
381.0 1
382.0 3
383.0 2
384.0 2
385.0 1
386.0 2
387.0 2
388.0 2
389.0 2
391.0 1
392.0 1
393.0 2
394.0 1
396.0 2
398.0 1
399.0 1
400.0 2
402.0 1
403.0 2
405.0 2
407.0 1
409.0 1
410.0 1
415.0 1
416.0 2
419.0 1
420.0 1
423.0 2
424.0 1
428.0 1
429.0 2
431.0 2
433.0 1
434.0 1
436.0 2
438.0 1
439.0 1
440.0 1
441.0 3
442.0 2
445.0 3
447.0 2
448.0 1
449.0 1
450.0 1
451.0 1
454.0 1
455.0 1
456.0 1
459.0 2
460.0 1
461.0 1
462.0 1
463.0 1
464.0 2
465.0 1
466.0 1
467.0 1
469.0 1
472.0 1
473.0 1
474.0 1
478.0 3
483.0 3
484.0 1
491.0 2
492.0 1
494.0 1
495.0 2
496.0 2
502.0 1
505.0 1
510.0 2
512.0 1
513.0 1
515.0 2
516.0 1
525.0 1
526.0 2
527.0 1
530.0 1
532.0 1
535.0 1
540.0 1
544.0 1
551.0 1
552.0 1
554.0 1
556.0 1
561.0 2
564.0 1
569.0 1
570.0 1
575.0 1
579.0 1
580.0 1
582.0 1
583.0 1
595.0 2
605.0 1
616.0 1
629.0 1
634.0 2
643.0 1
654.0 1
711.0 1
714.0 1
718.0 1
735.0 1
754.0 1
764.0 1
768.0 1
787.0 1
799.0 1
819.0 1
832.0 1
849.0 1
951.0 1
