1.0 779734
2.0 307377
3.0 150571
4.0 97501
5.0 63696
6.0 48314
7.0 35920
8.0 28465
9.0 23104
10.0 19019
11.0 15851
12.0 13829
13.0 12045
14.0 10553
15.0 9044
16.0 8227
17.0 7107
18.0 6568
19.0 5895
20.0 5350
21.0 4865
22.0 4469
23.0 4006
24.0 3907
25.0 3517
26.0 3164
27.0 2999
28.0 2757
29.0 2664
30.0 2497
31.0 2277
32.0 2225
33.0 1975
34.0 1976
35.0 1818
36.0 1772
37.0 1724
38.0 1589
39.0 1519
40.0 1424
41.0 1396
42.0 1335
43.0 1231
44.0 1233
45.0 1098
46.0 1093
47.0 1074
48.0 992
49.0 915
50.0 921
51.0 903
52.0 869
53.0 811
54.0 755
55.0 757
56.0 769
57.0 676
58.0 700
59.0 662
60.0 658
61.0 606
62.0 617
63.0 586
64.0 577
65.0 493
66.0 541
67.0 484
68.0 517
69.0 533
70.0 454
71.0 457
72.0 421
73.0 422
74.0 436
75.0 407
76.0 408
77.0 404
78.0 349
79.0 396
80.0 378
81.0 367
82.0 368
83.0 326
84.0 331
85.0 337
86.0 295
87.0 322
88.0 288
89.0 262
90.0 305
91.0 299
92.0 272
93.0 260
94.0 271
95.0 261
96.0 241
97.0 240
98.0 266
99.0 248
100.0 237
101.0 217
102.0 227
103.0 224
104.0 204
105.0 192
106.0 201
107.0 189
108.0 213
109.0 192
110.0 184
111.0 172
112.0 189
113.0 184
114.0 178
115.0 187
116.0 178
117.0 178
118.0 175
119.0 172
120.0 151
121.0 159
122.0 166
123.0 142
124.0 164
125.0 138
126.0 142
127.0 136
128.0 120
129.0 136
130.0 143
131.0 159
132.0 124
133.0 130
134.0 126
135.0 140
136.0 122
137.0 116
138.0 134
139.0 136
140.0 118
141.0 128
142.0 136
143.0 137
144.0 106
145.0 118
146.0 109
147.0 102
148.0 104
149.0 123
150.0 99
151.0 110
152.0 97
153.0 102
154.0 106
155.0 83
156.0 84
157.0 103
158.0 96
159.0 87
160.0 95
161.0 80
162.0 81
163.0 90
164.0 74
165.0 104
166.0 84
167.0 81
168.0 66
169.0 88
170.0 74
171.0 77
172.0 61
173.0 75
174.0 75
175.0 81
176.0 85
177.0 82
178.0 72
179.0 95
180.0 72
181.0 65
182.0 81
183.0 65
184.0 64
185.0 64
186.0 60
187.0 61
188.0 64
189.0 65
190.0 60
191.0 55
192.0 53
193.0 51
194.0 54
195.0 53
196.0 56
197.0 58
198.0 55
199.0 62
200.0 52
201.0 48
202.0 51
203.0 50
204.0 47
205.0 49
206.0 48
207.0 56
208.0 44
209.0 65
210.0 51
211.0 49
212.0 46
213.0 50
214.0 50
215.0 41
216.0 41
217.0 48
218.0 38
219.0 37
220.0 49
221.0 51
222.0 41
223.0 48
224.0 39
225.0 26
226.0 48
227.0 32
228.0 34
229.0 38
230.0 43
231.0 31
232.0 50
233.0 34
234.0 49
235.0 31
236.0 41
237.0 44
238.0 41
239.0 35
240.0 41
241.0 34
242.0 41
243.0 39
244.0 35
245.0 32
246.0 43
247.0 27
248.0 40
249.0 29
250.0 35
251.0 31
252.0 28
253.0 33
254.0 36
255.0 33
256.0 37
257.0 29
258.0 39
259.0 34
260.0 38
261.0 35
262.0 29
263.0 22
264.0 29
265.0 25
266.0 25
267.0 32
268.0 31
269.0 31
270.0 34
271.0 36
272.0 27
273.0 28
274.0 27
275.0 24
276.0 26
277.0 20
278.0 30
279.0 28
280.0 23
281.0 30
282.0 26
283.0 22
284.0 25
285.0 28
286.0 22
287.0 26
288.0 24
289.0 9
290.0 18
291.0 26
292.0 29
293.0 24
294.0 23
295.0 27
296.0 19
297.0 22
298.0 22
299.0 22
300.0 23
301.0 16
302.0 20
303.0 33
304.0 17
305.0 25
306.0 24
307.0 15
308.0 21
309.0 19
310.0 14
311.0 15
312.0 10
313.0 12
314.0 19
315.0 30
316.0 20
317.0 14
318.0 30
319.0 29
320.0 21
321.0 21
322.0 18
323.0 7
324.0 21
325.0 22
326.0 19
327.0 20
328.0 22
329.0 21
330.0 18
331.0 21
332.0 15
333.0 12
334.0 23
335.0 14
336.0 31
337.0 18
338.0 11
339.0 13
340.0 24
341.0 20
342.0 16
343.0 16
344.0 14
345.0 12
346.0 14
347.0 21
348.0 16
349.0 14
350.0 17
351.0 13
352.0 20
353.0 22
354.0 16
355.0 17
356.0 24
357.0 14
358.0 13
359.0 9
360.0 12
361.0 16
362.0 16
363.0 17
364.0 13
365.0 20
366.0 12
367.0 16
368.0 21
369.0 13
370.0 11
371.0 15
372.0 19
373.0 10
374.0 7
375.0 9
376.0 12
377.0 12
378.0 9
379.0 11
380.0 12
381.0 11
382.0 11
383.0 14
384.0 14
385.0 8
386.0 14
387.0 13
388.0 14
389.0 14
390.0 17
391.0 11
392.0 9
393.0 9
394.0 14
395.0 12
396.0 11
397.0 11
398.0 9
399.0 5
400.0 11
401.0 9
402.0 10
403.0 15
404.0 14
405.0 9
406.0 14
407.0 7
408.0 4
409.0 7
410.0 7
411.0 11
412.0 9
413.0 12
414.0 9
415.0 9
416.0 8
417.0 8
418.0 9
419.0 13
420.0 8
421.0 4
422.0 9
423.0 9
424.0 13
425.0 14
426.0 11
427.0 8
428.0 8
429.0 14
430.0 9
431.0 11
432.0 15
433.0 11
434.0 12
435.0 9
436.0 8
437.0 7
438.0 12
439.0 4
440.0 13
441.0 6
442.0 9
443.0 10
444.0 10
445.0 13
446.0 6
447.0 8
448.0 19
449.0 11
450.0 11
451.0 5
452.0 8
453.0 9
454.0 8
455.0 13
456.0 9
457.0 5
458.0 10
459.0 11
460.0 7
461.0 13
462.0 9
463.0 5
464.0 10
465.0 6
466.0 7
467.0 5
468.0 6
469.0 5
470.0 9
471.0 5
472.0 8
473.0 5
474.0 6
475.0 9
476.0 7
477.0 7
478.0 8
479.0 13
480.0 4
481.0 6
482.0 6
483.0 3
484.0 9
485.0 4
486.0 12
487.0 6
488.0 6
489.0 12
490.0 16
491.0 3
492.0 12
493.0 7
494.0 5
495.0 5
496.0 10
497.0 14
498.0 10
499.0 6
500.0 8
501.0 3
502.0 8
503.0 6
504.0 6
505.0 9
506.0 7
507.0 7
508.0 6
509.0 5
510.0 7
511.0 7
512.0 6
513.0 2
514.0 10
515.0 6
516.0 5
517.0 2
518.0 9
519.0 2
520.0 7
521.0 8
522.0 4
523.0 5
524.0 8
525.0 6
526.0 8
527.0 7
528.0 1
529.0 3
530.0 5
531.0 1
532.0 3
533.0 7
534.0 3
535.0 5
536.0 6
537.0 9
538.0 3
539.0 10
540.0 5
541.0 5
542.0 8
543.0 7
544.0 7
545.0 4
546.0 6
547.0 4
548.0 4
549.0 5
550.0 5
551.0 3
552.0 4
553.0 8
554.0 1
555.0 3
556.0 2
557.0 6
558.0 7
559.0 9
560.0 1
561.0 7
562.0 5
563.0 5
564.0 6
565.0 6
566.0 8
567.0 6
568.0 8
569.0 5
570.0 7
571.0 3
572.0 8
573.0 9
574.0 5
575.0 3
576.0 5
577.0 7
578.0 3
579.0 4
580.0 2
581.0 4
582.0 2
583.0 4
584.0 8
585.0 1
586.0 3
587.0 2
588.0 7
589.0 4
590.0 5
591.0 5
592.0 5
593.0 9
594.0 8
595.0 1
596.0 4
597.0 4
598.0 6
599.0 3
600.0 5
601.0 3
602.0 3
603.0 4
604.0 4
605.0 5
606.0 4
607.0 4
608.0 2
609.0 3
610.0 5
611.0 3
612.0 6
613.0 3
616.0 4
617.0 5
618.0 3
619.0 4
620.0 6
621.0 1
622.0 3
623.0 5
624.0 7
625.0 1
626.0 5
627.0 4
628.0 5
629.0 7
631.0 4
632.0 8
633.0 2
634.0 6
635.0 4
636.0 6
637.0 4
638.0 5
639.0 2
640.0 4
641.0 3
642.0 3
643.0 2
644.0 6
645.0 3
646.0 4
647.0 2
648.0 5
649.0 3
650.0 2
651.0 2
652.0 5
653.0 3
654.0 1
655.0 4
656.0 4
657.0 3
658.0 6
659.0 1
660.0 3
661.0 2
662.0 3
663.0 1
664.0 5
665.0 2
666.0 2
667.0 5
669.0 2
670.0 3
671.0 4
672.0 5
673.0 5
674.0 2
675.0 6
676.0 4
677.0 4
678.0 1
679.0 2
680.0 2
681.0 2
682.0 7
683.0 4
684.0 7
685.0 4
686.0 2
687.0 7
688.0 5
689.0 3
690.0 3
691.0 3
692.0 1
693.0 2
694.0 4
696.0 2
697.0 3
698.0 1
699.0 4
700.0 5
701.0 4
702.0 2
703.0 4
704.0 4
705.0 2
706.0 1
707.0 8
708.0 3
709.0 5
710.0 5
711.0 1
712.0 4
713.0 3
715.0 4
716.0 2
717.0 5
718.0 2
719.0 2
720.0 3
721.0 2
723.0 4
724.0 6
725.0 2
726.0 2
727.0 2
728.0 2
729.0 3
730.0 2
733.0 1
734.0 2
735.0 3
736.0 2
737.0 7
738.0 1
739.0 5
740.0 3
741.0 1
743.0 2
744.0 1
745.0 1
746.0 1
747.0 3
748.0 3
749.0 3
750.0 1
751.0 3
752.0 7
753.0 5
754.0 2
755.0 2
756.0 5
757.0 2
759.0 3
760.0 6
761.0 4
762.0 5
763.0 3
764.0 8
765.0 2
767.0 1
768.0 3
769.0 2
770.0 2
771.0 2
772.0 4
773.0 1
774.0 2
775.0 2
776.0 1
778.0 2
780.0 4
781.0 2
782.0 1
783.0 2
784.0 2
785.0 1
786.0 4
787.0 3
788.0 4
790.0 3
791.0 1
792.0 1
793.0 3
794.0 1
795.0 5
796.0 1
797.0 1
798.0 1
799.0 3
800.0 3
801.0 1
802.0 1
803.0 1
804.0 2
805.0 3
806.0 3
808.0 1
809.0 2
812.0 2
813.0 1
814.0 3
815.0 3
816.0 3
817.0 4
818.0 3
819.0 1
820.0 6
821.0 3
822.0 1
823.0 1
824.0 1
825.0 5
826.0 2
827.0 1
828.0 2
830.0 1
831.0 1
832.0 2
833.0 1
834.0 1
836.0 1
837.0 1
838.0 2
840.0 2
842.0 3
844.0 1
845.0 2
846.0 3
847.0 1
848.0 3
849.0 1
850.0 3
851.0 4
852.0 1
853.0 1
854.0 1
855.0 5
856.0 2
857.0 3
858.0 2
860.0 3
861.0 4
862.0 1
863.0 1
865.0 4
867.0 4
868.0 2
869.0 2
870.0 1
871.0 3
872.0 4
873.0 1
875.0 4
876.0 3
877.0 3
878.0 1
879.0 2
880.0 3
882.0 2
883.0 1
884.0 1
885.0 4
886.0 2
889.0 1
890.0 1
891.0 3
892.0 2
894.0 2
896.0 1
898.0 1
900.0 2
901.0 1
903.0 1
904.0 2
905.0 3
906.0 2
907.0 1
908.0 2
909.0 1
911.0 2
915.0 1
916.0 1
917.0 1
919.0 4
920.0 2
921.0 2
922.0 3
923.0 1
924.0 1
925.0 2
927.0 2
928.0 3
929.0 1
930.0 1
931.0 1
932.0 2
935.0 1
936.0 3
937.0 1
938.0 1
939.0 1
940.0 3
941.0 2
943.0 2
944.0 2
946.0 1
947.0 2
948.0 3
949.0 1
950.0 1
951.0 1
952.0 2
953.0 2
954.0 2
955.0 3
957.0 2
960.0 1
961.0 4
962.0 1
964.0 1
965.0 5
966.0 2
967.0 2
968.0 2
969.0 2
970.0 1
971.0 2
972.0 2
973.0 1
975.0 1
976.0 2
978.0 1
979.0 4
980.0 1
981.0 1
982.0 1
983.0 3
984.0 1
986.0 1
987.0 1
990.0 3
992.0 1
996.0 1
997.0 1
998.0 1
1000.0 1
1004.0 1
1005.0 1
1006.0 1
1008.0 1
1009.0 1
1010.0 1
1011.0 2
1012.0 1
1013.0 1
1014.0 1
1015.0 2
1016.0 4
1018.0 2
1019.0 1
1021.0 1
1022.0 1
1023.0 1
1024.0 1
1025.0 2
1028.0 1
1029.0 1
1031.0 2
1033.0 1
1034.0 1
1035.0 1
1037.0 2
1038.0 1
1041.0 1
1042.0 2
1043.0 4
1044.0 2
1045.0 1
1046.0 1
1048.0 3
1051.0 1
1052.0 1
1053.0 1
1055.0 1
1056.0 1
1058.0 1
1059.0 1
1060.0 1
1061.0 2
1062.0 1
1065.0 1
1068.0 1
1069.0 1
1070.0 1
1072.0 2
1073.0 1
1074.0 1
1075.0 1
1080.0 2
1081.0 1
1087.0 1
1088.0 1
1090.0 1
1092.0 2
1094.0 1
1096.0 1
1097.0 1
1098.0 1
1101.0 1
1104.0 2
1105.0 1
1107.0 2
1109.0 3
1110.0 1
1112.0 4
1115.0 2
1116.0 3
1117.0 1
1118.0 1
1122.0 2
1124.0 2
1127.0 1
1129.0 1
1131.0 1
1134.0 1
1137.0 1
1138.0 1
1140.0 1
1141.0 1
1143.0 1
1147.0 1
1149.0 2
1150.0 2
1152.0 1
1153.0 1
1155.0 1
1156.0 1
1160.0 1
1163.0 1
1166.0 1
1169.0 2
1170.0 1
1173.0 1
1174.0 3
1176.0 1
1183.0 1
1184.0 1
1187.0 1
1188.0 2
1189.0 1
1192.0 1
1196.0 1
1197.0 1
1199.0 1
1201.0 1
1202.0 1
1203.0 2
1204.0 1
1210.0 2
1211.0 1
1213.0 1
1215.0 2
1216.0 3
1217.0 1
1219.0 1
1221.0 1
1224.0 1
1227.0 1
1230.0 1
1231.0 2
1233.0 1
1234.0 1
1235.0 3
1236.0 1
1237.0 1
1238.0 1
1240.0 1
1241.0 1
1249.0 2
1251.0 1
1253.0 2
1254.0 3
1255.0 2
1256.0 1
1257.0 3
1260.0 1
1264.0 1
1266.0 1
1267.0 1
1271.0 1
1275.0 2
1280.0 1
1281.0 1
1282.0 2
1284.0 1
1287.0 1
1288.0 1
1289.0 1
1294.0 2
1297.0 2
1299.0 2
1300.0 2
1301.0 1
1302.0 1
1305.0 1
1306.0 2
1307.0 1
1308.0 1
1309.0 1
1311.0 1
1319.0 1
1322.0 2
1334.0 1
1339.0 1
1346.0 3
1347.0 1
1350.0 1
1353.0 1
1357.0 1
1358.0 1
1359.0 1
1363.0 1
1366.0 1
1369.0 3
1371.0 1
1377.0 2
1379.0 3
1384.0 1
1388.0 1
1398.0 1
1400.0 1
1402.0 1
1405.0 1
1406.0 2
1408.0 2
1414.0 2
1417.0 2
1418.0 1
1419.0 1
1423.0 1
1426.0 1
1428.0 1
1429.0 1
1433.0 2
1436.0 1
1440.0 2
1442.0 1
1445.0 2
1448.0 2
1453.0 1
1458.0 1
1465.0 1
1470.0 1
1476.0 1
1477.0 1
1478.0 1
1482.0 1
1484.0 1
1485.0 1
1487.0 1
1488.0 2
1489.0 1
1491.0 2
1492.0 1
1497.0 1
1499.0 1
1501.0 1
1503.0 1
1514.0 1
1522.0 1
1523.0 1
1524.0 1
1529.0 1
1540.0 1
1544.0 1
1546.0 1
1548.0 1
1558.0 1
1564.0 1
1565.0 1
1566.0 2
1570.0 1
1571.0 1
1572.0 1
1573.0 1
1579.0 1
1583.0 1
1587.0 1
1588.0 1
1590.0 1
1593.0 1
1597.0 1
1598.0 1
1599.0 1
1612.0 2
1615.0 1
1619.0 1
1622.0 1
1623.0 1
1625.0 1
1639.0 1
1643.0 1
1647.0 1
1655.0 1
1658.0 1
1659.0 1
1661.0 1
1662.0 1
1663.0 1
1667.0 1
1678.0 1
1680.0 1
1689.0 1
1703.0 1
1705.0 1
1712.0 1
1716.0 1
1717.0 1
1718.0 1
1728.0 1
1741.0 1
1748.0 1
1757.0 1
1758.0 1
1759.0 1
1768.0 1
1781.0 1
1785.0 2
1786.0 1
1787.0 1
1788.0 2
1789.0 1
1799.0 1
1800.0 1
1811.0 1
1815.0 1
1816.0 1
1826.0 1
1827.0 1
1837.0 1
1854.0 1
1859.0 1
1861.0 1
1863.0 1
1867.0 1
1870.0 1
1892.0 1
1903.0 1
1904.0 1
1910.0 1
1913.0 1
1917.0 1
1938.0 1
1940.0 1
1967.0 1
1987.0 1
1989.0 1
1999.0 1
2001.0 1
2010.0 1
2016.0 1
2028.0 1
2041.0 1
2044.0 1
2050.0 1
2053.0 1
2059.0 1
2101.0 1
2119.0 1
2127.0 1
2138.0 1
2158.0 1
2162.0 1
2181.0 1
2190.0 1
2197.0 1
2206.0 1
2211.0 1
2214.0 1
2242.0 1
2243.0 1
2252.0 1
2269.0 1
2280.0 1
2282.0 2
2285.0 1
2290.0 1
2293.0 1
2320.0 1
2339.0 2
2355.0 1
2361.0 2
2365.0 1
2399.0 1
2426.0 1
2428.0 1
2440.0 1
2465.0 1
2481.0 1
2511.0 1
2522.0 2
2530.0 1
2547.0 1
2612.0 1
2630.0 1
2641.0 1
2652.0 1
2701.0 1
2710.0 1
2718.0 1
2721.0 1
2801.0 1
2805.0 1
2844.0 1
2848.0 1
2921.0 1
2930.0 1
2953.0 1
2957.0 1
3028.0 1
3049.0 1
3050.0 1
3051.0 1
3054.0 1
3078.0 1
3108.0 1
3144.0 1
3165.0 1
3181.0 1
3182.0 1
3323.0 1
3326.0 1
3410.0 1
3571.0 1
3587.0 1
3607.0 1
3638.0 1
3648.0 1
3668.0 1
3742.0 1
3787.0 1
3943.0 1
3989.0 1
4131.0 1
4181.0 1
4271.0 1
4290.0 1
4293.0 1
4342.0 1
4419.0 1
4466.0 1
4484.0 1
4662.0 1
4878.0 1
5023.0 1
5125.0 1
5504.0 1
5684.0 1
5836.0 1
6781.0 1
7947.0 1
8554.0 1
13713.0 1
210826.0 1
257360.0 1
