1.0 587252
2.0 362764
3.0 160024
4.0 127434
5.0 66509
6.0 64969
7.0 39283
8.0 37560
9.0 27956
10.0 23972
11.0 18343
12.0 18472
13.0 14426
14.0 13035
15.0 11296
16.0 10403
17.0 8646
18.0 8621
19.0 7355
20.0 7013
21.0 6005
22.0 5533
23.0 5088
24.0 5007
25.0 4424
26.0 4249
27.0 3864
28.0 3527
29.0 3355
30.0 3261
31.0 2940
32.0 2881
33.0 2578
34.0 2543
35.0 2406
36.0 2324
37.0 2095
38.0 1948
39.0 1926
40.0 1882
41.0 1738
42.0 1686
43.0 1611
44.0 1527
45.0 1487
46.0 1408
47.0 1394
48.0 1320
49.0 1274
50.0 1225
51.0 1180
52.0 1099
53.0 1119
54.0 988
55.0 985
56.0 941
57.0 870
58.0 863
59.0 914
60.0 856
61.0 815
62.0 832
63.0 798
64.0 781
65.0 699
66.0 689
67.0 664
68.0 672
69.0 645
70.0 584
71.0 624
72.0 633
73.0 572
74.0 551
75.0 533
76.0 523
77.0 510
78.0 505
79.0 521
80.0 469
81.0 495
82.0 462
83.0 471
84.0 430
85.0 439
86.0 407
87.0 379
88.0 385
89.0 373
90.0 400
91.0 380
92.0 354
93.0 329
94.0 342
95.0 339
96.0 361
97.0 319
98.0 352
99.0 290
100.0 298
101.0 283
102.0 282
103.0 312
104.0 293
105.0 304
106.0 276
107.0 265
108.0 275
109.0 227
110.0 242
111.0 236
112.0 251
113.0 235
114.0 248
115.0 249
116.0 236
117.0 203
118.0 226
119.0 206
120.0 210
121.0 204
122.0 218
123.0 221
124.0 210
125.0 188
126.0 200
127.0 193
128.0 178
129.0 200
130.0 196
131.0 191
132.0 190
133.0 161
134.0 168
135.0 137
136.0 154
137.0 150
138.0 155
139.0 151
140.0 148
141.0 145
142.0 153
143.0 141
144.0 145
145.0 175
146.0 120
147.0 143
148.0 130
149.0 140
150.0 163
151.0 111
152.0 123
153.0 121
154.0 135
155.0 124
156.0 156
157.0 126
158.0 125
159.0 124
160.0 123
161.0 114
162.0 125
163.0 121
164.0 111
165.0 128
166.0 103
167.0 128
168.0 101
169.0 111
170.0 106
171.0 89
172.0 109
173.0 106
174.0 105
175.0 109
176.0 106
177.0 96
178.0 102
179.0 94
180.0 93
181.0 102
182.0 104
183.0 85
184.0 82
185.0 88
186.0 102
187.0 89
188.0 108
189.0 83
190.0 96
191.0 88
192.0 94
193.0 86
194.0 88
195.0 84
196.0 88
197.0 69
198.0 78
199.0 86
200.0 74
201.0 76
202.0 58
203.0 81
204.0 59
205.0 77
206.0 81
207.0 62
208.0 60
209.0 65
210.0 83
211.0 73
212.0 78
213.0 58
214.0 68
215.0 53
216.0 69
217.0 64
218.0 71
219.0 59
220.0 58
221.0 73
222.0 69
223.0 64
224.0 65
225.0 47
226.0 71
227.0 57
228.0 71
229.0 53
230.0 44
231.0 60
232.0 50
233.0 61
234.0 62
235.0 44
236.0 52
237.0 47
238.0 45
239.0 63
240.0 47
241.0 50
242.0 57
243.0 66
244.0 56
245.0 48
246.0 40
247.0 45
248.0 52
249.0 43
250.0 49
251.0 52
252.0 53
253.0 34
254.0 38
255.0 50
256.0 43
257.0 43
258.0 40
259.0 53
260.0 63
261.0 54
262.0 42
263.0 42
264.0 55
265.0 38
266.0 41
267.0 40
268.0 47
269.0 38
270.0 40
271.0 43
272.0 29
273.0 38
274.0 31
275.0 41
276.0 40
277.0 45
278.0 34
279.0 37
280.0 34
281.0 22
282.0 29
283.0 40
284.0 34
285.0 37
286.0 48
287.0 29
288.0 38
289.0 43
290.0 31
291.0 33
292.0 34
293.0 40
294.0 31
295.0 32
296.0 28
297.0 30
298.0 41
299.0 38
300.0 32
301.0 34
302.0 33
303.0 32
304.0 32
305.0 36
306.0 34
307.0 27
308.0 30
309.0 16
310.0 22
311.0 26
312.0 30
313.0 35
314.0 18
315.0 16
316.0 24
317.0 27
318.0 28
319.0 27
320.0 20
321.0 24
322.0 22
323.0 31
324.0 25
325.0 29
326.0 31
327.0 20
328.0 23
329.0 19
330.0 29
331.0 20
332.0 19
333.0 32
334.0 25
335.0 26
336.0 25
337.0 22
338.0 29
339.0 22
340.0 28
341.0 23
342.0 31
343.0 28
344.0 20
345.0 22
346.0 13
347.0 23
348.0 23
349.0 30
350.0 21
351.0 16
352.0 27
353.0 18
354.0 29
355.0 24
356.0 16
357.0 16
358.0 22
359.0 17
360.0 22
361.0 17
362.0 24
363.0 22
364.0 21
365.0 19
366.0 21
367.0 21
368.0 21
369.0 23
370.0 16
371.0 16
372.0 17
373.0 19
374.0 23
375.0 23
376.0 21
377.0 21
378.0 15
379.0 23
380.0 13
381.0 13
382.0 19
383.0 15
384.0 24
385.0 15
386.0 11
387.0 17
388.0 24
389.0 17
390.0 25
391.0 14
392.0 16
393.0 16
394.0 19
395.0 19
396.0 17
397.0 17
398.0 20
399.0 23
400.0 10
401.0 16
402.0 21
403.0 21
404.0 15
405.0 16
406.0 14
407.0 15
408.0 20
409.0 14
410.0 18
411.0 13
412.0 17
413.0 14
414.0 14
415.0 18
416.0 14
417.0 13
418.0 14
419.0 8
420.0 5
421.0 15
422.0 15
423.0 9
424.0 8
425.0 12
426.0 14
427.0 15
428.0 17
429.0 13
430.0 9
431.0 14
432.0 19
433.0 16
434.0 12
435.0 21
436.0 15
437.0 15
438.0 12
439.0 18
440.0 15
441.0 15
442.0 12
443.0 9
444.0 10
445.0 9
446.0 13
447.0 15
448.0 12
449.0 15
450.0 19
451.0 9
452.0 13
453.0 20
454.0 4
455.0 9
456.0 20
457.0 16
458.0 12
459.0 6
460.0 9
461.0 8
462.0 10
463.0 11
464.0 15
465.0 15
466.0 12
467.0 13
468.0 16
469.0 16
470.0 11
471.0 14
472.0 10
473.0 6
474.0 18
475.0 12
476.0 9
477.0 12
478.0 6
479.0 10
480.0 9
481.0 13
482.0 12
483.0 5
484.0 14
485.0 10
486.0 12
487.0 13
488.0 9
489.0 10
490.0 13
491.0 12
492.0 9
493.0 9
494.0 11
495.0 12
496.0 10
497.0 12
498.0 10
499.0 7
500.0 13
501.0 5
502.0 12
503.0 8
504.0 14
505.0 9
506.0 13
507.0 12
508.0 10
509.0 11
510.0 12
511.0 13
512.0 6
513.0 9
514.0 10
515.0 11
516.0 8
517.0 13
518.0 6
519.0 9
520.0 8
521.0 9
522.0 6
523.0 8
524.0 5
525.0 13
526.0 10
527.0 3
528.0 3
529.0 7
530.0 4
531.0 10
532.0 14
533.0 11
534.0 8
535.0 12
536.0 10
537.0 10
538.0 5
539.0 10
540.0 11
541.0 9
542.0 9
543.0 11
544.0 5
545.0 8
546.0 10
547.0 11
548.0 8
549.0 6
550.0 7
551.0 7
552.0 8
553.0 8
554.0 5
555.0 9
556.0 7
557.0 5
558.0 10
559.0 6
560.0 10
561.0 3
562.0 10
563.0 12
564.0 16
565.0 7
566.0 7
567.0 8
568.0 6
569.0 6
570.0 4
571.0 6
572.0 14
573.0 9
574.0 6
575.0 6
576.0 3
577.0 9
578.0 6
579.0 5
580.0 7
581.0 6
582.0 6
583.0 6
584.0 4
585.0 7
586.0 7
587.0 5
588.0 6
589.0 14
590.0 7
591.0 10
592.0 6
593.0 3
594.0 6
595.0 7
596.0 7
597.0 4
598.0 7
599.0 8
600.0 7
601.0 3
602.0 8
603.0 6
604.0 9
605.0 4
606.0 4
607.0 12
608.0 7
609.0 9
610.0 5
611.0 9
612.0 6
613.0 6
614.0 7
615.0 7
616.0 8
617.0 5
618.0 5
619.0 6
620.0 4
621.0 4
622.0 10
623.0 11
624.0 6
625.0 6
626.0 6
627.0 6
628.0 3
629.0 2
630.0 4
631.0 2
632.0 10
633.0 4
634.0 11
635.0 6
636.0 8
637.0 5
638.0 4
639.0 7
640.0 3
641.0 5
642.0 10
643.0 4
644.0 7
645.0 4
646.0 3
647.0 6
648.0 6
649.0 3
650.0 7
651.0 5
652.0 8
653.0 4
654.0 2
655.0 3
656.0 6
657.0 4
658.0 6
659.0 6
660.0 5
661.0 2
662.0 2
663.0 4
664.0 1
665.0 8
666.0 8
667.0 6
668.0 4
669.0 4
670.0 5
671.0 1
672.0 4
673.0 3
674.0 1
675.0 6
676.0 4
677.0 4
678.0 5
679.0 7
680.0 4
682.0 7
683.0 5
684.0 2
685.0 4
686.0 5
687.0 5
688.0 2
689.0 2
690.0 6
691.0 6
692.0 3
693.0 3
694.0 5
695.0 4
696.0 3
697.0 6
698.0 5
699.0 6
700.0 7
701.0 2
702.0 3
703.0 3
704.0 6
705.0 6
706.0 2
707.0 5
708.0 2
709.0 7
710.0 3
711.0 5
712.0 2
713.0 6
714.0 1
715.0 4
716.0 4
717.0 3
718.0 3
719.0 2
720.0 6
721.0 4
722.0 4
723.0 3
724.0 7
725.0 4
726.0 5
727.0 3
728.0 3
729.0 2
731.0 4
732.0 10
733.0 5
734.0 8
735.0 2
736.0 3
737.0 4
738.0 4
739.0 2
740.0 4
741.0 3
742.0 5
743.0 3
744.0 5
745.0 3
746.0 3
747.0 3
748.0 4
749.0 6
750.0 3
751.0 5
752.0 4
753.0 5
754.0 4
755.0 7
756.0 5
757.0 4
758.0 3
759.0 6
760.0 2
761.0 6
762.0 6
763.0 3
764.0 5
765.0 4
766.0 10
767.0 5
768.0 1
769.0 5
770.0 3
771.0 3
772.0 2
773.0 2
774.0 4
775.0 1
776.0 2
777.0 4
778.0 3
779.0 4
780.0 3
781.0 1
782.0 3
783.0 5
784.0 2
785.0 4
786.0 8
787.0 3
788.0 3
789.0 4
790.0 4
791.0 3
792.0 9
793.0 6
794.0 4
795.0 8
796.0 5
797.0 5
798.0 2
799.0 1
800.0 1
801.0 4
802.0 3
803.0 2
804.0 2
805.0 1
806.0 2
807.0 3
808.0 3
809.0 2
810.0 2
811.0 4
812.0 1
813.0 7
814.0 5
815.0 3
816.0 3
817.0 2
818.0 2
819.0 5
820.0 1
821.0 2
822.0 2
823.0 1
824.0 6
825.0 1
826.0 1
827.0 3
828.0 6
829.0 1
830.0 2
831.0 7
832.0 4
833.0 5
834.0 3
835.0 4
836.0 3
837.0 4
838.0 1
839.0 5
840.0 3
841.0 1
842.0 7
843.0 6
844.0 1
845.0 3
846.0 1
847.0 4
849.0 5
850.0 1
851.0 5
852.0 3
853.0 5
854.0 1
855.0 1
856.0 3
857.0 4
858.0 4
859.0 4
860.0 3
861.0 4
862.0 2
863.0 2
864.0 2
865.0 2
866.0 1
867.0 2
868.0 5
869.0 4
870.0 1
871.0 1
872.0 5
873.0 3
874.0 5
876.0 1
877.0 4
878.0 2
880.0 2
881.0 4
882.0 1
883.0 1
884.0 5
885.0 3
886.0 2
887.0 1
888.0 1
889.0 2
890.0 1
891.0 1
892.0 2
893.0 3
894.0 2
895.0 6
897.0 2
898.0 2
899.0 1
900.0 4
901.0 2
903.0 2
904.0 1
905.0 1
907.0 4
908.0 3
910.0 1
911.0 3
912.0 4
913.0 3
915.0 2
916.0 1
917.0 2
918.0 1
919.0 3
920.0 3
921.0 1
922.0 1
923.0 3
924.0 2
925.0 3
926.0 5
927.0 1
928.0 3
929.0 3
930.0 4
931.0 6
932.0 3
933.0 3
934.0 1
935.0 2
936.0 4
937.0 3
939.0 2
940.0 2
941.0 1
942.0 1
943.0 2
944.0 5
945.0 1
946.0 2
948.0 4
949.0 6
950.0 3
951.0 1
953.0 3
954.0 1
955.0 1
956.0 1
957.0 1
958.0 1
959.0 2
960.0 1
962.0 3
963.0 2
965.0 2
970.0 4
971.0 2
972.0 2
974.0 1
975.0 2
976.0 3
977.0 3
978.0 2
979.0 2
980.0 3
981.0 3
982.0 1
983.0 2
984.0 4
985.0 2
987.0 1
989.0 2
990.0 1
991.0 5
992.0 3
993.0 1
994.0 2
995.0 3
996.0 3
997.0 2
999.0 1
1000.0 2
1001.0 7
1002.0 1
1003.0 3
1004.0 1
1005.0 1
1007.0 1
1008.0 2
1009.0 4
1010.0 1
1012.0 2
1013.0 1
1016.0 2
1017.0 2
1018.0 2
1019.0 1
1022.0 2
1024.0 2
1025.0 3
1026.0 1
1027.0 1
1028.0 2
1029.0 1
1031.0 4
1032.0 1
1033.0 1
1034.0 2
1035.0 2
1036.0 6
1039.0 2
1040.0 1
1041.0 2
1042.0 2
1043.0 1
1044.0 3
1045.0 3
1046.0 1
1047.0 3
1049.0 5
1050.0 2
1051.0 3
1052.0 1
1053.0 1
1054.0 2
1055.0 1
1056.0 1
1057.0 4
1058.0 2
1059.0 2
1060.0 2
1061.0 5
1062.0 1
1063.0 1
1064.0 3
1065.0 1
1066.0 1
1067.0 2
1068.0 2
1070.0 1
1071.0 1
1072.0 1
1073.0 1
1075.0 3
1076.0 1
1077.0 3
1078.0 2
1079.0 2
1080.0 1
1081.0 3
1082.0 1
1083.0 1
1084.0 1
1085.0 2
1086.0 2
1087.0 3
1088.0 1
1089.0 2
1090.0 2
1092.0 1
1093.0 1
1094.0 3
1095.0 1
1096.0 3
1097.0 1
1098.0 1
1100.0 1
1101.0 2
1102.0 2
1103.0 2
1104.0 6
1105.0 1
1106.0 1
1107.0 3
1109.0 3
1111.0 1
1113.0 1
1114.0 1
1115.0 1
1116.0 2
1117.0 2
1118.0 2
1119.0 2
1120.0 1
1121.0 1
1122.0 1
1123.0 1
1124.0 1
1125.0 1
1128.0 2
1129.0 2
1130.0 1
1135.0 4
1136.0 2
1137.0 1
1139.0 2
1140.0 1
1141.0 1
1142.0 2
1143.0 2
1144.0 2
1145.0 1
1146.0 1
1149.0 2
1150.0 3
1152.0 1
1154.0 2
1156.0 3
1159.0 3
1160.0 7
1162.0 1
1164.0 1
1166.0 4
1167.0 5
1168.0 4
1169.0 1
1170.0 2
1172.0 1
1173.0 2
1175.0 1
1176.0 1
1177.0 2
1178.0 1
1179.0 2
1180.0 2
1182.0 1
1183.0 1
1184.0 1
1186.0 2
1188.0 2
1189.0 1
1192.0 3
1197.0 5
1199.0 2
1201.0 2
1203.0 1
1204.0 4
1206.0 1
1207.0 2
1208.0 1
1209.0 2
1210.0 3
1211.0 2
1212.0 1
1214.0 4
1215.0 2
1218.0 1
1219.0 2
1220.0 1
1222.0 2
1223.0 1
1225.0 1
1226.0 1
1227.0 3
1228.0 1
1230.0 2
1234.0 2
1235.0 1
1237.0 1
1238.0 2
1239.0 2
1240.0 3
1241.0 1
1243.0 1
1244.0 2
1247.0 3
1250.0 1
1251.0 2
1253.0 1
1254.0 2
1258.0 3
1260.0 1
1261.0 1
1262.0 2
1263.0 3
1264.0 1
1265.0 1
1267.0 2
1268.0 1
1269.0 1
1271.0 2
1272.0 1
1276.0 1
1277.0 2
1278.0 1
1280.0 1
1281.0 1
1282.0 2
1283.0 1
1286.0 4
1288.0 1
1290.0 1
1291.0 2
1293.0 1
1295.0 1
1299.0 1
1300.0 2
1301.0 1
1303.0 2
1304.0 2
1306.0 1
1307.0 1
1308.0 1
1309.0 2
1314.0 1
1317.0 1
1318.0 3
1321.0 2
1325.0 1
1326.0 1
1329.0 2
1335.0 1
1339.0 1
1340.0 2
1341.0 1
1343.0 1
1345.0 1
1346.0 1
1348.0 2
1349.0 1
1350.0 1
1352.0 1
1356.0 3
1358.0 1
1359.0 1
1360.0 2
1363.0 1
1364.0 1
1370.0 2
1371.0 3
1372.0 2
1373.0 1
1375.0 1
1378.0 1
1381.0 1
1387.0 2
1388.0 1
1389.0 1
1390.0 2
1392.0 1
1393.0 1
1395.0 1
1397.0 2
1398.0 2
1399.0 1
1404.0 1
1405.0 1
1407.0 1
1408.0 1
1409.0 2
1410.0 2
1416.0 3
1420.0 2
1422.0 1
1424.0 1
1425.0 2
1426.0 1
1427.0 1
1430.0 1
1431.0 2
1432.0 2
1434.0 2
1435.0 1
1436.0 2
1439.0 2
1443.0 1
1444.0 2
1448.0 1
1449.0 1
1451.0 1
1452.0 1
1453.0 1
1455.0 3
1459.0 2
1461.0 1
1466.0 2
1467.0 1
1468.0 3
1469.0 3
1472.0 2
1475.0 2
1477.0 1
1483.0 2
1485.0 1
1487.0 1
1488.0 1
1489.0 2
1490.0 1
1492.0 1
1493.0 2
1494.0 1
1495.0 1
1496.0 1
1497.0 4
1505.0 2
1507.0 1
1508.0 1
1509.0 2
1510.0 1
1513.0 1
1515.0 1
1517.0 1
1519.0 1
1521.0 1
1523.0 1
1528.0 1
1529.0 2
1530.0 1
1532.0 2
1535.0 1
1536.0 1
1538.0 1
1546.0 1
1548.0 1
1550.0 1
1551.0 2
1554.0 1
1557.0 1
1558.0 1
1559.0 2
1560.0 1
1562.0 1
1564.0 1
1568.0 1
1571.0 1
1572.0 1
1573.0 1
1584.0 1
1585.0 1
1588.0 1
1590.0 1
1591.0 1
1592.0 1
1593.0 1
1594.0 1
1595.0 1
1601.0 1
1602.0 1
1606.0 1
1610.0 1
1611.0 1
1612.0 1
1615.0 2
1617.0 2
1620.0 1
1624.0 1
1629.0 1
1634.0 1
1641.0 1
1650.0 1
1659.0 2
1664.0 1
1666.0 1
1670.0 2
1675.0 1
1677.0 2
1681.0 1
1685.0 1
1687.0 1
1691.0 1
1692.0 2
1694.0 1
1695.0 1
1699.0 1
1700.0 1
1701.0 1
1702.0 1
1710.0 1
1714.0 1
1716.0 1
1719.0 1
1721.0 1
1724.0 1
1725.0 1
1726.0 1
1728.0 2
1729.0 1
1731.0 1
1733.0 2
1735.0 2
1736.0 1
1745.0 1
1751.0 1
1756.0 1
1765.0 1
1768.0 1
1772.0 1
1775.0 1
1778.0 2
1780.0 1
1784.0 1
1798.0 1
1803.0 1
1805.0 1
1807.0 2
1808.0 1
1810.0 2
1813.0 2
1815.0 2
1819.0 1
1821.0 1
1824.0 1
1826.0 1
1838.0 1
1839.0 1
1843.0 1
1848.0 2
1855.0 1
1856.0 1
1857.0 1
1862.0 1
1869.0 1
1870.0 3
1872.0 1
1882.0 1
1890.0 1
1891.0 1
1892.0 1
1893.0 1
1894.0 1
1896.0 1
1898.0 1
1901.0 1
1908.0 1
1910.0 1
1911.0 1
1915.0 1
1916.0 2
1918.0 1
1927.0 1
1929.0 1
1932.0 1
1935.0 2
1944.0 1
1946.0 1
1953.0 1
1955.0 2
1958.0 1
1974.0 2
1977.0 1
1985.0 1
1986.0 1
1988.0 1
2002.0 1
2003.0 2
2009.0 1
2010.0 1
2012.0 1
2021.0 1
2023.0 1
2026.0 1
2029.0 1
2030.0 2
2041.0 1
2042.0 1
2055.0 1
2056.0 1
2070.0 2
2075.0 1
2078.0 1
2087.0 1
2090.0 1
2092.0 1
2093.0 1
2096.0 1
2102.0 1
2109.0 1
2110.0 2
2116.0 1
2118.0 1
2120.0 1
2122.0 2
2125.0 1
2130.0 1
2135.0 1
2136.0 1
2138.0 1
2144.0 1
2155.0 1
2158.0 1
2166.0 1
2173.0 1
2180.0 2
2182.0 1
2186.0 1
2188.0 1
2196.0 1
2209.0 1
2221.0 1
2229.0 1
2235.0 1
2239.0 1
2240.0 1
2241.0 1
2253.0 1
2266.0 1
2270.0 1
2280.0 1
2284.0 1
2285.0 1
2301.0 1
2309.0 1
2324.0 2
2338.0 1
2379.0 1
2385.0 1
2393.0 1
2397.0 1
2400.0 1
2414.0 1
2445.0 1
2453.0 1
2457.0 1
2466.0 2
2472.0 1
2479.0 1
2505.0 1
2508.0 1
2534.0 1
2535.0 1
2541.0 1
2543.0 1
2550.0 1
2553.0 1
2556.0 1
2559.0 1
2565.0 1
2567.0 1
2571.0 1
2578.0 1
2580.0 1
2590.0 1
2613.0 1
2617.0 1
2623.0 1
2626.0 1
2627.0 1
2631.0 1
2640.0 1
2656.0 1
2659.0 1
2675.0 1
2683.0 2
2686.0 2
2694.0 1
2707.0 1
2753.0 1
2765.0 2
2787.0 1
2821.0 1
2837.0 1
2852.0 1
2869.0 1
2870.0 1
2876.0 1
2896.0 1
2918.0 1
2928.0 1
2950.0 1
2986.0 1
3019.0 1
3061.0 1
3096.0 1
3103.0 1
3116.0 1
3128.0 1
3135.0 1
3136.0 1
3137.0 1
3163.0 1
3172.0 1
3201.0 1
3292.0 1
3305.0 1
3342.0 1
3416.0 1
3454.0 1
3458.0 1
3473.0 1
3485.0 1
3555.0 1
3578.0 1
3623.0 1
3747.0 1
3843.0 1
3851.0 1
3864.0 1
3880.0 1
3883.0 1
3923.0 1
3961.0 1
3970.0 1
4020.0 1
4039.0 1
4093.0 1
4107.0 1
4184.0 1
4192.0 1
4332.0 1
4391.0 1
4410.0 1
4456.0 1
4471.0 1
4524.0 1
4562.0 1
4593.0 1
4625.0 1
4628.0 1
4654.0 1
4675.0 1
4680.0 1
4757.0 1
4766.0 1
4821.0 1
4905.0 1
5080.0 1
5095.0 1
5169.0 1
5220.0 1
5241.0 1
5267.0 1
5621.0 1
5624.0 1
5796.0 1
5919.0 2
6043.0 1
6127.0 1
6166.0 1
6174.0 1
6204.0 1
6249.0 1
6334.0 1
6580.0 1
6962.0 1
7493.0 1
7723.0 1
7841.0 1
9236.0 1
11014.0 1
11483.0 1
17893.0 1
290798.0 1
392118.0 1
