1.0 102308
2.0 49222
3.0 23110
4.0 15883
5.0 10157
6.0 8223
7.0 5933
8.0 5084
9.0 4253
10.0 3512
11.0 3046
12.0 2727
13.0 2297
14.0 1999
15.0 1802
16.0 1638
17.0 1452
18.0 1329
19.0 1196
20.0 1113
21.0 1013
22.0 938
23.0 852
24.0 798
25.0 787
26.0 696
27.0 656
28.0 585
29.0 579
30.0 546
31.0 524
32.0 526
33.0 449
34.0 443
35.0 401
36.0 408
37.0 394
38.0 411
39.0 331
40.0 317
41.0 321
42.0 313
43.0 285
44.0 302
45.0 288
46.0 253
47.0 250
48.0 212
49.0 241
50.0 239
51.0 207
52.0 198
53.0 177
54.0 171
55.0 176
56.0 173
57.0 197
58.0 160
59.0 173
60.0 136
61.0 157
62.0 135
63.0 141
64.0 158
65.0 128
66.0 106
67.0 122
68.0 117
69.0 109
70.0 108
71.0 112
72.0 107
73.0 106
74.0 108
75.0 90
76.0 78
77.0 74
78.0 87
79.0 75
80.0 76
81.0 77
82.0 89
83.0 89
84.0 89
85.0 83
86.0 88
87.0 68
88.0 54
89.0 63
90.0 67
91.0 56
92.0 78
93.0 54
94.0 52
95.0 77
96.0 54
97.0 57
98.0 59
99.0 45
100.0 70
101.0 51
102.0 56
103.0 47
104.0 51
105.0 49
106.0 37
107.0 54
108.0 42
109.0 43
110.0 34
111.0 48
112.0 45
113.0 51
114.0 44
115.0 32
116.0 41
117.0 30
118.0 34
119.0 34
120.0 27
121.0 38
122.0 40
123.0 34
124.0 46
125.0 22
126.0 29
127.0 39
128.0 43
129.0 31
130.0 22
131.0 28
132.0 37
133.0 35
134.0 33
135.0 34
136.0 28
137.0 19
138.0 27
139.0 23
140.0 24
141.0 24
142.0 19
143.0 30
144.0 31
145.0 24
146.0 22
147.0 16
148.0 29
149.0 23
150.0 26
151.0 31
152.0 17
153.0 25
154.0 22
155.0 23
156.0 19
157.0 25
158.0 15
159.0 23
160.0 21
161.0 21
162.0 17
163.0 21
164.0 19
165.0 17
166.0 18
167.0 15
168.0 23
169.0 15
170.0 22
171.0 19
172.0 12
173.0 17
174.0 13
175.0 16
176.0 13
177.0 19
178.0 24
179.0 18
180.0 12
181.0 13
182.0 10
183.0 14
184.0 16
185.0 12
186.0 25
187.0 17
188.0 16
189.0 16
190.0 14
191.0 14
192.0 10
193.0 14
194.0 18
195.0 12
196.0 21
197.0 14
198.0 16
199.0 8
200.0 13
201.0 13
202.0 17
203.0 8
204.0 14
205.0 10
206.0 17
207.0 9
208.0 11
209.0 16
210.0 12
211.0 7
212.0 8
213.0 5
214.0 20
215.0 6
216.0 13
217.0 6
218.0 9
219.0 7
220.0 5
221.0 11
222.0 8
223.0 13
224.0 10
225.0 8
226.0 9
227.0 9
228.0 10
229.0 9
230.0 12
231.0 10
232.0 12
233.0 15
234.0 10
235.0 8
236.0 6
237.0 15
238.0 5
239.0 6
240.0 4
241.0 11
242.0 7
243.0 8
244.0 8
245.0 10
246.0 12
247.0 8
248.0 7
249.0 4
250.0 6
251.0 10
252.0 4
253.0 8
254.0 11
255.0 7
256.0 11
257.0 6
258.0 7
259.0 8
260.0 5
261.0 8
262.0 6
263.0 11
264.0 6
265.0 4
266.0 6
267.0 6
268.0 7
269.0 8
270.0 5
271.0 5
272.0 6
273.0 3
274.0 8
275.0 6
276.0 9
277.0 8
278.0 5
279.0 5
280.0 6
281.0 5
282.0 7
283.0 4
284.0 3
285.0 7
286.0 4
287.0 5
288.0 7
289.0 5
290.0 3
291.0 4
292.0 8
293.0 11
294.0 7
295.0 6
296.0 5
297.0 7
298.0 5
299.0 5
300.0 7
301.0 11
302.0 4
303.0 3
304.0 8
305.0 2
306.0 4
307.0 6
308.0 2
309.0 5
310.0 2
311.0 6
312.0 5
313.0 6
314.0 4
315.0 2
316.0 3
317.0 6
318.0 3
319.0 3
320.0 8
321.0 3
322.0 2
323.0 5
324.0 4
325.0 1
326.0 4
327.0 4
328.0 7
329.0 5
330.0 3
331.0 3
332.0 2
333.0 9
334.0 2
335.0 3
336.0 4
337.0 2
338.0 2
339.0 6
340.0 7
341.0 5
342.0 5
343.0 5
344.0 6
345.0 4
346.0 3
347.0 3
348.0 3
349.0 5
350.0 5
351.0 3
352.0 6
353.0 4
354.0 6
355.0 8
356.0 6
357.0 3
358.0 6
359.0 3
360.0 4
361.0 6
362.0 2
363.0 3
364.0 5
365.0 5
366.0 10
367.0 4
368.0 3
369.0 4
370.0 3
371.0 3
372.0 3
373.0 5
374.0 4
375.0 6
376.0 3
377.0 9
378.0 6
379.0 1
380.0 5
381.0 4
382.0 4
383.0 3
384.0 5
385.0 1
386.0 1
387.0 2
388.0 6
389.0 3
390.0 3
391.0 2
392.0 3
393.0 3
394.0 1
395.0 3
396.0 4
397.0 4
398.0 6
399.0 5
400.0 4
401.0 6
402.0 3
403.0 7
404.0 1
405.0 2
406.0 1
407.0 3
408.0 3
409.0 3
410.0 2
411.0 4
412.0 4
413.0 3
414.0 2
415.0 3
416.0 2
417.0 3
418.0 4
419.0 2
420.0 8
421.0 4
422.0 2
423.0 2
424.0 3
425.0 1
426.0 5
427.0 7
428.0 3
429.0 2
430.0 2
431.0 2
432.0 2
433.0 1
434.0 4
435.0 3
436.0 3
437.0 3
438.0 8
440.0 4
441.0 5
442.0 3
444.0 1
445.0 2
446.0 4
447.0 3
448.0 1
449.0 1
450.0 2
451.0 3
452.0 4
453.0 3
454.0 2
455.0 5
456.0 4
457.0 3
458.0 1
459.0 4
460.0 1
461.0 2
463.0 2
465.0 4
467.0 1
468.0 1
469.0 4
470.0 1
471.0 1
472.0 1
473.0 1
474.0 5
475.0 1
476.0 2
477.0 1
479.0 2
480.0 2
481.0 1
482.0 1
483.0 6
484.0 3
485.0 2
486.0 3
487.0 1
488.0 2
489.0 1
490.0 3
493.0 1
494.0 1
496.0 2
499.0 3
500.0 5
501.0 1
502.0 1
503.0 2
504.0 4
505.0 4
507.0 2
509.0 1
510.0 1
511.0 4
514.0 2
515.0 1
516.0 2
517.0 1
518.0 1
519.0 3
520.0 2
521.0 1
522.0 1
523.0 2
524.0 1
525.0 1
526.0 4
527.0 1
528.0 2
530.0 3
532.0 3
533.0 1
534.0 3
537.0 1
538.0 2
539.0 2
540.0 1
541.0 1
542.0 1
543.0 4
544.0 1
545.0 3
546.0 1
547.0 2
548.0 1
549.0 2
550.0 1
551.0 1
552.0 1
553.0 1
554.0 1
555.0 1
556.0 2
558.0 2
560.0 1
561.0 2
562.0 4
564.0 2
565.0 1
566.0 1
567.0 1
568.0 2
569.0 2
570.0 2
571.0 2
572.0 1
573.0 1
575.0 1
576.0 1
577.0 2
578.0 4
579.0 3
580.0 1
582.0 1
584.0 1
585.0 2
586.0 5
588.0 1
589.0 1
590.0 1
591.0 1
592.0 1
595.0 3
596.0 4
598.0 2
600.0 1
601.0 1
602.0 1
604.0 1
605.0 2
607.0 2
608.0 1
611.0 1
613.0 2
616.0 1
617.0 2
619.0 2
621.0 1
623.0 2
629.0 2
632.0 2
634.0 2
635.0 3
636.0 1
637.0 2
639.0 1
640.0 3
641.0 2
642.0 1
644.0 2
645.0 1
646.0 1
649.0 1
651.0 1
652.0 1
654.0 1
655.0 1
658.0 3
660.0 1
661.0 1
662.0 2
664.0 1
665.0 1
666.0 2
668.0 1
669.0 2
672.0 1
673.0 1
675.0 3
676.0 2
677.0 2
678.0 1
682.0 1
683.0 1
687.0 1
689.0 2
690.0 1
692.0 1
693.0 1
694.0 1
696.0 3
697.0 1
698.0 1
699.0 5
700.0 1
702.0 4
705.0 2
708.0 1
709.0 1
713.0 2
714.0 1
715.0 1
716.0 1
718.0 1
719.0 1
720.0 1
721.0 2
722.0 1
723.0 1
725.0 1
726.0 1
728.0 1
729.0 1
730.0 1
731.0 2
732.0 3
733.0 1
734.0 2
735.0 2
737.0 1
740.0 1
741.0 1
745.0 1
747.0 1
748.0 1
749.0 1
750.0 2
752.0 1
755.0 1
756.0 1
758.0 2
759.0 1
760.0 2
761.0 2
762.0 1
763.0 1
766.0 3
768.0 1
770.0 3
771.0 2
772.0 2
773.0 1
774.0 2
776.0 1
777.0 1
778.0 2
781.0 1
782.0 1
783.0 1
785.0 1
786.0 1
792.0 1
793.0 1
795.0 1
796.0 1
798.0 1
802.0 1
803.0 1
805.0 1
806.0 2
808.0 3
813.0 1
814.0 1
815.0 1
816.0 1
817.0 1
818.0 1
819.0 1
820.0 2
822.0 1
823.0 1
826.0 2
827.0 3
828.0 2
829.0 2
830.0 1
833.0 1
837.0 1
838.0 1
840.0 2
842.0 2
844.0 1
848.0 1
849.0 1
850.0 1
851.0 1
852.0 1
866.0 1
869.0 2
870.0 1
871.0 2
873.0 1
875.0 1
878.0 1
882.0 2
883.0 1
884.0 3
891.0 1
893.0 1
895.0 1
897.0 1
898.0 3
906.0 1
907.0 1
910.0 1
911.0 1
914.0 1
915.0 1
921.0 1
925.0 1
927.0 1
931.0 1
934.0 1
936.0 1
937.0 1
940.0 2
941.0 2
944.0 1
948.0 1
949.0 1
950.0 2
953.0 1
954.0 1
959.0 2
960.0 1
961.0 3
964.0 2
965.0 1
973.0 1
976.0 1
977.0 1
984.0 1
986.0 1
987.0 2
991.0 1
993.0 1
998.0 2
1001.0 1
1002.0 2
1004.0 1
1005.0 1
1006.0 1
1007.0 3
1015.0 1
1016.0 1
1018.0 1
1025.0 1
1029.0 2
1030.0 2
1031.0 2
1032.0 1
1036.0 1
1037.0 1
1041.0 1
1047.0 2
1050.0 1
1057.0 3
1061.0 1
1066.0 1
1067.0 1
1076.0 1
1078.0 1
1084.0 1
1088.0 1
1093.0 3
1101.0 1
1102.0 2
1106.0 1
1113.0 1
1115.0 2
1125.0 1
1130.0 2
1135.0 1
1139.0 1
1140.0 1
1142.0 1
1147.0 1
1148.0 2
1160.0 1
1161.0 1
1163.0 1
1170.0 1
1174.0 3
1176.0 1
1177.0 2
1180.0 2
1181.0 1
1186.0 2
1189.0 1
1192.0 1
1202.0 1
1212.0 1
1230.0 1
1233.0 1
1235.0 1
1237.0 1
1244.0 1
1245.0 1
1253.0 1
1254.0 1
1255.0 1
1257.0 1
1260.0 1
1261.0 2
1267.0 1
1276.0 1
1278.0 1
1283.0 1
1290.0 1
1294.0 1
1306.0 1
1308.0 1
1309.0 1
1310.0 1
1315.0 1
1316.0 1
1320.0 1
1328.0 1
1330.0 1
1335.0 1
1344.0 1
1361.0 3
1369.0 1
1380.0 1
1393.0 1
1397.0 1
1409.0 1
1411.0 1
1413.0 1
1416.0 1
1418.0 1
1423.0 2
1439.0 1
1441.0 1
1454.0 1
1473.0 1
1477.0 1
1482.0 1
1486.0 1
1493.0 1
1513.0 1
1524.0 1
1526.0 1
1537.0 1
1540.0 1
1547.0 1
1567.0 1
1582.0 1
1587.0 1
1594.0 1
1596.0 1
1600.0 1
1604.0 1
1612.0 1
1619.0 1
1632.0 1
1633.0 1
1644.0 1
1667.0 1
1671.0 1
1677.0 1
1709.0 1
1720.0 1
1727.0 1
1728.0 1
1763.0 1
1778.0 1
1781.0 1
1783.0 1
1785.0 1
1788.0 1
1789.0 1
1800.0 1
1806.0 1
1860.0 1
1861.0 1
1865.0 1
1892.0 1
1896.0 1
1921.0 1
1939.0 1
1948.0 1
1949.0 1
1952.0 1
1954.0 1
1960.0 1
1966.0 1
1978.0 1
1988.0 1
1989.0 1
2000.0 1
2004.0 1
2007.0 1
2012.0 1
2034.0 1
2104.0 1
2120.0 1
2122.0 1
2130.0 1
2143.0 1
2149.0 2
2156.0 1
2165.0 1
2171.0 1
2173.0 1
2205.0 1
2207.0 1
2211.0 1
2224.0 1
2248.0 1
2264.0 1
2271.0 1
2283.0 1
2294.0 1
2360.0 1
2367.0 1
2372.0 1
2377.0 1
2397.0 1
2410.0 1
2420.0 1
2450.0 1
2481.0 1
2540.0 1
2552.0 1
2556.0 1
2570.0 1
2609.0 1
2617.0 1
2623.0 1
2661.0 1
2669.0 1
2699.0 1
2703.0 1
2706.0 1
2753.0 1
2775.0 1
2919.0 2
2921.0 1
2990.0 1
2993.0 1
2999.0 1
3015.0 1
3022.0 1
3107.0 1
3131.0 1
3146.0 1
3159.0 1
3236.0 1
3253.0 2
3327.0 1
3345.0 1
3397.0 1
3424.0 1
3433.0 1
3460.0 1
3664.0 1
3686.0 1
3688.0 1
3791.0 1
3886.0 1
3899.0 1
4008.0 1
4010.0 1
4021.0 1
4088.0 1
4178.0 1
4195.0 1
4493.0 1
4511.0 1
4819.0 1
4846.0 1
4926.0 1
5095.0 1
5144.0 1
5261.0 1
5386.0 1
5657.0 1
5659.0 1
5950.0 1
6341.0 1
6376.0 1
6743.0 1
6908.0 1
7173.0 1
7220.0 1
7527.0 1
8458.0 1
8833.0 1
8922.0 1
10325.0 1
10502.0 1
11336.0 1
11441.0 1
11540.0 1
12026.0 1
12130.0 1
12360.0 1
13208.0 1
13364.0 1
13630.0 1
15756.0 1
20658.0 1
21245.0 1
21632.0 1
23906.0 1
27303.0 1
29031.0 1
29345.0 1
30587.0 1
31510.0 1
32480.0 1
36778.0 1
37850.0 1
39246.0 1
42795.0 1
46989.0 1
51170.0 1
78434.0 1
