1.0 61999
2.0 29613
3.0 18244
4.0 15539
5.0 12575
6.0 11541
7.0 9185
8.0 8481
9.0 6940
10.0 6326
11.0 5390
12.0 5011
13.0 4090
14.0 3869
15.0 3300
16.0 3139
17.0 2799
18.0 2631
19.0 2237
20.0 2169
21.0 1924
22.0 1843
23.0 1649
24.0 1590
25.0 1430
26.0 1408
27.0 1289
28.0 1295
29.0 1150
30.0 1089
31.0 977
32.0 998
33.0 931
34.0 909
35.0 844
36.0 799
37.0 804
38.0 763
39.0 733
40.0 638
41.0 643
42.0 637
43.0 594
44.0 575
45.0 548
46.0 511
47.0 504
48.0 487
49.0 501
50.0 486
51.0 406
52.0 443
53.0 405
54.0 361
55.0 391
56.0 384
57.0 360
58.0 328
59.0 306
60.0 330
61.0 341
62.0 342
63.0 343
64.0 319
65.0 288
66.0 281
67.0 260
68.0 259
69.0 250
70.0 265
71.0 267
72.0 226
73.0 252
74.0 226
75.0 248
76.0 237
77.0 203
78.0 197
79.0 186
80.0 231
81.0 198
82.0 194
83.0 207
84.0 204
85.0 174
86.0 167
87.0 186
88.0 181
89.0 170
90.0 160
91.0 158
92.0 138
93.0 141
94.0 176
95.0 149
96.0 138
97.0 145
98.0 145
99.0 151
100.0 134
101.0 130
102.0 131
103.0 103
104.0 144
105.0 145
106.0 126
107.0 97
108.0 106
109.0 115
110.0 124
111.0 100
112.0 109
113.0 118
114.0 108
115.0 125
116.0 104
117.0 91
118.0 109
119.0 99
120.0 103
121.0 88
122.0 82
123.0 81
124.0 109
125.0 84
126.0 97
127.0 96
128.0 85
129.0 82
130.0 72
131.0 93
132.0 98
133.0 89
134.0 63
135.0 90
136.0 81
137.0 64
138.0 80
139.0 67
140.0 65
141.0 60
142.0 70
143.0 66
144.0 76
145.0 80
146.0 55
147.0 66
148.0 65
149.0 62
150.0 55
151.0 65
152.0 76
153.0 64
154.0 66
155.0 54
156.0 58
157.0 67
158.0 61
159.0 57
160.0 46
161.0 57
162.0 65
163.0 58
164.0 55
165.0 52
166.0 57
167.0 48
168.0 60
169.0 44
170.0 49
171.0 47
172.0 48
173.0 57
174.0 37
175.0 51
176.0 44
177.0 47
178.0 50
179.0 51
180.0 42
181.0 38
182.0 45
183.0 41
184.0 40
185.0 47
186.0 50
187.0 49
188.0 40
189.0 54
190.0 48
191.0 33
192.0 43
193.0 31
194.0 38
195.0 46
196.0 37
197.0 36
198.0 34
199.0 26
200.0 37
201.0 42
202.0 32
203.0 36
204.0 39
205.0 40
206.0 28
207.0 46
208.0 38
209.0 36
210.0 31
211.0 34
212.0 44
213.0 39
214.0 24
215.0 36
216.0 31
217.0 16
218.0 33
219.0 35
220.0 30
221.0 36
222.0 24
223.0 37
224.0 24
225.0 35
226.0 25
227.0 41
228.0 26
229.0 26
230.0 35
231.0 27
232.0 31
233.0 33
234.0 26
235.0 20
236.0 25
237.0 24
238.0 23
239.0 29
240.0 26
241.0 29
242.0 20
243.0 27
244.0 25
245.0 25
246.0 26
247.0 24
248.0 20
249.0 26
250.0 16
251.0 25
252.0 25
253.0 25
254.0 15
255.0 24
256.0 24
257.0 27
258.0 26
259.0 24
260.0 27
261.0 25
262.0 16
263.0 21
264.0 23
265.0 24
266.0 16
267.0 21
268.0 21
269.0 29
270.0 24
271.0 24
272.0 26
273.0 23
274.0 18
275.0 23
276.0 17
277.0 23
278.0 25
279.0 30
280.0 19
281.0 16
282.0 25
283.0 18
284.0 22
285.0 27
286.0 19
287.0 16
288.0 23
289.0 25
290.0 24
291.0 17
292.0 26
293.0 16
294.0 19
295.0 10
296.0 18
297.0 21
298.0 15
299.0 9
300.0 13
301.0 23
302.0 18
303.0 16
304.0 11
305.0 20
306.0 18
307.0 15
308.0 20
309.0 11
310.0 17
311.0 16
312.0 16
313.0 20
314.0 17
315.0 10
316.0 19
317.0 15
318.0 13
319.0 13
320.0 13
321.0 14
322.0 12
323.0 9
324.0 12
325.0 9
326.0 14
327.0 16
328.0 18
329.0 10
330.0 16
331.0 14
332.0 18
333.0 14
334.0 14
335.0 9
336.0 13
337.0 17
338.0 16
339.0 11
340.0 9
341.0 14
342.0 9
343.0 16
344.0 12
345.0 10
346.0 13
347.0 7
348.0 13
349.0 11
350.0 18
351.0 7
352.0 16
353.0 10
354.0 12
355.0 7
356.0 10
357.0 15
358.0 13
359.0 9
360.0 11
361.0 11
362.0 16
363.0 12
364.0 20
365.0 13
366.0 16
367.0 16
368.0 16
369.0 12
370.0 10
371.0 6
372.0 18
373.0 21
374.0 13
375.0 12
376.0 9
377.0 11
378.0 17
379.0 12
380.0 12
381.0 12
382.0 9
383.0 12
384.0 19
385.0 7
386.0 11
387.0 20
388.0 19
389.0 14
390.0 12
391.0 11
392.0 9
393.0 9
394.0 14
395.0 12
396.0 8
397.0 7
398.0 8
399.0 11
400.0 4
401.0 9
402.0 8
403.0 12
404.0 10
405.0 12
406.0 10
407.0 11
408.0 9
409.0 12
410.0 5
411.0 12
412.0 12
413.0 12
414.0 15
415.0 3
416.0 14
417.0 8
418.0 14
419.0 9
420.0 13
421.0 12
422.0 11
423.0 9
424.0 11
425.0 9
426.0 10
427.0 7
428.0 11
429.0 5
430.0 7
431.0 13
432.0 12
433.0 2
434.0 8
435.0 14
436.0 10
437.0 5
438.0 9
439.0 8
440.0 7
441.0 10
442.0 10
443.0 10
444.0 7
445.0 5
446.0 5
447.0 6
448.0 5
449.0 6
450.0 8
451.0 8
452.0 11
453.0 8
454.0 7
455.0 8
456.0 7
457.0 12
458.0 13
459.0 7
460.0 5
461.0 8
462.0 3
463.0 10
464.0 6
465.0 10
466.0 8
467.0 11
468.0 4
469.0 11
470.0 5
471.0 8
472.0 5
473.0 3
474.0 10
475.0 5
476.0 6
477.0 3
478.0 11
479.0 5
480.0 9
481.0 11
482.0 9
483.0 3
484.0 9
485.0 6
486.0 10
487.0 1
488.0 6
489.0 2
490.0 6
491.0 6
492.0 7
493.0 13
494.0 5
495.0 5
496.0 2
497.0 10
498.0 5
499.0 7
500.0 4
501.0 8
502.0 7
503.0 4
504.0 4
505.0 7
506.0 11
507.0 5
508.0 6
509.0 5
510.0 9
511.0 6
512.0 3
513.0 1
514.0 7
515.0 7
516.0 7
517.0 4
518.0 6
519.0 5
520.0 3
521.0 8
522.0 4
523.0 4
524.0 8
525.0 8
526.0 5
527.0 1
528.0 2
529.0 5
530.0 5
531.0 4
532.0 3
533.0 7
534.0 2
535.0 4
536.0 3
537.0 4
538.0 7
539.0 5
540.0 2
541.0 8
542.0 4
543.0 5
544.0 3
545.0 6
546.0 2
547.0 9
548.0 3
549.0 5
550.0 7
551.0 7
552.0 6
553.0 3
554.0 8
555.0 6
556.0 9
557.0 5
558.0 6
559.0 4
560.0 2
561.0 4
562.0 5
563.0 7
564.0 6
565.0 2
566.0 2
567.0 6
568.0 9
569.0 5
570.0 8
571.0 4
572.0 2
573.0 7
574.0 5
575.0 5
576.0 2
577.0 4
578.0 2
579.0 6
580.0 5
581.0 5
582.0 3
583.0 7
584.0 5
585.0 4
586.0 1
587.0 3
588.0 2
589.0 9
590.0 1
591.0 4
592.0 3
593.0 6
594.0 5
595.0 7
596.0 6
597.0 2
598.0 6
599.0 2
600.0 2
602.0 3
603.0 3
604.0 4
605.0 5
606.0 6
607.0 4
608.0 3
609.0 4
610.0 8
611.0 4
612.0 2
613.0 3
614.0 8
615.0 5
616.0 5
617.0 3
618.0 3
619.0 4
620.0 5
621.0 1
622.0 2
623.0 6
624.0 2
625.0 3
626.0 7
627.0 4
628.0 3
629.0 11
630.0 2
631.0 4
632.0 6
633.0 4
634.0 1
635.0 2
636.0 5
637.0 6
638.0 2
639.0 5
640.0 3
641.0 1
642.0 4
643.0 6
644.0 3
645.0 3
646.0 6
647.0 2
648.0 7
649.0 1
650.0 2
651.0 5
652.0 5
653.0 4
654.0 1
655.0 1
656.0 8
657.0 2
658.0 6
659.0 2
660.0 2
661.0 2
662.0 6
663.0 3
664.0 5
665.0 5
666.0 4
667.0 3
668.0 3
669.0 3
670.0 1
671.0 2
672.0 5
674.0 3
675.0 3
676.0 6
677.0 3
678.0 4
679.0 4
680.0 4
681.0 6
682.0 2
683.0 4
684.0 1
685.0 2
686.0 7
687.0 4
688.0 2
689.0 3
690.0 2
691.0 4
692.0 5
693.0 7
694.0 4
695.0 1
696.0 1
697.0 6
698.0 7
699.0 3
700.0 2
701.0 5
703.0 5
704.0 1
705.0 6
706.0 4
707.0 9
708.0 3
709.0 4
710.0 6
711.0 5
712.0 3
713.0 4
714.0 9
715.0 1
716.0 1
717.0 4
718.0 4
719.0 2
720.0 2
721.0 4
722.0 5
723.0 5
724.0 4
725.0 4
726.0 1
727.0 2
728.0 1
729.0 2
730.0 1
731.0 1
732.0 6
733.0 2
734.0 3
735.0 3
736.0 3
737.0 1
738.0 4
739.0 1
740.0 2
741.0 3
743.0 4
744.0 4
745.0 2
746.0 2
747.0 2
748.0 2
749.0 5
750.0 1
751.0 1
752.0 4
753.0 2
754.0 3
755.0 1
756.0 4
757.0 3
759.0 6
760.0 4
761.0 1
762.0 1
763.0 4
764.0 2
765.0 4
766.0 5
768.0 5
769.0 5
770.0 5
771.0 3
773.0 2
774.0 1
776.0 5
777.0 1
778.0 1
780.0 1
781.0 3
782.0 4
783.0 5
784.0 6
785.0 2
787.0 2
788.0 1
789.0 1
790.0 2
791.0 1
792.0 7
793.0 2
794.0 3
795.0 4
796.0 2
797.0 4
798.0 3
799.0 1
801.0 1
802.0 2
803.0 3
804.0 4
805.0 6
806.0 3
809.0 4
810.0 3
811.0 2
812.0 3
813.0 3
814.0 1
815.0 2
816.0 5
817.0 1
818.0 2
819.0 3
820.0 1
821.0 6
822.0 3
823.0 1
824.0 2
826.0 2
827.0 2
828.0 1
829.0 2
830.0 2
831.0 3
832.0 1
833.0 2
834.0 7
835.0 2
836.0 1
837.0 1
838.0 1
839.0 1
840.0 5
841.0 2
842.0 5
843.0 6
844.0 4
845.0 2
846.0 3
847.0 1
848.0 3
849.0 3
850.0 6
851.0 5
852.0 1
853.0 1
854.0 3
855.0 1
856.0 1
857.0 4
858.0 4
859.0 4
860.0 6
861.0 2
862.0 1
864.0 3
865.0 2
866.0 3
867.0 2
868.0 2
869.0 1
870.0 4
871.0 5
872.0 3
874.0 5
875.0 2
878.0 1
879.0 2
880.0 2
881.0 1
882.0 1
883.0 4
884.0 1
885.0 1
887.0 1
889.0 2
890.0 2
891.0 3
892.0 3
893.0 1
894.0 3
896.0 5
897.0 1
899.0 5
900.0 4
901.0 1
902.0 2
903.0 3
904.0 1
905.0 2
906.0 1
907.0 5
909.0 1
911.0 1
912.0 2
914.0 2
915.0 2
916.0 1
917.0 1
918.0 2
919.0 3
920.0 3
921.0 3
923.0 2
924.0 3
925.0 1
926.0 1
927.0 2
928.0 3
929.0 2
930.0 2
931.0 2
932.0 2
933.0 3
934.0 1
936.0 6
937.0 3
939.0 2
942.0 1
943.0 2
945.0 2
946.0 1
947.0 1
948.0 4
949.0 2
951.0 2
952.0 1
954.0 1
955.0 2
956.0 1
957.0 1
958.0 2
959.0 1
960.0 1
962.0 5
963.0 3
964.0 3
965.0 2
966.0 1
967.0 2
968.0 3
969.0 2
970.0 1
971.0 1
972.0 2
973.0 2
974.0 1
975.0 1
976.0 2
977.0 1
978.0 2
979.0 3
980.0 2
981.0 5
984.0 2
985.0 3
986.0 4
987.0 3
988.0 4
989.0 2
990.0 1
991.0 3
992.0 1
993.0 2
994.0 3
995.0 3
996.0 2
997.0 2
998.0 5
999.0 2
1000.0 4
1003.0 2
1004.0 1
1005.0 2
1006.0 5
1011.0 2
1012.0 2
1013.0 1
1016.0 1
1018.0 1
1019.0 1
1020.0 1
1021.0 2
1022.0 3
1023.0 4
1025.0 2
1027.0 4
1028.0 2
1029.0 1
1031.0 2
1032.0 2
1033.0 1
1034.0 2
1035.0 1
1036.0 1
1039.0 1
1040.0 2
1041.0 2
1043.0 1
1044.0 2
1045.0 3
1047.0 2
1048.0 5
1049.0 4
1050.0 2
1051.0 1
1052.0 1
1053.0 6
1054.0 4
1055.0 2
1056.0 2
1057.0 1
1058.0 1
1059.0 1
1060.0 2
1061.0 3
1062.0 1
1063.0 1
1064.0 2
1066.0 1
1067.0 1
1070.0 2
1071.0 4
1073.0 2
1074.0 1
1076.0 2
1078.0 1
1079.0 1
1080.0 1
1083.0 1
1084.0 2
1085.0 1
1086.0 2
1089.0 1
1090.0 4
1092.0 2
1093.0 4
1094.0 4
1095.0 2
1096.0 2
1098.0 1
1099.0 3
1100.0 1
1102.0 2
1104.0 2
1106.0 4
1107.0 2
1108.0 1
1110.0 1
1112.0 2
1113.0 4
1114.0 1
1115.0 2
1116.0 3
1117.0 1
1118.0 1
1119.0 2
1121.0 1
1122.0 4
1123.0 1
1124.0 2
1125.0 1
1129.0 4
1130.0 1
1131.0 1
1132.0 1
1133.0 1
1135.0 4
1136.0 1
1137.0 2
1138.0 2
1142.0 2
1143.0 1
1144.0 1
1146.0 1
1147.0 2
1148.0 1
1149.0 2
1152.0 2
1153.0 2
1155.0 3
1156.0 2
1157.0 3
1159.0 1
1160.0 2
1162.0 1
1164.0 2
1166.0 2
1167.0 1
1168.0 1
1170.0 2
1171.0 2
1172.0 4
1173.0 2
1176.0 1
1177.0 1
1178.0 3
1179.0 1
1180.0 1
1182.0 1
1183.0 3
1185.0 2
1187.0 1
1188.0 2
1189.0 1
1190.0 2
1191.0 5
1195.0 1
1196.0 1
1197.0 2
1199.0 1
1201.0 2
1202.0 2
1204.0 2
1205.0 4
1206.0 1
1208.0 1
1209.0 1
1211.0 1
1212.0 1
1213.0 3
1214.0 1
1217.0 1
1219.0 2
1220.0 5
1223.0 2
1224.0 1
1225.0 1
1227.0 2
1230.0 1
1233.0 1
1234.0 2
1236.0 1
1237.0 3
1238.0 1
1239.0 2
1240.0 2
1241.0 1
1242.0 2
1243.0 1
1245.0 2
1246.0 1
1247.0 1
1248.0 2
1249.0 1
1250.0 1
1252.0 1
1253.0 1
1255.0 2
1256.0 4
1258.0 1
1259.0 1
1260.0 3
1263.0 1
1264.0 1
1265.0 2
1266.0 2
1267.0 2
1268.0 1
1269.0 1
1270.0 1
1273.0 1
1274.0 1
1275.0 1
1276.0 1
1277.0 2
1279.0 2
1280.0 1
1284.0 1
1286.0 1
1287.0 2
1288.0 1
1289.0 2
1290.0 2
1291.0 1
1293.0 2
1294.0 1
1295.0 1
1297.0 1
1298.0 2
1300.0 1
1302.0 1
1303.0 3
1304.0 2
1305.0 1
1306.0 1
1307.0 1
1308.0 1
1309.0 1
1310.0 3
1311.0 2
1312.0 1
1313.0 1
1314.0 1
1315.0 1
1316.0 1
1318.0 2
1322.0 2
1324.0 1
1326.0 2
1330.0 3
1332.0 1
1334.0 1
1336.0 1
1337.0 1
1339.0 1
1341.0 3
1342.0 1
1345.0 1
1346.0 2
1347.0 1
1349.0 2
1351.0 1
1352.0 2
1353.0 1
1355.0 1
1356.0 2
1357.0 1
1358.0 1
1359.0 1
1360.0 1
1362.0 1
1363.0 1
1366.0 1
1367.0 2
1369.0 1
1370.0 2
1371.0 1
1374.0 3
1375.0 2
1380.0 1
1381.0 1
1385.0 3
1386.0 1
1387.0 1
1388.0 1
1389.0 2
1390.0 1
1392.0 1
1394.0 1
1395.0 1
1399.0 3
1402.0 1
1404.0 1
1405.0 1
1406.0 1
1407.0 1
1408.0 2
1409.0 2
1411.0 3
1416.0 1
1419.0 2
1422.0 1
1426.0 1
1427.0 1
1428.0 1
1430.0 2
1431.0 2
1434.0 2
1435.0 1
1436.0 1
1440.0 2
1442.0 1
1443.0 2
1445.0 4
1447.0 1
1448.0 2
1449.0 1
1453.0 2
1455.0 1
1456.0 1
1458.0 1
1460.0 2
1461.0 1
1464.0 5
1465.0 1
1467.0 1
1468.0 2
1469.0 2
1471.0 1
1474.0 1
1476.0 2
1477.0 1
1479.0 1
1480.0 2
1481.0 1
1482.0 2
1483.0 1
1485.0 1
1487.0 1
1488.0 2
1489.0 1
1492.0 3
1493.0 2
1494.0 1
1495.0 1
1497.0 1
1500.0 1
1502.0 1
1503.0 4
1506.0 1
1508.0 2
1509.0 1
1511.0 1
1512.0 1
1513.0 2
1517.0 1
1518.0 1
1519.0 1
1520.0 1
1522.0 2
1527.0 2
1528.0 1
1532.0 3
1535.0 1
1540.0 1
1545.0 1
1546.0 1
1547.0 1
1548.0 2
1551.0 1
1552.0 2
1553.0 1
1555.0 1
1556.0 1
1559.0 1
1562.0 2
1564.0 1
1568.0 1
1569.0 1
1570.0 1
1571.0 2
1574.0 1
1576.0 1
1577.0 1
1579.0 2
1580.0 1
1581.0 1
1582.0 1
1585.0 2
1586.0 1
1587.0 1
1595.0 3
1596.0 1
1601.0 1
1603.0 1
1612.0 2
1614.0 1
1615.0 2
1617.0 2
1618.0 1
1619.0 1
1620.0 1
1621.0 2
1623.0 2
1626.0 3
1627.0 1
1628.0 1
1629.0 2
1631.0 1
1636.0 1
1640.0 1
1644.0 1
1652.0 1
1653.0 2
1656.0 1
1657.0 1
1661.0 1
1672.0 2
1673.0 2
1676.0 1
1680.0 2
1683.0 1
1688.0 1
1691.0 1
1693.0 2
1694.0 1
1699.0 3
1700.0 1
1701.0 1
1705.0 1
1707.0 1
1709.0 1
1710.0 1
1714.0 2
1715.0 1
1716.0 2
1720.0 1
1723.0 1
1725.0 1
1728.0 1
1730.0 2
1731.0 1
1734.0 1
1736.0 1
1737.0 2
1739.0 1
1742.0 1
1744.0 1
1745.0 1
1752.0 3
1757.0 2
1758.0 1
1759.0 1
1761.0 2
1762.0 1
1765.0 1
1769.0 1
1770.0 1
1771.0 2
1774.0 2
1775.0 1
1777.0 1
1782.0 1
1784.0 1
1786.0 1
1787.0 4
1789.0 3
1790.0 1
1791.0 2
1793.0 1
1795.0 1
1797.0 1
1799.0 1
1800.0 1
1801.0 2
1803.0 1
1804.0 1
1805.0 1
1806.0 2
1807.0 1
1809.0 1
1811.0 1
1812.0 1
1817.0 1
1824.0 1
1826.0 1
1827.0 1
1832.0 1
1837.0 1
1838.0 1
1839.0 1
1843.0 2
1844.0 1
1846.0 1
1851.0 1
1853.0 2
1854.0 1
1855.0 1
1856.0 3
1858.0 1
1859.0 1
1861.0 1
1868.0 1
1869.0 1
1873.0 1
1874.0 1
1882.0 2
1883.0 1
1885.0 3
1886.0 1
1888.0 1
1889.0 1
1891.0 1
1892.0 1
1895.0 1
1896.0 1
1902.0 1
1903.0 1
1904.0 1
1906.0 1
1908.0 1
1910.0 1
1915.0 1
1920.0 1
1921.0 1
1926.0 2
1931.0 1
1932.0 1
1933.0 1
1935.0 1
1938.0 1
1939.0 1
1942.0 1
1944.0 1
1947.0 1
1949.0 1
1951.0 1
1954.0 1
1960.0 1
1964.0 1
1969.0 1
1973.0 1
1974.0 1
1975.0 1
1978.0 1
1981.0 1
1982.0 1
1984.0 1
1986.0 2
1990.0 1
1994.0 1
1996.0 1
2001.0 1
2009.0 1
2010.0 1
2011.0 1
2012.0 1
2014.0 1
2021.0 1
2022.0 1
2026.0 1
2027.0 2
2028.0 1
2029.0 1
2034.0 1
2035.0 1
2037.0 1
2039.0 3
2040.0 1
2046.0 1
2051.0 1
2052.0 1
2055.0 1
2063.0 1
2065.0 1
2069.0 1
2070.0 1
2071.0 1
2075.0 1
2076.0 1
2080.0 1
2092.0 1
2094.0 1
2095.0 1
2096.0 1
2097.0 1
2098.0 1
2105.0 1
2116.0 1
2120.0 1
2121.0 2
2124.0 1
2136.0 1
2140.0 1
2141.0 1
2142.0 1
2144.0 1
2148.0 1
2149.0 1
2152.0 1
2153.0 1
2155.0 1
2157.0 2
2159.0 2
2163.0 1
2169.0 1
2170.0 1
2171.0 1
2172.0 1
2173.0 1
2174.0 2
2180.0 2
2185.0 1
2187.0 1
2188.0 1
2191.0 1
2194.0 1
2195.0 1
2201.0 1
2209.0 1
2211.0 1
2212.0 1
2213.0 1
2215.0 1
2216.0 1
2219.0 1
2223.0 1
2232.0 1
2246.0 1
2250.0 1
2253.0 2
2255.0 1
2260.0 1
2264.0 1
2266.0 2
2272.0 1
2274.0 1
2276.0 1
2281.0 2
2283.0 1
2287.0 2
2288.0 1
2289.0 1
2296.0 1
2297.0 1
2304.0 1
2310.0 2
2311.0 1
2314.0 1
2316.0 2
2320.0 1
2334.0 1
2335.0 1
2336.0 1
2338.0 1
2342.0 1
2348.0 1
2349.0 1
2350.0 1
2357.0 1
2362.0 2
2365.0 1
2369.0 1
2373.0 2
2375.0 1
2376.0 1
2378.0 1
2379.0 2
2382.0 1
2385.0 1
2389.0 1
2390.0 1
2392.0 1
2393.0 2
2396.0 1
2397.0 1
2400.0 1
2403.0 1
2405.0 1
2407.0 2
2408.0 1
2412.0 1
2413.0 1
2414.0 1
2418.0 1
2421.0 1
2424.0 1
2435.0 1
2440.0 1
2443.0 1
2444.0 1
2446.0 1
2449.0 2
2464.0 1
2468.0 1
2471.0 1
2475.0 1
2481.0 1
2484.0 1
2487.0 1
2488.0 1
2493.0 1
2494.0 2
2499.0 1
2500.0 1
2501.0 1
2503.0 1
2505.0 2
2507.0 1
2522.0 1
2523.0 1
2533.0 1
2535.0 1
2546.0 1
2548.0 1
2556.0 2
2569.0 1
2583.0 1
2590.0 1
2591.0 1
2597.0 1
2598.0 1
2602.0 1
2604.0 1
2609.0 1
2610.0 1
2613.0 1
2617.0 1
2618.0 1
2619.0 1
2623.0 1
2633.0 2
2634.0 1
2635.0 1
2639.0 1
2646.0 1
2648.0 1
2649.0 1
2655.0 1
2657.0 1
2663.0 1
2672.0 1
2682.0 1
2683.0 1
2688.0 2
2691.0 2
2694.0 1
2703.0 1
2704.0 1
2706.0 1
2714.0 1
2716.0 1
2718.0 1
2723.0 3
2728.0 1
2745.0 1
2746.0 1
2753.0 1
2754.0 1
2759.0 1
2761.0 1
2779.0 1
2780.0 1
2783.0 1
2784.0 1
2800.0 1
2805.0 1
2810.0 2
2817.0 1
2819.0 3
2820.0 2
2822.0 2
2824.0 1
2828.0 2
2837.0 1
2846.0 1
2848.0 1
2854.0 1
2872.0 1
2878.0 1
2882.0 2
2890.0 1
2891.0 1
2909.0 1
2911.0 1
2913.0 1
2915.0 1
2918.0 1
2920.0 1
2921.0 1
2922.0 1
2932.0 1
2935.0 1
2943.0 4
2972.0 1
2979.0 1
2984.0 1
2985.0 1
2993.0 1
2994.0 1
2996.0 1
3006.0 1
3015.0 1
3019.0 1
3020.0 1
3035.0 1
3040.0 1
3041.0 1
3046.0 1
3053.0 1
3059.0 2
3066.0 1
3076.0 2
3077.0 1
3083.0 1
3085.0 1
3090.0 1
3096.0 1
3100.0 1
3102.0 1
3107.0 1
3109.0 1
3111.0 1
3133.0 1
3143.0 1
3144.0 1
3145.0 1
3158.0 1
3181.0 1
3196.0 1
3197.0 1
3225.0 1
3257.0 1
3279.0 2
3287.0 1
3304.0 1
3315.0 1
3319.0 1
3323.0 1
3328.0 1
3330.0 1
3331.0 1
3338.0 1
3341.0 1
3349.0 1
3350.0 1
3355.0 1
3367.0 1
3389.0 1
3395.0 1
3405.0 1
3429.0 1
3437.0 1
3445.0 1
3458.0 1
3470.0 1
3486.0 1
3495.0 2
3502.0 1
3511.0 1
3534.0 1
3539.0 1
3544.0 1
3552.0 1
3608.0 1
3609.0 1
3612.0 1
3619.0 1
3635.0 1
3649.0 1
3661.0 1
3680.0 1
3684.0 2
3713.0 1
3724.0 1
3733.0 1
3741.0 1
3752.0 1
3753.0 1
3792.0 1
3798.0 1
3801.0 1
3804.0 1
3810.0 1
3818.0 1
3822.0 1
3823.0 1
3827.0 2
3832.0 1
3834.0 1
3836.0 1
3840.0 1
3847.0 1
3849.0 1
3850.0 1
3858.0 1
3868.0 1
3879.0 1
3895.0 1
3896.0 1
3900.0 1
3903.0 1
3923.0 1
3932.0 1
3943.0 1
3947.0 1
3948.0 1
3949.0 1
3953.0 1
3955.0 1
3964.0 1
3966.0 1
3985.0 1
3993.0 1
3996.0 1
3999.0 1
4011.0 1
4013.0 1
4014.0 1
4016.0 2
4022.0 1
4023.0 1
4030.0 1
4033.0 1
4072.0 1
4078.0 1
4088.0 1
4092.0 2
4102.0 1
4104.0 1
4144.0 1
4145.0 1
4148.0 1
4159.0 1
4165.0 1
4166.0 1
4167.0 1
4179.0 1
4186.0 1
4188.0 1
4192.0 1
4203.0 1
4215.0 1
4241.0 1
4244.0 1
4274.0 1
4276.0 1
4277.0 1
4292.0 1
4308.0 1
4312.0 1
4313.0 1
4314.0 1
4325.0 1
4345.0 1
4362.0 1
4393.0 1
4394.0 1
4405.0 1
4417.0 1
4420.0 1
4422.0 1
4453.0 1
4463.0 1
4476.0 1
4493.0 1
4495.0 1
4512.0 1
4526.0 2
4539.0 1
4552.0 1
4591.0 1
4594.0 1
4601.0 1
4615.0 1
4618.0 1
4628.0 1
4632.0 1
4663.0 1
4680.0 1
4709.0 1
4711.0 2
4713.0 1
4730.0 2
4747.0 1
4749.0 1
4758.0 1
4762.0 1
4772.0 1
4789.0 1
4791.0 1
4810.0 1
4842.0 1
4863.0 1
4880.0 1
4882.0 1
4890.0 1
4900.0 1
4909.0 1
4921.0 1
4928.0 1
4943.0 1
4952.0 1
4963.0 1
4987.0 1
4990.0 1
5002.0 1
5011.0 1
5018.0 1
5022.0 1
5071.0 1
5082.0 1
5094.0 1
5124.0 1
5165.0 1
5180.0 1
5197.0 1
5223.0 1
5257.0 1
5281.0 1
5292.0 1
5301.0 1
5332.0 1
5338.0 1
5347.0 1
5348.0 1
5422.0 1
5424.0 1
5451.0 1
5468.0 1
5542.0 1
5561.0 1
5572.0 1
5590.0 1
5598.0 1
5601.0 1
5621.0 1
5631.0 1
5770.0 1
5773.0 1
5812.0 1
5818.0 1
5824.0 1
5827.0 1
5832.0 1
5869.0 1
5926.0 1
5942.0 1
5947.0 1
5965.0 1
5992.0 1
6084.0 1
6107.0 1
6109.0 1
6173.0 1
6215.0 1
6217.0 1
6237.0 1
6300.0 1
6322.0 1
6329.0 1
6350.0 1
6363.0 1
6390.0 1
6510.0 1
6521.0 1
6524.0 1
6559.0 1
6582.0 1
6584.0 1
6622.0 1
6643.0 1
6661.0 1
6665.0 1
6739.0 1
6843.0 1
6906.0 1
6966.0 1
6984.0 1
7017.0 1
7056.0 1
7069.0 1
7089.0 1
7107.0 1
7113.0 1
7138.0 1
7150.0 1
7176.0 1
7226.0 1
7262.0 1
7280.0 1
7339.0 1
7402.0 1
7412.0 1
7451.0 1
7578.0 1
7595.0 1
7675.0 1
7730.0 1
7767.0 1
7792.0 1
7846.0 1
7884.0 1
7919.0 1
7930.0 1
7966.0 1
8010.0 1
8066.0 1
8086.0 1
8179.0 1
8191.0 1
8204.0 1
8233.0 1
8276.0 1
8479.0 1
8587.0 1
8641.0 1
8717.0 1
8796.0 1
8887.0 1
8903.0 1
9039.0 1
9241.0 1
9279.0 1
9362.0 1
9376.0 1
9488.0 1
9543.0 1
9605.0 1
9618.0 1
9703.0 1
9781.0 1
9844.0 1
9912.0 1
9955.0 1
10013.0 1
10029.0 1
10031.0 1
10067.0 1
10126.0 1
10144.0 1
10188.0 1
10306.0 1
10384.0 1
10460.0 1
10572.0 1
10599.0 1
10653.0 1
11258.0 1
11291.0 1
11418.0 1
11492.0 1
11724.0 1
11753.0 1
11754.0 1
11945.0 1
12114.0 1
12260.0 1
12393.0 1
12440.0 1
12563.0 1
12783.0 1
12824.0 1
13018.0 1
13182.0 1
13233.0 1
13278.0 1
13495.0 1
13567.0 1
13653.0 1
13997.0 1
14010.0 1
14115.0 1
14234.0 1
14381.0 1
14630.0 1
14835.0 1
15116.0 1
15380.0 1
15542.0 1
15840.0 1
15950.0 1
16355.0 1
16435.0 1
16750.0 1
16918.0 1
17096.0 1
17319.0 1
17963.0 1
18106.0 1
18230.0 1
18308.0 1
18698.0 1
18835.0 1
19054.0 1
20727.0 1
21614.0 1
22424.0 1
22688.0 1
22934.0 1
23000.0 1
23250.0 1
23559.0 1
24282.0 1
24424.0 1
24523.0 1
25999.0 1
30131.0 1
32370.0 1
33558.0 1
34487.0 1
35727.0 1
37722.0 1
39534.0 1
39768.0 1
39924.0 1
40753.0 1
42624.0 1
44211.0 1
45227.0 1
47415.0 1
48363.0 1
48402.0 1
48855.0 1
52067.0 1
52668.0 1
63238.0 1
64561.0 1
68324.0 1
69121.0 1
73324.0 1
105613.0 1
110645.0 1
112703.0 1
113018.0 1
123501.0 1
132090.0 1
137438.0 1
142497.0 1
144072.0 1
145239.0 1
154707.0 1
177677.0 1
179342.0 1
189893.0 1
199896.0 1
