1.0 133876
2.0 45216
3.0 26498
4.0 18647
5.0 14178
6.0 11318
7.0 9090
8.0 7787
9.0 6726
10.0 5850
11.0 5144
12.0 4606
13.0 4215
14.0 3713
15.0 3370
16.0 3223
17.0 2909
18.0 2765
19.0 2488
20.0 2389
21.0 2240
22.0 2184
23.0 1993
24.0 1871
25.0 1816
26.0 1777
27.0 1635
28.0 1522
29.0 1538
30.0 1439
31.0 1316
32.0 1294
33.0 1258
34.0 1160
35.0 1192
36.0 1127
37.0 1075
38.0 1047
39.0 995
40.0 950
41.0 913
42.0 914
43.0 909
44.0 868
45.0 860
46.0 806
47.0 769
48.0 799
49.0 720
50.0 727
51.0 721
52.0 668
53.0 667
54.0 619
55.0 625
56.0 598
57.0 604
58.0 598
59.0 581
60.0 601
61.0 561
62.0 520
63.0 577
64.0 548
65.0 542
66.0 507
67.0 526
68.0 474
69.0 478
70.0 471
71.0 462
72.0 446
73.0 461
74.0 470
75.0 444
76.0 404
77.0 390
78.0 384
79.0 378
80.0 370
81.0 406
82.0 368
83.0 362
84.0 339
85.0 379
86.0 336
87.0 350
88.0 328
89.0 319
90.0 344
91.0 308
92.0 283
93.0 272
94.0 262
95.0 280
96.0 313
97.0 273
98.0 266
99.0 268
100.0 266
101.0 241
102.0 273
103.0 228
104.0 265
105.0 253
106.0 247
107.0 217
108.0 292
109.0 229
110.0 222
111.0 239
112.0 228
113.0 239
114.0 217
115.0 250
116.0 214
117.0 220
118.0 191
119.0 204
120.0 180
121.0 196
122.0 192
123.0 204
124.0 199
125.0 185
126.0 162
127.0 193
128.0 183
129.0 164
130.0 178
131.0 164
132.0 183
133.0 161
134.0 166
135.0 153
136.0 204
137.0 156
138.0 157
139.0 156
140.0 149
141.0 152
142.0 151
143.0 155
144.0 155
145.0 138
146.0 140
147.0 133
148.0 147
149.0 123
150.0 153
151.0 167
152.0 137
153.0 154
154.0 122
155.0 135
156.0 127
157.0 119
158.0 128
159.0 119
160.0 135
161.0 121
162.0 124
163.0 106
164.0 105
165.0 104
166.0 114
167.0 106
168.0 101
169.0 108
170.0 103
171.0 109
172.0 107
173.0 90
174.0 109
175.0 93
176.0 114
177.0 106
178.0 92
179.0 80
180.0 85
181.0 95
182.0 99
183.0 75
184.0 79
185.0 89
186.0 90
187.0 56
188.0 112
189.0 83
190.0 78
191.0 93
192.0 80
193.0 88
194.0 72
195.0 81
196.0 65
197.0 82
198.0 85
199.0 69
200.0 78
201.0 72
202.0 88
203.0 73
204.0 71
205.0 79
206.0 64
207.0 57
208.0 74
209.0 59
210.0 76
211.0 69
212.0 88
213.0 67
214.0 66
215.0 67
216.0 62
217.0 58
218.0 50
219.0 64
220.0 69
221.0 71
222.0 47
223.0 69
224.0 62
225.0 52
226.0 68
227.0 51
228.0 48
229.0 60
230.0 63
231.0 51
232.0 49
233.0 52
234.0 37
235.0 62
236.0 36
237.0 57
238.0 41
239.0 51
240.0 54
241.0 52
242.0 47
243.0 45
244.0 43
245.0 48
246.0 43
247.0 53
248.0 57
249.0 42
250.0 39
251.0 44
252.0 41
253.0 45
254.0 46
255.0 43
256.0 46
257.0 35
258.0 34
259.0 40
260.0 32
261.0 34
262.0 42
263.0 33
264.0 40
265.0 43
266.0 41
267.0 42
268.0 36
269.0 35
270.0 32
271.0 38
272.0 32
273.0 25
274.0 32
275.0 31
276.0 33
277.0 30
278.0 31
279.0 38
280.0 32
281.0 27
282.0 25
283.0 27
284.0 26
285.0 21
286.0 36
287.0 31
288.0 33
289.0 31
290.0 24
291.0 27
292.0 19
293.0 17
294.0 22
295.0 22
296.0 30
297.0 32
298.0 22
299.0 25
300.0 25
301.0 22
302.0 29
303.0 20
304.0 31
305.0 23
306.0 16
307.0 22
308.0 23
309.0 22
310.0 21
311.0 22
312.0 31
313.0 21
314.0 20
315.0 32
316.0 18
317.0 22
318.0 21
319.0 24
320.0 18
321.0 22
322.0 21
323.0 16
324.0 20
325.0 23
326.0 20
327.0 22
328.0 33
329.0 26
330.0 27
331.0 16
332.0 19
333.0 14
334.0 18
335.0 19
336.0 19
337.0 22
338.0 20
339.0 23
340.0 14
341.0 20
342.0 14
343.0 14
344.0 10
345.0 26
346.0 14
347.0 20
348.0 15
349.0 16
350.0 9
351.0 7
352.0 17
353.0 16
354.0 17
355.0 15
356.0 16
357.0 11
358.0 15
359.0 9
360.0 17
361.0 15
362.0 16
363.0 14
364.0 14
365.0 13
366.0 15
367.0 17
368.0 21
369.0 13
370.0 16
371.0 14
372.0 18
373.0 14
374.0 16
375.0 16
376.0 18
377.0 19
378.0 16
379.0 9
380.0 15
381.0 10
382.0 16
383.0 11
384.0 14
385.0 7
386.0 9
387.0 14
388.0 16
389.0 11
390.0 15
391.0 13
392.0 11
393.0 12
394.0 4
395.0 9
396.0 10
397.0 11
398.0 10
399.0 9
400.0 9
401.0 7
402.0 18
403.0 12
404.0 12
405.0 16
406.0 12
407.0 9
408.0 15
409.0 10
410.0 6
411.0 11
412.0 11
413.0 9
414.0 12
415.0 6
416.0 4
417.0 7
418.0 9
419.0 5
420.0 8
421.0 9
422.0 5
423.0 6
424.0 5
425.0 9
426.0 9
427.0 4
428.0 9
429.0 11
430.0 5
431.0 5
432.0 7
433.0 5
434.0 12
435.0 9
436.0 7
437.0 9
438.0 1
439.0 10
440.0 7
441.0 3
442.0 5
443.0 4
444.0 2
445.0 6
446.0 7
447.0 8
448.0 6
449.0 5
450.0 8
451.0 6
452.0 9
453.0 9
454.0 5
455.0 6
456.0 5
457.0 6
458.0 6
459.0 3
460.0 6
461.0 4
462.0 8
463.0 8
464.0 5
465.0 6
466.0 7
467.0 4
468.0 5
469.0 7
471.0 4
472.0 7
473.0 4
474.0 4
475.0 5
476.0 4
477.0 4
478.0 7
479.0 4
480.0 8
481.0 4
482.0 3
483.0 7
484.0 5
485.0 4
486.0 5
487.0 3
488.0 9
489.0 2
490.0 8
491.0 4
492.0 8
493.0 5
494.0 5
495.0 8
496.0 6
497.0 1
498.0 7
499.0 3
500.0 4
501.0 6
502.0 4
503.0 6
504.0 4
505.0 4
506.0 3
507.0 2
508.0 8
509.0 7
510.0 3
511.0 4
512.0 5
513.0 5
514.0 3
515.0 5
516.0 3
517.0 3
518.0 1
519.0 3
520.0 4
521.0 6
522.0 4
523.0 1
524.0 3
525.0 7
526.0 4
527.0 5
529.0 4
530.0 2
531.0 3
532.0 5
533.0 3
534.0 3
535.0 5
536.0 3
537.0 4
538.0 6
539.0 5
540.0 5
541.0 2
543.0 8
544.0 3
545.0 2
546.0 2
547.0 2
548.0 7
549.0 2
551.0 3
552.0 6
553.0 1
555.0 5
557.0 2
558.0 3
559.0 2
560.0 7
561.0 4
562.0 1
564.0 3
565.0 1
567.0 5
568.0 3
569.0 4
570.0 6
571.0 2
572.0 2
573.0 1
574.0 5
575.0 5
576.0 3
577.0 2
579.0 2
580.0 2
581.0 3
582.0 5
583.0 2
584.0 1
585.0 4
586.0 2
587.0 3
588.0 6
589.0 2
590.0 4
591.0 3
592.0 3
593.0 2
595.0 1
596.0 3
597.0 4
598.0 3
599.0 1
600.0 1
601.0 5
602.0 2
604.0 4
605.0 4
606.0 1
607.0 2
608.0 4
609.0 1
610.0 2
612.0 2
613.0 2
614.0 2
615.0 1
616.0 2
617.0 2
618.0 1
619.0 2
620.0 4
621.0 2
623.0 1
626.0 4
627.0 1
628.0 4
629.0 1
631.0 3
632.0 1
633.0 1
635.0 3
636.0 1
638.0 2
639.0 2
640.0 1
641.0 1
642.0 2
643.0 3
644.0 2
645.0 1
646.0 2
647.0 2
648.0 2
650.0 1
652.0 1
653.0 1
654.0 1
655.0 2
656.0 2
657.0 2
658.0 1
661.0 2
663.0 4
664.0 1
665.0 2
666.0 2
667.0 1
669.0 3
671.0 1
672.0 1
673.0 3
674.0 3
675.0 2
676.0 1
678.0 2
679.0 1
680.0 2
681.0 1
682.0 1
683.0 3
684.0 2
685.0 4
686.0 1
687.0 1
688.0 2
689.0 2
691.0 1
692.0 1
693.0 1
696.0 4
697.0 2
700.0 1
701.0 1
704.0 1
710.0 1
711.0 2
712.0 3
713.0 4
716.0 1
717.0 1
719.0 2
721.0 1
722.0 3
723.0 1
724.0 1
727.0 2
730.0 1
732.0 1
734.0 1
736.0 1
737.0 1
738.0 1
742.0 1
744.0 1
746.0 1
747.0 1
748.0 1
751.0 1
753.0 2
755.0 2
756.0 1
757.0 1
758.0 2
760.0 1
761.0 1
766.0 1
769.0 1
770.0 1
771.0 1
772.0 1
773.0 2
774.0 1
775.0 1
777.0 2
778.0 1
780.0 1
783.0 2
784.0 2
785.0 1
786.0 1
788.0 1
789.0 1
793.0 1
794.0 1
797.0 1
801.0 1
802.0 2
806.0 2
807.0 1
811.0 1
814.0 1
815.0 1
816.0 1
817.0 1
819.0 1
820.0 1
826.0 1
827.0 1
829.0 1
833.0 1
834.0 1
835.0 1
836.0 1
839.0 2
840.0 1
843.0 1
844.0 1
846.0 1
849.0 1
852.0 1
854.0 1
861.0 1
867.0 1
870.0 1
873.0 1
881.0 1
884.0 1
886.0 1
887.0 1
890.0 1
892.0 1
896.0 1
906.0 1
909.0 1
910.0 1
915.0 1
918.0 1
928.0 1
931.0 1
935.0 1
938.0 1
942.0 1
944.0 1
952.0 3
957.0 2
959.0 1
963.0 1
966.0 1
973.0 1
975.0 1
984.0 1
986.0 1
987.0 1
995.0 1
1005.0 1
1009.0 1
1011.0 1
1012.0 1
1014.0 1
1023.0 1
1025.0 1
1027.0 1
1033.0 1
1047.0 1
1052.0 1
1056.0 1
1059.0 1
1064.0 1
1073.0 1
1075.0 1
1092.0 1
1102.0 1
1113.0 1
1120.0 1
1127.0 1
1148.0 1
1155.0 1
1167.0 1
1182.0 1
1190.0 1
1205.0 1
1233.0 1
1237.0 1
1240.0 1
1244.0 1
1272.0 1
1277.0 2
1322.0 1
1346.0 1
1359.0 1
1380.0 1
1606.0 1
1633.0 1
1728.0 1
2058.0 1
2084.0 1
2186.0 1
