1.0 25364
2.0 9459
3.0 5813
4.0 4249
5.0 3371
6.0 2813
7.0 2364
8.0 1954
9.0 1712
10.0 1538
11.0 1326
12.0 1222
13.0 1146
14.0 1040
15.0 953
16.0 975
17.0 845
18.0 760
19.0 743
20.0 694
21.0 622
22.0 620
23.0 635
24.0 607
25.0 560
26.0 520
27.0 536
28.0 487
29.0 485
30.0 489
31.0 427
32.0 420
33.0 412
34.0 386
35.0 385
36.0 369
37.0 366
38.0 343
39.0 328
40.0 353
41.0 308
42.0 313
43.0 301
44.0 283
45.0 300
46.0 295
47.0 251
48.0 259
49.0 251
50.0 248
51.0 270
52.0 241
53.0 213
54.0 234
55.0 220
56.0 221
57.0 232
58.0 183
59.0 187
60.0 209
61.0 181
62.0 228
63.0 189
64.0 211
65.0 207
66.0 204
67.0 224
68.0 188
69.0 177
70.0 185
71.0 161
72.0 173
73.0 159
74.0 181
75.0 148
76.0 163
77.0 146
78.0 141
79.0 150
80.0 153
81.0 158
82.0 131
83.0 135
84.0 129
85.0 124
86.0 129
87.0 116
88.0 115
89.0 117
90.0 122
91.0 119
92.0 103
93.0 115
94.0 96
95.0 109
96.0 106
97.0 109
98.0 100
99.0 93
100.0 96
101.0 111
102.0 105
103.0 96
104.0 90
105.0 107
106.0 99
107.0 91
108.0 87
109.0 96
110.0 82
111.0 95
112.0 102
113.0 110
114.0 93
115.0 96
116.0 93
117.0 88
118.0 89
119.0 82
120.0 81
121.0 81
122.0 80
123.0 92
124.0 76
125.0 72
126.0 66
127.0 87
128.0 85
129.0 62
130.0 68
131.0 89
132.0 70
133.0 69
134.0 77
135.0 75
136.0 62
137.0 65
138.0 57
139.0 57
140.0 70
141.0 68
142.0 50
143.0 69
144.0 69
145.0 67
146.0 59
147.0 62
148.0 51
149.0 61
150.0 55
151.0 62
152.0 54
153.0 52
154.0 63
155.0 48
156.0 59
157.0 56
158.0 47
159.0 52
160.0 51
161.0 48
162.0 51
163.0 52
164.0 51
165.0 57
166.0 49
167.0 61
168.0 54
169.0 52
170.0 47
171.0 49
172.0 47
173.0 48
174.0 54
175.0 55
176.0 47
177.0 48
178.0 50
179.0 55
180.0 49
181.0 45
182.0 38
183.0 50
184.0 44
185.0 44
186.0 44
187.0 48
188.0 47
189.0 38
190.0 39
191.0 37
192.0 47
193.0 39
194.0 44
195.0 40
196.0 37
197.0 38
198.0 43
199.0 31
200.0 33
201.0 46
202.0 34
203.0 32
204.0 36
205.0 30
206.0 32
207.0 35
208.0 39
209.0 27
210.0 38
211.0 29
212.0 40
213.0 40
214.0 39
215.0 32
216.0 41
217.0 32
218.0 38
219.0 30
220.0 41
221.0 36
222.0 34
223.0 37
224.0 29
225.0 27
226.0 37
227.0 34
228.0 23
229.0 34
230.0 31
231.0 40
232.0 23
233.0 20
234.0 24
235.0 33
236.0 29
237.0 27
238.0 28
239.0 25
240.0 23
241.0 26
242.0 29
243.0 26
244.0 30
245.0 24
246.0 28
247.0 22
248.0 25
249.0 27
250.0 36
251.0 17
252.0 16
253.0 32
254.0 35
255.0 28
256.0 27
257.0 23
258.0 26
259.0 32
260.0 21
261.0 14
262.0 21
263.0 24
264.0 29
265.0 24
266.0 17
267.0 22
268.0 27
269.0 34
270.0 17
271.0 26
272.0 20
273.0 26
274.0 19
275.0 21
276.0 15
277.0 26
278.0 23
279.0 29
280.0 31
281.0 16
282.0 26
283.0 20
284.0 15
285.0 22
286.0 18
287.0 20
288.0 32
289.0 22
290.0 23
291.0 23
292.0 16
293.0 23
294.0 23
295.0 14
296.0 19
297.0 31
298.0 24
299.0 17
300.0 19
301.0 17
302.0 32
303.0 14
304.0 18
305.0 22
306.0 18
307.0 22
308.0 18
309.0 17
310.0 18
311.0 20
312.0 22
313.0 25
314.0 19
315.0 14
316.0 25
317.0 29
318.0 13
319.0 13
320.0 25
321.0 10
322.0 17
323.0 19
324.0 14
325.0 11
326.0 21
327.0 18
328.0 22
329.0 15
330.0 21
331.0 14
332.0 22
333.0 22
334.0 14
335.0 24
336.0 12
337.0 20
338.0 18
339.0 24
340.0 21
341.0 20
342.0 14
343.0 17
344.0 10
345.0 12
346.0 19
347.0 15
348.0 22
349.0 7
350.0 14
351.0 11
352.0 20
353.0 18
354.0 17
355.0 14
356.0 6
357.0 10
358.0 13
359.0 18
360.0 12
361.0 14
362.0 8
363.0 17
364.0 20
365.0 9
366.0 15
367.0 12
368.0 17
369.0 17
370.0 12
371.0 17
372.0 17
373.0 25
374.0 15
375.0 11
376.0 12
377.0 9
378.0 15
379.0 10
380.0 12
381.0 19
382.0 16
383.0 14
384.0 13
385.0 13
386.0 12
387.0 11
388.0 7
389.0 7
390.0 14
391.0 10
392.0 17
393.0 14
394.0 11
395.0 14
396.0 13
397.0 9
398.0 13
399.0 10
400.0 12
401.0 8
402.0 9
403.0 14
404.0 12
405.0 9
406.0 10
407.0 11
408.0 16
409.0 13
410.0 8
411.0 12
412.0 10
413.0 10
414.0 10
415.0 10
416.0 10
417.0 8
418.0 11
419.0 12
420.0 9
421.0 10
422.0 15
423.0 15
424.0 13
425.0 16
426.0 13
427.0 4
428.0 7
429.0 10
430.0 15
431.0 7
432.0 10
433.0 4
434.0 7
435.0 11
436.0 12
437.0 13
438.0 8
439.0 8
440.0 13
441.0 9
442.0 4
443.0 10
444.0 13
445.0 10
446.0 8
447.0 8
448.0 8
449.0 5
450.0 7
451.0 8
452.0 10
453.0 4
454.0 10
455.0 11
456.0 8
457.0 10
458.0 11
459.0 7
460.0 6
461.0 9
462.0 11
463.0 12
464.0 11
465.0 5
466.0 8
467.0 11
468.0 18
469.0 11
470.0 10
471.0 10
472.0 8
473.0 4
474.0 5
475.0 12
476.0 10
477.0 16
478.0 7
479.0 9
480.0 10
481.0 9
482.0 10
483.0 13
484.0 7
485.0 6
486.0 6
487.0 6
488.0 8
489.0 10
490.0 7
491.0 8
492.0 6
493.0 15
494.0 5
495.0 6
496.0 9
497.0 5
498.0 10
499.0 7
500.0 3
501.0 5
502.0 5
503.0 8
504.0 9
505.0 13
506.0 7
507.0 9
508.0 3
509.0 6
510.0 11
511.0 8
512.0 5
513.0 7
514.0 4
515.0 10
516.0 3
517.0 7
518.0 10
519.0 7
520.0 5
521.0 8
522.0 6
523.0 14
524.0 5
525.0 6
526.0 10
527.0 6
528.0 7
529.0 5
530.0 4
531.0 7
532.0 11
533.0 7
534.0 7
535.0 5
536.0 10
537.0 8
538.0 6
539.0 2
540.0 6
541.0 7
542.0 4
543.0 6
544.0 7
545.0 6
546.0 6
547.0 8
548.0 4
549.0 4
550.0 12
551.0 7
552.0 7
553.0 9
554.0 5
555.0 7
556.0 5
557.0 5
558.0 7
559.0 8
560.0 5
561.0 2
562.0 5
563.0 4
564.0 9
565.0 3
566.0 8
567.0 9
568.0 6
569.0 6
570.0 11
571.0 3
572.0 10
573.0 9
574.0 6
575.0 6
576.0 9
577.0 2
578.0 4
579.0 4
580.0 5
581.0 7
582.0 6
583.0 8
584.0 8
585.0 5
586.0 6
587.0 1
588.0 2
589.0 8
590.0 4
591.0 4
592.0 6
593.0 4
594.0 11
595.0 10
596.0 4
597.0 3
598.0 6
599.0 4
600.0 11
601.0 6
602.0 4
603.0 4
604.0 2
605.0 5
606.0 5
607.0 5
608.0 10
609.0 8
610.0 7
611.0 3
612.0 7
613.0 3
614.0 9
615.0 2
616.0 6
617.0 5
618.0 2
619.0 8
620.0 4
621.0 5
622.0 8
623.0 9
624.0 2
625.0 2
626.0 6
627.0 5
628.0 4
629.0 7
630.0 3
631.0 6
632.0 9
633.0 9
634.0 8
635.0 6
636.0 5
637.0 3
638.0 10
639.0 4
640.0 6
641.0 4
642.0 6
643.0 4
644.0 4
645.0 7
646.0 2
647.0 7
648.0 8
649.0 6
650.0 6
651.0 6
652.0 6
653.0 8
654.0 5
655.0 8
656.0 5
657.0 6
658.0 8
659.0 4
660.0 6
661.0 2
662.0 3
663.0 6
664.0 4
665.0 8
666.0 6
667.0 4
668.0 8
669.0 4
670.0 3
671.0 5
672.0 12
673.0 5
674.0 4
675.0 6
676.0 3
677.0 4
678.0 6
679.0 4
681.0 3
682.0 1
683.0 4
684.0 6
685.0 2
686.0 4
687.0 2
688.0 4
689.0 6
690.0 4
691.0 8
692.0 4
693.0 5
694.0 4
695.0 1
696.0 7
697.0 5
698.0 5
699.0 2
700.0 8
701.0 6
702.0 3
703.0 3
704.0 5
705.0 5
706.0 7
707.0 6
708.0 1
709.0 4
710.0 5
711.0 4
712.0 1
713.0 6
714.0 1
715.0 1
716.0 9
717.0 2
718.0 5
719.0 5
720.0 5
721.0 3
722.0 3
723.0 4
724.0 2
725.0 6
726.0 3
727.0 7
728.0 4
729.0 7
730.0 6
731.0 8
732.0 3
733.0 3
734.0 7
736.0 2
737.0 5
738.0 3
739.0 3
740.0 3
741.0 1
742.0 2
743.0 3
744.0 5
745.0 2
746.0 2
747.0 5
748.0 3
749.0 2
750.0 3
751.0 6
752.0 2
753.0 4
754.0 2
755.0 4
756.0 5
757.0 2
758.0 3
759.0 3
760.0 3
761.0 3
762.0 4
764.0 4
765.0 3
766.0 7
767.0 2
768.0 3
769.0 1
770.0 4
771.0 5
773.0 2
774.0 4
775.0 3
776.0 1
777.0 3
778.0 2
779.0 4
780.0 1
781.0 4
782.0 1
783.0 4
784.0 2
785.0 4
786.0 4
787.0 4
788.0 5
789.0 5
790.0 2
791.0 7
792.0 3
793.0 5
794.0 1
795.0 8
796.0 4
797.0 3
798.0 4
799.0 2
800.0 3
801.0 4
802.0 1
803.0 3
804.0 6
805.0 1
806.0 4
807.0 8
808.0 2
809.0 1
810.0 2
811.0 3
812.0 2
813.0 6
814.0 5
815.0 3
816.0 2
817.0 7
818.0 5
819.0 6
820.0 3
821.0 1
822.0 1
823.0 6
824.0 4
825.0 4
826.0 3
827.0 4
828.0 2
829.0 3
830.0 1
831.0 1
832.0 4
833.0 2
834.0 3
835.0 2
836.0 5
837.0 6
838.0 6
839.0 2
840.0 7
841.0 2
842.0 5
843.0 2
844.0 1
845.0 2
846.0 4
847.0 5
848.0 7
849.0 4
850.0 1
851.0 1
852.0 5
853.0 1
854.0 1
855.0 3
856.0 2
857.0 1
858.0 1
859.0 6
860.0 4
861.0 2
863.0 3
864.0 1
865.0 3
866.0 4
867.0 4
868.0 2
869.0 1
870.0 2
871.0 3
872.0 1
873.0 4
874.0 3
875.0 1
876.0 1
877.0 3
878.0 2
879.0 3
880.0 3
881.0 2
882.0 1
883.0 2
884.0 2
885.0 5
886.0 2
887.0 3
888.0 4
890.0 2
891.0 3
892.0 3
893.0 3
894.0 3
895.0 2
896.0 6
897.0 2
898.0 1
899.0 2
900.0 2
901.0 1
902.0 1
903.0 1
904.0 3
905.0 3
906.0 5
907.0 1
908.0 3
909.0 2
910.0 2
911.0 4
912.0 2
913.0 3
914.0 2
915.0 3
916.0 2
917.0 3
918.0 2
919.0 1
920.0 3
921.0 4
922.0 1
923.0 2
924.0 1
926.0 3
927.0 2
928.0 4
929.0 5
930.0 2
931.0 3
932.0 2
933.0 2
934.0 3
935.0 2
936.0 1
937.0 2
938.0 1
939.0 1
940.0 2
941.0 2
942.0 4
943.0 1
944.0 3
946.0 4
947.0 1
948.0 1
949.0 3
950.0 2
951.0 2
952.0 1
953.0 1
954.0 3
955.0 3
956.0 4
957.0 2
958.0 3
959.0 4
960.0 3
961.0 4
962.0 2
963.0 4
964.0 3
965.0 5
966.0 4
967.0 1
968.0 1
969.0 2
970.0 1
971.0 2
972.0 6
973.0 2
974.0 1
975.0 2
976.0 3
977.0 2
978.0 1
980.0 4
981.0 1
982.0 2
983.0 2
984.0 3
985.0 3
986.0 3
987.0 2
988.0 1
989.0 1
990.0 1
991.0 2
992.0 2
993.0 2
996.0 2
997.0 3
998.0 2
1000.0 3
1001.0 1
1002.0 1
1004.0 3
1005.0 6
1006.0 2
1009.0 2
1010.0 1
1011.0 1
1012.0 2
1013.0 1
1014.0 2
1015.0 4
1016.0 1
1017.0 1
1019.0 2
1020.0 2
1021.0 2
1022.0 3
1023.0 1
1024.0 1
1025.0 2
1027.0 2
1029.0 3
1030.0 2
1031.0 2
1032.0 2
1034.0 2
1035.0 3
1036.0 3
1038.0 3
1039.0 1
1040.0 1
1041.0 4
1042.0 2
1043.0 3
1044.0 1
1045.0 3
1047.0 2
1048.0 2
1050.0 3
1051.0 3
1052.0 2
1053.0 1
1055.0 1
1057.0 4
1058.0 1
1059.0 3
1062.0 1
1063.0 3
1064.0 1
1065.0 3
1066.0 2
1068.0 2
1069.0 1
1071.0 4
1072.0 1
1073.0 1
1074.0 2
1075.0 2
1076.0 1
1077.0 3
1078.0 1
1080.0 4
1081.0 1
1082.0 1
1084.0 2
1085.0 2
1086.0 3
1087.0 2
1088.0 3
1089.0 3
1090.0 1
1091.0 1
1092.0 2
1094.0 2
1095.0 1
1097.0 2
1098.0 2
1100.0 2
1101.0 1
1102.0 4
1103.0 3
1104.0 1
1106.0 2
1107.0 1
1108.0 3
1109.0 2
1110.0 3
1111.0 4
1112.0 2
1113.0 2
1114.0 1
1116.0 3
1117.0 2
1119.0 3
1120.0 1
1121.0 1
1122.0 2
1123.0 1
1124.0 1
1125.0 2
1126.0 1
1127.0 2
1129.0 1
1130.0 3
1131.0 2
1132.0 3
1133.0 3
1135.0 1
1141.0 3
1145.0 1
1146.0 2
1147.0 2
1150.0 1
1152.0 2
1153.0 1
1154.0 1
1155.0 1
1157.0 1
1158.0 1
1159.0 1
1160.0 1
1162.0 1
1163.0 2
1165.0 1
1166.0 1
1167.0 1
1168.0 2
1170.0 5
1171.0 1
1173.0 1
1174.0 1
1176.0 1
1177.0 2
1178.0 1
1179.0 2
1180.0 2
1182.0 1
1183.0 3
1184.0 4
1185.0 2
1187.0 3
1188.0 1
1189.0 1
1190.0 2
1192.0 1
1193.0 2
1194.0 1
1195.0 1
1196.0 1
1199.0 3
1200.0 1
1201.0 1
1202.0 1
1203.0 1
1204.0 1
1206.0 2
1207.0 2
1208.0 1
1209.0 2
1210.0 1
1211.0 1
1212.0 4
1213.0 2
1215.0 1
1216.0 1
1217.0 1
1218.0 1
1220.0 1
1222.0 1
1223.0 4
1224.0 1
1225.0 3
1226.0 5
1227.0 1
1228.0 2
1229.0 4
1230.0 3
1231.0 1
1233.0 1
1234.0 1
1235.0 2
1237.0 1
1238.0 2
1239.0 1
1240.0 1
1241.0 1
1242.0 1
1243.0 3
1244.0 4
1247.0 3
1248.0 1
1249.0 2
1250.0 1
1251.0 2
1253.0 2
1255.0 1
1256.0 5
1257.0 2
1258.0 1
1260.0 2
1261.0 1
1262.0 1
1263.0 2
1265.0 3
1267.0 1
1268.0 1
1269.0 2
1270.0 2
1271.0 2
1272.0 2
1273.0 3
1274.0 3
1275.0 2
1276.0 1
1277.0 1
1278.0 1
1279.0 2
1281.0 3
1282.0 3
1283.0 1
1284.0 2
1286.0 1
1288.0 1
1289.0 3
1290.0 3
1291.0 3
1293.0 1
1300.0 1
1301.0 2
1303.0 2
1305.0 1
1306.0 2
1308.0 1
1309.0 1
1312.0 3
1313.0 2
1317.0 1
1318.0 1
1320.0 1
1321.0 1
1322.0 1
1323.0 1
1324.0 2
1328.0 2
1329.0 3
1330.0 1
1331.0 3
1334.0 1
1336.0 1
1337.0 2
1339.0 1
1340.0 1
1342.0 2
1343.0 2
1346.0 1
1348.0 4
1349.0 1
1353.0 2
1354.0 1
1356.0 1
1357.0 2
1358.0 1
1359.0 1
1361.0 2
1363.0 1
1365.0 1
1368.0 1
1371.0 3
1373.0 1
1374.0 1
1377.0 1
1380.0 2
1381.0 2
1382.0 1
1383.0 3
1385.0 1
1386.0 1
1387.0 1
1388.0 3
1391.0 1
1392.0 2
1393.0 2
1395.0 3
1397.0 4
1401.0 1
1403.0 1
1404.0 2
1407.0 1
1410.0 1
1412.0 1
1413.0 1
1415.0 2
1416.0 1
1423.0 2
1424.0 1
1425.0 1
1426.0 2
1427.0 1
1429.0 1
1430.0 4
1432.0 1
1434.0 2
1435.0 4
1436.0 1
1439.0 1
1442.0 2
1443.0 2
1444.0 1
1445.0 2
1446.0 1
1447.0 2
1448.0 1
1450.0 1
1451.0 1
1453.0 1
1455.0 2
1456.0 1
1458.0 2
1460.0 2
1464.0 1
1465.0 1
1466.0 2
1467.0 1
1468.0 2
1469.0 3
1471.0 1
1472.0 1
1473.0 1
1475.0 3
1477.0 1
1479.0 1
1483.0 1
1484.0 1
1486.0 1
1487.0 1
1488.0 2
1489.0 1
1490.0 1
1491.0 1
1492.0 1
1494.0 1
1495.0 1
1496.0 3
1500.0 2
1502.0 1
1504.0 2
1505.0 2
1506.0 2
1507.0 3
1508.0 1
1510.0 1
1512.0 1
1513.0 1
1515.0 1
1516.0 1
1520.0 1
1521.0 1
1522.0 1
1523.0 1
1524.0 1
1525.0 1
1527.0 1
1529.0 3
1531.0 3
1533.0 1
1536.0 1
1537.0 1
1543.0 2
1546.0 1
1548.0 1
1550.0 1
1555.0 1
1560.0 1
1562.0 1
1563.0 2
1566.0 1
1569.0 1
1571.0 1
1572.0 1
1573.0 1
1574.0 2
1575.0 1
1576.0 1
1577.0 1
1581.0 1
1582.0 1
1583.0 2
1586.0 1
1588.0 2
1594.0 2
1599.0 1
1600.0 1
1605.0 1
1606.0 1
1609.0 1
1611.0 1
1616.0 2
1617.0 1
1618.0 3
1619.0 2
1620.0 1
1622.0 2
1623.0 1
1624.0 1
1625.0 3
1628.0 1
1630.0 1
1631.0 1
1632.0 2
1633.0 1
1634.0 2
1636.0 3
1637.0 2
1638.0 1
1639.0 2
1640.0 2
1641.0 2
1645.0 1
1646.0 1
1647.0 1
1648.0 2
1651.0 1
1653.0 1
1655.0 1
1660.0 3
1662.0 1
1664.0 1
1666.0 2
1669.0 2
1670.0 1
1671.0 1
1673.0 2
1676.0 2
1677.0 1
1682.0 1
1683.0 1
1684.0 1
1685.0 1
1686.0 1
1688.0 2
1689.0 2
1691.0 2
1694.0 1
1695.0 1
1698.0 1
1699.0 1
1701.0 1
1702.0 1
1706.0 1
1707.0 1
1710.0 1
1711.0 1
1712.0 1
1713.0 1
1715.0 1
1717.0 1
1718.0 1
1719.0 1
1722.0 1
1726.0 1
1727.0 1
1729.0 2
1731.0 2
1742.0 1
1745.0 1
1746.0 2
1748.0 1
1751.0 1
1756.0 1
1764.0 1
1765.0 1
1767.0 1
1769.0 1
1770.0 1
1772.0 1
1775.0 1
1776.0 1
1778.0 1
1779.0 1
1780.0 1
1782.0 1
1785.0 1
1789.0 1
1790.0 1
1795.0 3
1797.0 1
1801.0 2
1802.0 1
1804.0 1
1806.0 1
1812.0 1
1813.0 1
1815.0 1
1816.0 1
1820.0 4
1822.0 1
1823.0 1
1828.0 1
1830.0 1
1835.0 1
1838.0 1
1841.0 1
1845.0 3
1846.0 1
1849.0 1
1851.0 2
1856.0 1
1857.0 1
1861.0 2
1862.0 1
1863.0 1
1868.0 1
1872.0 1
1874.0 1
1876.0 1
1883.0 1
1888.0 1
1890.0 1
1895.0 1
1899.0 2
1902.0 2
1914.0 2
1916.0 2
1922.0 1
1924.0 1
1928.0 2
1929.0 2
1932.0 1
1935.0 2
1937.0 1
1940.0 1
1941.0 1
1942.0 1
1943.0 1
1944.0 1
1945.0 2
1946.0 1
1955.0 1
1956.0 1
1960.0 1
1962.0 1
1967.0 2
1973.0 2
1977.0 1
1978.0 1
1979.0 1
1987.0 1
1989.0 3
1996.0 1
1999.0 1
2000.0 1
2001.0 1
2006.0 1
2008.0 1
2010.0 1
2017.0 1
2019.0 1
2023.0 1
2027.0 1
2028.0 1
2030.0 1
2045.0 1
2047.0 1
2048.0 1
2051.0 1
2053.0 1
2054.0 2
2060.0 1
2061.0 1
2062.0 1
2064.0 1
2065.0 1
2070.0 1
2072.0 2
2076.0 3
2080.0 1
2081.0 1
2085.0 1
2102.0 1
2103.0 2
2106.0 1
2107.0 1
2108.0 1
2109.0 1
2111.0 1
2112.0 1
2114.0 1
2119.0 1
2123.0 1
2126.0 1
2134.0 1
2135.0 1
2138.0 1
2139.0 1
2141.0 1
2148.0 1
2151.0 1
2152.0 1
2153.0 3
2155.0 1
2156.0 1
2158.0 1
2160.0 1
2161.0 1
2162.0 2
2174.0 3
2183.0 1
2188.0 1
2189.0 2
2191.0 1
2204.0 1
2206.0 2
2209.0 1
2210.0 1
2216.0 1
2218.0 1
2222.0 1
2226.0 1
2230.0 1
2231.0 1
2232.0 1
2236.0 1
2241.0 1
2243.0 1
2249.0 1
2251.0 1
2252.0 2
2254.0 1
2255.0 1
2259.0 1
2261.0 1
2263.0 1
2264.0 1
2269.0 2
2272.0 1
2283.0 1
2284.0 1
2286.0 3
2292.0 1
2296.0 1
2301.0 1
2304.0 1
2312.0 1
2321.0 1
2339.0 1
2342.0 1
2344.0 1
2348.0 1
2365.0 1
2366.0 1
2370.0 1
2378.0 2
2396.0 1
2399.0 2
2403.0 1
2408.0 1
2411.0 1
2415.0 1
2422.0 1
2427.0 1
2428.0 1
2431.0 1
2434.0 1
2441.0 1
2443.0 1
2447.0 1
2448.0 1
2454.0 2
2463.0 1
2466.0 1
2467.0 1
2470.0 1
2475.0 1
2481.0 1
2486.0 1
2495.0 1
2507.0 1
2520.0 1
2532.0 1
2534.0 1
2537.0 1
2542.0 1
2546.0 1
2550.0 1
2553.0 1
2568.0 1
2569.0 2
2579.0 1
2591.0 1
2593.0 1
2594.0 1
2595.0 3
2607.0 2
2618.0 1
2624.0 2
2627.0 1
2629.0 2
2630.0 1
2636.0 2
2657.0 1
2666.0 1
2672.0 1
2673.0 1
2680.0 1
2681.0 1
2687.0 1
2695.0 2
2709.0 1
2710.0 1
2713.0 1
2741.0 1
2753.0 1
2757.0 1
2768.0 1
2781.0 1
2783.0 1
2784.0 1
2792.0 1
2803.0 1
2808.0 1
2813.0 1
2814.0 1
2821.0 1
2842.0 1
2847.0 2
2860.0 1
2867.0 1
2869.0 2
2870.0 1
2881.0 1
2883.0 1
2894.0 1
2897.0 1
2914.0 1
2918.0 1
2927.0 1
2928.0 1
2930.0 1
2937.0 1
2947.0 1
2951.0 1
2955.0 2
2959.0 1
2961.0 1
2962.0 2
2964.0 1
2973.0 1
2992.0 1
2993.0 1
2995.0 1
2997.0 1
2998.0 1
3024.0 1
3026.0 1
3027.0 1
3031.0 1
3036.0 1
3037.0 1
3039.0 1
3045.0 1
3048.0 1
3066.0 1
3073.0 1
3075.0 1
3076.0 2
3077.0 1
3085.0 1
3097.0 1
3102.0 1
3117.0 1
3128.0 1
3139.0 1
3143.0 1
3144.0 1
3150.0 1
3160.0 1
3165.0 1
3170.0 1
3184.0 1
3187.0 1
3189.0 1
3218.0 1
3223.0 1
3225.0 1
3233.0 1
3237.0 1
3239.0 1
3247.0 1
3250.0 1
3254.0 1
3259.0 1
3275.0 1
3289.0 1
3290.0 1
3304.0 1
3315.0 1
3319.0 1
3320.0 1
3329.0 1
3331.0 1
3340.0 1
3344.0 1
3347.0 1
3351.0 1
3358.0 1
3359.0 2
3376.0 1
3395.0 1
3399.0 1
3419.0 1
3436.0 1
3438.0 1
3440.0 1
3452.0 1
3457.0 1
3465.0 1
3482.0 1
3488.0 2
3526.0 1
3528.0 1
3557.0 1
3561.0 1
3572.0 1
3576.0 1
3582.0 1
3605.0 1
3608.0 1
3609.0 1
3632.0 1
3676.0 1
3699.0 1
3708.0 1
3709.0 1
3729.0 1
3731.0 2
3752.0 1
3766.0 1
3785.0 1
3800.0 1
3814.0 1
3836.0 1
3866.0 1
3867.0 1
3883.0 1
3896.0 1
3928.0 1
3937.0 1
3939.0 1
3963.0 1
3983.0 1
3990.0 1
4019.0 1
4032.0 1
4046.0 1
4056.0 1
4064.0 1
4089.0 1
4093.0 1
4105.0 1
4115.0 1
4123.0 1
4135.0 1
4138.0 1
4188.0 1
4194.0 1
4199.0 1
4202.0 1
4208.0 1
4219.0 1
4232.0 1
4247.0 1
4251.0 1
4252.0 1
4258.0 1
4295.0 1
4320.0 1
4329.0 1
4337.0 1
4338.0 1
4348.0 1
4409.0 1
4478.0 1
4524.0 1
4530.0 1
4533.0 1
4561.0 1
4572.0 1
4585.0 1
4595.0 1
4613.0 1
4670.0 1
4682.0 1
4693.0 1
4699.0 1
4700.0 1
4708.0 1
4716.0 1
4723.0 1
4784.0 1
4822.0 1
4824.0 1
4853.0 1
4857.0 1
4869.0 1
4893.0 1
4919.0 1
4930.0 1
4954.0 1
4967.0 1
5016.0 1
5045.0 1
5077.0 1
5110.0 1
5149.0 1
5156.0 1
5199.0 1
5275.0 1
5356.0 1
5363.0 1
5391.0 1
5405.0 1
5415.0 1
5432.0 1
5473.0 1
5475.0 1
5494.0 1
5532.0 1
5546.0 1
5590.0 1
5601.0 1
5606.0 1
5609.0 1
5617.0 1
5653.0 1
5669.0 1
5698.0 1
5752.0 1
5791.0 1
5799.0 1
5819.0 1
5875.0 1
5932.0 1
6023.0 1
6047.0 1
6057.0 1
6112.0 1
6130.0 1
6261.0 1
6573.0 1
6597.0 1
6669.0 1
6688.0 1
6689.0 1
6692.0 1
6775.0 1
6880.0 1
6942.0 1
6951.0 1
7196.0 1
7220.0 1
7223.0 1
7472.0 1
7495.0 1
7505.0 1
7605.0 1
7669.0 1
7671.0 1
7679.0 1
7698.0 1
7723.0 1
7825.0 1
7826.0 1
7884.0 1
7997.0 1
8065.0 1
8077.0 1
8502.0 1
8651.0 1
8700.0 1
8975.0 1
9047.0 1
9311.0 1
9478.0 1
9828.0 1
9886.0 1
10233.0 1
10441.0 1
10520.0 1
10606.0 1
10651.0 1
10655.0 1
11646.0 1
11837.0 1
13104.0 1
13356.0 1
13456.0 1
13791.0 1
14273.0 1
14533.0 1
14820.0 1
15412.0 1
16146.0 1
17473.0 1
21427.0 1
21567.0 1
22097.0 1
27543.0 1
30310.0 1
34989.0 1
