166.0 3
167.0 3
168.0 1
222.0 1
230.0 1
368.0 1
557.0 1
566.0 1
4072.0 1
4233.0 1
4561.0 1
4584.0 1
4605.0 1
4816.0 1
4855.0 1
4903.0 1
4912.0 1
4956.0 1
5042.0 1
5076.0 1
5090.0 1
5098.0 1
5142.0 1
5333.0 1
5360.0 1
5498.0 1
5509.0 1
5560.0 1
5752.0 1
5969.0 1
5985.0 1
5991.0 1
6003.0 1
6264.0 1
6598.0 1
6662.0 1
6705.0 1
6955.0 1
6986.0 1
7030.0 1
7169.0 1
7196.0 1
7331.0 1
7357.0 1
7486.0 1
7770.0 1
7847.0 1
8341.0 1
8390.0 1
8427.0 1
8440.0 1
8490.0 1
8619.0 1
8816.0 1
8976.0 1
9032.0 1
9056.0 1
9114.0 1
9129.0 1
9136.0 1
9137.0 1
9313.0 1
9329.0 1
9378.0 1
9384.0 1
9619.0 1
9668.0 1
9693.0 1
9727.0 1
9752.0 1
9850.0 1
10139.0 1
10261.0 1
10444.0 1
10460.0 1
10595.0 1
10766.0 1
10789.0 1
10825.0 1
10968.0 1
10983.0 1
11040.0 1
11132.0 1
11267.0 1
11343.0 1
11370.0 1
11602.0 1
11732.0 1
11959.0 1
12274.0 1
12533.0 1
12933.0 1
13076.0 1
14336.0 1
14347.0 1
14398.0 1
14445.0 1
14512.0 1
14582.0 1
14987.0 1
15086.0 1
15595.0 1
15629.0 1
15785.0 1
16012.0 1
16092.0 1
16174.0 1
16510.0 1
16523.0 1
16640.0 1
16715.0 1
16795.0 1
16824.0 1
17068.0 1
18058.0 1
18170.0 1
18378.0 1
19419.0 1
19507.0 1
19791.0 1
20386.0 1
20523.0 1
21821.0 1
22251.0 1
22518.0 1
23101.0 1
25661.0 1
25994.0 1
50692.0 8
