1.0 5291158
2.0 848893
3.0 343794
4.0 190095
5.0 122342
6.0 86304
7.0 64764
8.0 50792
9.0 40662
10.0 33370
11.0 28271
12.0 24052
13.0 20947
14.0 18347
15.0 16440
16.0 14667
17.0 12837
18.0 11691
19.0 10730
20.0 9695
21.0 8880
22.0 8299
23.0 7654
24.0 7142
25.0 6555
26.0 6216
27.0 5578
28.0 5342
29.0 5047
30.0 4805
31.0 4536
32.0 4294
33.0 4008
34.0 3734
35.0 3601
36.0 3428
37.0 3260
38.0 3190
39.0 3008
40.0 2880
41.0 2738
42.0 2656
43.0 2627
44.0 2357
45.0 2247
46.0 2249
47.0 2146
48.0 2086
49.0 1983
50.0 1898
51.0 1895
52.0 1801
53.0 1691
54.0 1695
55.0 1656
56.0 1584
57.0 1539
58.0 1554
59.0 1465
60.0 1418
61.0 1321
62.0 1377
63.0 1298
64.0 1256
65.0 1231
66.0 1164
67.0 1216
68.0 1157
69.0 1099
70.0 1081
71.0 1057
72.0 1026
73.0 968
74.0 970
75.0 938
76.0 950
77.0 922
78.0 868
79.0 838
80.0 831
81.0 854
82.0 779
83.0 850
84.0 745
85.0 732
86.0 741
87.0 740
88.0 708
89.0 714
90.0 690
91.0 667
92.0 688
93.0 642
94.0 633
95.0 592
96.0 613
97.0 601
98.0 595
99.0 544
100.0 552
101.0 557
102.0 521
103.0 532
104.0 518
105.0 532
106.0 547
107.0 510
108.0 504
109.0 514
110.0 466
111.0 457
112.0 470
113.0 465
114.0 421
115.0 444
116.0 462
117.0 456
118.0 429
119.0 401
120.0 362
121.0 434
122.0 418
123.0 367
124.0 386
125.0 422
126.0 379
127.0 360
128.0 350
129.0 376
130.0 350
131.0 386
132.0 386
133.0 333
134.0 322
135.0 309
136.0 334
137.0 322
138.0 320
139.0 321
140.0 300
141.0 314
142.0 299
143.0 284
144.0 298
145.0 307
146.0 275
147.0 297
148.0 284
149.0 280
150.0 281
151.0 270
152.0 294
153.0 322
154.0 308
155.0 289
156.0 241
157.0 265
158.0 263
159.0 243
160.0 235
161.0 226
162.0 231
163.0 236
164.0 238
165.0 207
166.0 239
167.0 207
168.0 254
169.0 227
170.0 198
171.0 243
172.0 215
173.0 221
174.0 205
175.0 209
176.0 206
177.0 238
178.0 200
179.0 194
180.0 198
181.0 211
182.0 202
183.0 203
184.0 198
185.0 189
186.0 163
187.0 175
188.0 182
189.0 164
190.0 165
191.0 194
192.0 185
193.0 178
194.0 184
195.0 202
196.0 178
197.0 141
198.0 178
199.0 164
200.0 148
201.0 165
202.0 155
203.0 158
204.0 158
205.0 174
206.0 154
207.0 176
208.0 151
209.0 157
210.0 153
211.0 150
212.0 174
213.0 134
214.0 174
215.0 144
216.0 146
217.0 146
218.0 126
219.0 144
220.0 146
221.0 153
222.0 165
223.0 130
224.0 136
225.0 140
226.0 128
227.0 137
228.0 138
229.0 136
230.0 126
231.0 120
232.0 125
233.0 111
234.0 122
235.0 126
236.0 131
237.0 132
238.0 118
239.0 127
240.0 135
241.0 119
242.0 120
243.0 117
244.0 130
245.0 129
246.0 117
247.0 127
248.0 126
249.0 123
250.0 105
251.0 125
252.0 104
253.0 91
254.0 89
255.0 116
256.0 101
257.0 106
258.0 107
259.0 112
260.0 109
261.0 103
262.0 97
263.0 107
264.0 95
265.0 83
266.0 106
267.0 115
268.0 110
269.0 97
270.0 93
271.0 109
272.0 101
273.0 111
274.0 95
275.0 101
276.0 96
277.0 90
278.0 98
279.0 81
280.0 73
281.0 99
282.0 98
283.0 105
284.0 82
285.0 90
286.0 95
287.0 104
288.0 100
289.0 85
290.0 84
291.0 73
292.0 86
293.0 75
294.0 105
295.0 86
296.0 87
297.0 96
298.0 85
299.0 69
300.0 85
301.0 83
302.0 86
303.0 86
304.0 96
305.0 76
306.0 76
307.0 63
308.0 88
309.0 104
310.0 82
311.0 77
312.0 72
313.0 70
314.0 75
315.0 73
316.0 73
317.0 93
318.0 88
319.0 71
320.0 64
321.0 84
322.0 75
323.0 68
324.0 79
325.0 70
326.0 71
327.0 68
328.0 74
329.0 64
330.0 74
331.0 73
332.0 89
333.0 68
334.0 77
335.0 57
336.0 66
337.0 59
338.0 74
339.0 72
340.0 68
341.0 71
342.0 88
343.0 69
344.0 80
345.0 54
346.0 61
347.0 77
348.0 72
349.0 70
350.0 66
351.0 72
352.0 59
353.0 62
354.0 52
355.0 72
356.0 70
357.0 65
358.0 63
359.0 64
360.0 67
361.0 55
362.0 63
363.0 47
364.0 54
365.0 45
366.0 61
367.0 61
368.0 45
369.0 54
370.0 63
371.0 55
372.0 45
373.0 58
374.0 61
375.0 62
376.0 51
377.0 62
378.0 58
379.0 49
380.0 59
381.0 57
382.0 59
383.0 59
384.0 55
385.0 44
386.0 53
387.0 47
388.0 44
389.0 56
390.0 50
391.0 56
392.0 58
393.0 48
394.0 61
395.0 57
396.0 49
397.0 50
398.0 47
399.0 71
400.0 51
401.0 46
402.0 52
403.0 43
404.0 42
405.0 61
406.0 44
407.0 43
408.0 43
409.0 49
410.0 58
411.0 62
412.0 40
413.0 47
414.0 53
415.0 45
416.0 48
417.0 52
418.0 43
419.0 38
420.0 30
421.0 46
422.0 45
423.0 37
424.0 48
425.0 43
426.0 45
427.0 37
428.0 48
429.0 38
430.0 44
431.0 44
432.0 45
433.0 40
434.0 40
435.0 37
436.0 50
437.0 60
438.0 55
439.0 57
440.0 36
441.0 52
442.0 36
443.0 32
444.0 43
445.0 32
446.0 36
447.0 48
448.0 32
449.0 33
450.0 44
451.0 36
452.0 38
453.0 38
454.0 43
455.0 49
456.0 36
457.0 33
458.0 32
459.0 47
460.0 34
461.0 36
462.0 36
463.0 35
464.0 35
465.0 42
466.0 49
467.0 32
468.0 38
469.0 35
470.0 30
471.0 39
472.0 29
473.0 32
474.0 45
475.0 39
476.0 44
477.0 35
478.0 27
479.0 37
480.0 34
481.0 37
482.0 41
483.0 33
484.0 32
485.0 37
486.0 31
487.0 32
488.0 34
489.0 32
490.0 30
491.0 31
492.0 33
493.0 28
494.0 34
495.0 28
496.0 33
497.0 30
498.0 44
499.0 38
500.0 43
501.0 27
502.0 26
503.0 27
504.0 35
505.0 34
506.0 39
507.0 27
508.0 34
509.0 37
510.0 27
511.0 29
512.0 29
513.0 30
514.0 34
515.0 26
516.0 39
517.0 26
518.0 32
519.0 27
520.0 21
521.0 30
522.0 32
523.0 23
524.0 25
525.0 21
526.0 28
527.0 33
528.0 31
529.0 44
530.0 41
531.0 37
532.0 27
533.0 19
534.0 37
535.0 24
536.0 25
537.0 36
538.0 50
539.0 28
540.0 26
541.0 32
542.0 28
543.0 24
544.0 25
545.0 25
546.0 28
547.0 30
548.0 25
549.0 23
550.0 28
551.0 22
552.0 39
553.0 23
554.0 33
555.0 27
556.0 25
557.0 26
558.0 33
559.0 25
560.0 22
561.0 34
562.0 31
563.0 32
564.0 32
565.0 22
566.0 34
567.0 25
568.0 24
569.0 32
570.0 22
571.0 21
572.0 24
573.0 17
574.0 22
575.0 26
576.0 28
577.0 24
578.0 27
579.0 33
580.0 25
581.0 28
582.0 10
583.0 24
584.0 24
585.0 21
586.0 23
587.0 22
588.0 29
589.0 25
590.0 30
591.0 31
592.0 34
593.0 17
594.0 28
595.0 20
596.0 22
597.0 34
598.0 21
599.0 20
600.0 22
601.0 17
602.0 23
603.0 27
604.0 23
605.0 18
606.0 28
607.0 20
608.0 28
609.0 25
610.0 15
611.0 26
612.0 24
613.0 39
614.0 23
615.0 22
616.0 25
617.0 18
618.0 23
619.0 27
620.0 20
621.0 30
622.0 20
623.0 20
624.0 21
625.0 27
626.0 33
627.0 18
628.0 19
629.0 24
630.0 16
631.0 27
632.0 22
633.0 17
634.0 18
635.0 22
636.0 25
637.0 20
638.0 21
639.0 23
640.0 25
641.0 25
642.0 18
643.0 19
644.0 13
645.0 17
646.0 23
647.0 33
648.0 20
649.0 26
650.0 22
651.0 14
652.0 30
653.0 19
654.0 27
655.0 26
656.0 21
657.0 24
658.0 25
659.0 23
660.0 27
661.0 28
662.0 19
663.0 19
664.0 15
665.0 18
666.0 21
667.0 18
668.0 19
669.0 19
670.0 23
671.0 17
672.0 18
673.0 22
674.0 17
675.0 20
676.0 16
677.0 22
678.0 29
679.0 21
680.0 17
681.0 21
682.0 25
683.0 20
684.0 16
685.0 17
686.0 23
687.0 15
688.0 20
689.0 16
690.0 13
691.0 15
692.0 14
693.0 21
694.0 12
695.0 21
696.0 24
697.0 26
698.0 23
699.0 13
700.0 22
701.0 17
702.0 20
703.0 19
704.0 16
705.0 24
706.0 10
707.0 16
708.0 15
709.0 13
710.0 21
711.0 13
712.0 9
713.0 13
714.0 22
715.0 25
716.0 15
717.0 23
718.0 17
719.0 18
720.0 20
721.0 16
722.0 17
723.0 14
724.0 19
725.0 24
726.0 19
727.0 12
728.0 14
729.0 16
730.0 14
731.0 23
732.0 25
733.0 20
734.0 20
735.0 22
736.0 20
737.0 12
738.0 19
739.0 21
740.0 9
741.0 15
742.0 16
743.0 10
744.0 10
745.0 15
746.0 7
747.0 17
748.0 9
749.0 23
750.0 18
751.0 21
752.0 15
753.0 15
754.0 17
755.0 18
756.0 15
757.0 23
758.0 12
759.0 14
760.0 14
761.0 19
762.0 14
763.0 13
764.0 15
765.0 21
766.0 14
767.0 17
768.0 24
769.0 11
770.0 14
771.0 14
772.0 17
773.0 14
774.0 16
775.0 16
776.0 17
777.0 19
778.0 10
779.0 18
780.0 20
781.0 11
782.0 25
783.0 12
784.0 17
785.0 10
786.0 17
787.0 11
788.0 9
789.0 12
790.0 21
791.0 14
792.0 8
793.0 14
794.0 17
795.0 16
796.0 11
797.0 12
798.0 10
799.0 18
800.0 10
801.0 7
802.0 11
803.0 11
804.0 15
805.0 14
806.0 12
807.0 16
808.0 19
809.0 14
810.0 14
811.0 16
812.0 11
813.0 16
814.0 11
815.0 17
816.0 15
817.0 18
818.0 10
819.0 15
820.0 18
821.0 13
822.0 13
823.0 14
824.0 14
825.0 16
826.0 10
827.0 10
828.0 14
829.0 12
830.0 18
831.0 11
832.0 14
833.0 11
834.0 13
835.0 18
836.0 15
837.0 14
838.0 11
839.0 9
840.0 8
841.0 16
842.0 11
843.0 12
844.0 7
845.0 13
846.0 10
847.0 17
848.0 15
849.0 12
850.0 12
851.0 17
852.0 18
853.0 12
854.0 11
855.0 20
856.0 13
857.0 18
858.0 10
859.0 7
860.0 13
861.0 12
862.0 17
863.0 18
864.0 12
865.0 6
866.0 15
867.0 13
868.0 6
869.0 16
870.0 12
871.0 12
872.0 8
873.0 12
874.0 14
875.0 14
876.0 10
877.0 10
878.0 8
879.0 9
880.0 11
881.0 17
882.0 12
883.0 12
884.0 14
885.0 15
886.0 12
887.0 8
888.0 10
889.0 8
890.0 9
891.0 10
892.0 19
893.0 15
894.0 14
895.0 8
896.0 9
897.0 9
898.0 7
899.0 13
900.0 7
901.0 13
902.0 13
903.0 5
904.0 7
905.0 15
906.0 12
907.0 11
908.0 8
909.0 9
910.0 12
911.0 7
912.0 11
913.0 18
914.0 11
915.0 9
916.0 15
917.0 3
918.0 11
919.0 9
920.0 15
921.0 7
922.0 7
923.0 10
924.0 10
925.0 11
926.0 13
927.0 13
928.0 8
929.0 11
930.0 20
931.0 13
932.0 8
933.0 8
934.0 14
935.0 13
936.0 14
937.0 7
938.0 10
939.0 14
940.0 8
941.0 18
942.0 11
943.0 4
944.0 14
945.0 16
946.0 6
947.0 13
948.0 7
949.0 15
950.0 14
951.0 8
952.0 13
953.0 9
954.0 11
955.0 8
956.0 10
957.0 8
958.0 7
959.0 11
960.0 12
961.0 12
962.0 7
963.0 9
964.0 16
965.0 7
966.0 17
967.0 5
968.0 13
969.0 6
970.0 10
971.0 13
972.0 9
973.0 15
974.0 12
975.0 14
976.0 8
977.0 12
978.0 12
979.0 6
980.0 13
981.0 9
982.0 6
983.0 10
984.0 12
985.0 11
986.0 10
987.0 9
988.0 9
989.0 5
990.0 11
991.0 14
992.0 11
993.0 11
994.0 8
995.0 12
996.0 4
997.0 8
998.0 5
999.0 8
1000.0 14
1001.0 12
1002.0 10
1003.0 13
1004.0 14
1005.0 14
1006.0 9
1007.0 12
1008.0 12
1009.0 13
1010.0 5
1011.0 17
1012.0 11
1013.0 12
1014.0 5
1015.0 14
1016.0 8
1017.0 5
1018.0 10
1019.0 17
1020.0 12
1021.0 7
1022.0 7
1023.0 10
1024.0 10
1025.0 5
1026.0 9
1027.0 10
1028.0 7
1029.0 10
1030.0 13
1031.0 6
1032.0 10
1033.0 10
1034.0 4
1035.0 12
1036.0 14
1037.0 8
1038.0 11
1039.0 13
1040.0 12
1041.0 11
1042.0 12
1043.0 9
1044.0 13
1045.0 9
1046.0 12
1047.0 13
1048.0 9
1049.0 13
1050.0 10
1051.0 11
1052.0 11
1053.0 6
1054.0 9
1055.0 5
1056.0 6
1057.0 4
1058.0 14
1059.0 5
1060.0 9
1061.0 3
1062.0 5
1063.0 5
1064.0 9
1065.0 6
1066.0 11
1067.0 11
1068.0 10
1069.0 3
1070.0 8
1071.0 12
1072.0 6
1073.0 10
1074.0 9
1075.0 12
1076.0 6
1077.0 9
1078.0 13
1079.0 13
1080.0 7
1081.0 10
1082.0 5
1083.0 8
1084.0 10
1085.0 12
1086.0 10
1087.0 6
1088.0 9
1089.0 3
1090.0 8
1091.0 11
1092.0 18
1093.0 10
1094.0 9
1095.0 12
1096.0 6
1097.0 2
1098.0 14
1099.0 4
1100.0 13
1101.0 11
1102.0 8
1103.0 11
1104.0 4
1105.0 8
1106.0 14
1107.0 5
1108.0 9
1109.0 11
1110.0 7
1111.0 7
1112.0 11
1113.0 7
1114.0 5
1115.0 4
1116.0 11
1117.0 5
1118.0 7
1119.0 7
1120.0 11
1121.0 12
1122.0 8
1123.0 9
1124.0 6
1125.0 7
1126.0 11
1127.0 4
1128.0 7
1129.0 9
1130.0 7
1131.0 9
1132.0 7
1133.0 13
1134.0 5
1135.0 8
1136.0 9
1137.0 8
1138.0 4
1139.0 3
1140.0 4
1141.0 5
1142.0 4
1143.0 6
1144.0 11
1145.0 7
1146.0 8
1147.0 3
1148.0 10
1149.0 8
1150.0 8
1151.0 6
1152.0 10
1153.0 10
1154.0 8
1155.0 9
1156.0 11
1157.0 10
1158.0 4
1159.0 5
1160.0 6
1161.0 9
1162.0 9
1163.0 13
1164.0 7
1165.0 11
1166.0 4
1167.0 4
1168.0 4
1169.0 7
1170.0 7
1171.0 3
1172.0 6
1173.0 7
1174.0 7
1175.0 6
1176.0 9
1177.0 6
1178.0 8
1179.0 7
1180.0 7
1181.0 11
1182.0 4
1183.0 6
1184.0 6
1185.0 10
1186.0 8
1187.0 6
1188.0 8
1189.0 3
1190.0 10
1191.0 7
1192.0 3
1193.0 5
1194.0 3
1195.0 5
1196.0 7
1197.0 1
1198.0 8
1199.0 9
1200.0 6
1201.0 9
1202.0 2
1203.0 5
1204.0 5
1205.0 11
1206.0 8
1207.0 9
1208.0 6
1209.0 9
1210.0 11
1211.0 10
1212.0 5
1213.0 6
1214.0 12
1215.0 6
1216.0 8
1217.0 6
1218.0 10
1219.0 2
1220.0 9
1221.0 14
1222.0 7
1223.0 5
1224.0 6
1225.0 6
1226.0 3
1227.0 8
1228.0 7
1229.0 5
1230.0 8
1231.0 7
1232.0 5
1233.0 2
1234.0 9
1235.0 10
1236.0 5
1237.0 4
1238.0 7
1239.0 6
1240.0 11
1241.0 8
1242.0 8
1243.0 13
1244.0 3
1245.0 4
1246.0 7
1247.0 10
1248.0 6
1249.0 7
1250.0 7
1251.0 4
1252.0 4
1253.0 7
1254.0 8
1255.0 6
1256.0 5
1257.0 6
1258.0 5
1259.0 9
1260.0 8
1261.0 5
1262.0 4
1263.0 4
1264.0 5
1265.0 10
1266.0 5
1267.0 8
1268.0 8
1269.0 10
1270.0 4
1271.0 12
1272.0 16
1273.0 10
1274.0 3
1275.0 3
1276.0 7
1277.0 16
1278.0 6
1279.0 6
1280.0 6
1281.0 8
1282.0 7
1283.0 5
1284.0 7
1285.0 8
1286.0 10
1287.0 7
1288.0 4
1289.0 10
1290.0 7
1291.0 11
1292.0 11
1293.0 11
1294.0 7
1295.0 6
1296.0 6
1297.0 3
1298.0 6
1299.0 11
1300.0 8
1301.0 2
1302.0 2
1303.0 5
1304.0 6
1305.0 4
1306.0 7
1307.0 3
1308.0 6
1309.0 6
1310.0 8
1311.0 7
1312.0 11
1313.0 3
1314.0 4
1315.0 6
1316.0 2
1317.0 9
1318.0 2
1319.0 7
1320.0 6
1321.0 11
1322.0 6
1323.0 5
1324.0 9
1325.0 5
1326.0 1
1327.0 3
1328.0 7
1329.0 1
1330.0 9
1331.0 4
1332.0 8
1333.0 4
1334.0 7
1335.0 5
1336.0 14
1337.0 9
1338.0 4
1339.0 9
1340.0 6
1341.0 3
1342.0 6
1343.0 3
1344.0 5
1345.0 1
1346.0 1
1347.0 8
1348.0 11
1349.0 6
1350.0 5
1351.0 6
1352.0 5
1353.0 4
1354.0 9
1355.0 8
1356.0 9
1357.0 7
1358.0 9
1359.0 3
1360.0 7
1361.0 5
1362.0 3
1363.0 9
1364.0 7
1365.0 5
1366.0 2
1367.0 11
1368.0 5
1369.0 9
1370.0 4
1371.0 6
1372.0 10
1373.0 5
1374.0 3
1375.0 7
1376.0 9
1377.0 5
1378.0 7
1379.0 1
1380.0 6
1381.0 5
1382.0 8
1383.0 3
1384.0 6
1385.0 5
1386.0 6
1387.0 2
1388.0 8
1389.0 8
1390.0 7
1391.0 6
1392.0 7
1393.0 8
1394.0 2
1395.0 6
1396.0 4
1397.0 11
1398.0 4
1399.0 4
1400.0 5
1401.0 4
1402.0 5
1403.0 9
1404.0 8
1405.0 9
1406.0 13
1407.0 10
1408.0 4
1409.0 2
1410.0 3
1411.0 6
1412.0 1
1413.0 5
1414.0 7
1415.0 7
1416.0 4
1417.0 4
1418.0 3
1419.0 3
1420.0 6
1421.0 5
1422.0 4
1423.0 8
1424.0 2
1425.0 7
1426.0 3
1427.0 8
1428.0 8
1429.0 4
1430.0 5
1431.0 5
1432.0 5
1433.0 7
1434.0 6
1435.0 5
1436.0 6
1437.0 2
1438.0 6
1439.0 7
1440.0 4
1441.0 4
1442.0 5
1443.0 1
1444.0 9
1445.0 3
1446.0 6
1447.0 2
1448.0 3
1449.0 3
1450.0 2
1451.0 3
1452.0 3
1453.0 6
1454.0 3
1455.0 4
1456.0 4
1457.0 5
1458.0 3
1459.0 5
1460.0 2
1461.0 6
1462.0 2
1463.0 9
1464.0 9
1465.0 3
1466.0 7
1467.0 6
1468.0 6
1469.0 8
1470.0 6
1471.0 8
1472.0 4
1474.0 8
1475.0 2
1476.0 7
1477.0 4
1478.0 4
1479.0 2
1480.0 11
1481.0 2
1482.0 5
1483.0 5
1484.0 1
1485.0 4
1486.0 3
1487.0 4
1488.0 7
1489.0 3
1490.0 6
1491.0 2
1492.0 8
1493.0 7
1494.0 10
1495.0 3
1496.0 8
1497.0 8
1498.0 4
1499.0 5
1500.0 3
1501.0 5
1502.0 6
1503.0 5
1504.0 7
1505.0 3
1506.0 4
1507.0 3
1508.0 6
1509.0 6
1510.0 4
1511.0 3
1512.0 6
1513.0 3
1514.0 5
1515.0 4
1516.0 7
1517.0 2
1518.0 7
1519.0 8
1520.0 2
1521.0 5
1522.0 3
1523.0 10
1524.0 7
1525.0 3
1526.0 2
1527.0 6
1528.0 4
1529.0 1
1530.0 5
1531.0 3
1532.0 4
1533.0 2
1534.0 4
1535.0 3
1536.0 4
1537.0 5
1538.0 5
1539.0 4
1540.0 2
1541.0 2
1542.0 6
1543.0 5
1544.0 8
1545.0 8
1546.0 3
1547.0 5
1548.0 3
1549.0 5
1550.0 3
1551.0 4
1552.0 3
1553.0 4
1554.0 4
1555.0 5
1556.0 4
1557.0 2
1558.0 6
1559.0 5
1560.0 7
1561.0 5
1562.0 3
1563.0 5
1564.0 6
1565.0 1
1566.0 3
1567.0 8
1568.0 4
1569.0 4
1570.0 3
1571.0 6
1572.0 4
1573.0 4
1574.0 1
1575.0 4
1576.0 3
1577.0 4
1578.0 3
1579.0 3
1580.0 3
1581.0 4
1582.0 5
1583.0 5
1584.0 2
1585.0 4
1586.0 8
1587.0 8
1588.0 5
1589.0 3
1590.0 6
1591.0 5
1592.0 4
1593.0 8
1594.0 2
1595.0 4
1596.0 4
1597.0 7
1598.0 7
1599.0 2
1600.0 9
1601.0 4
1602.0 1
1603.0 1
1604.0 5
1605.0 2
1606.0 4
1607.0 1
1608.0 2
1609.0 4
1610.0 1
1611.0 4
1612.0 9
1613.0 8
1614.0 5
1615.0 1
1616.0 8
1617.0 7
1618.0 5
1619.0 6
1620.0 3
1621.0 9
1622.0 3
1623.0 9
1624.0 2
1625.0 3
1626.0 6
1628.0 2
1629.0 3
1630.0 6
1631.0 5
1632.0 6
1634.0 6
1635.0 5
1636.0 7
1637.0 3
1638.0 6
1639.0 3
1640.0 3
1641.0 3
1642.0 4
1643.0 6
1644.0 6
1645.0 5
1646.0 5
1647.0 4
1648.0 2
1649.0 2
1650.0 7
1651.0 5
1652.0 3
1653.0 5
1654.0 2
1655.0 6
1656.0 6
1657.0 2
1658.0 4
1659.0 2
1660.0 4
1661.0 3
1662.0 5
1663.0 6
1664.0 3
1665.0 3
1666.0 2
1667.0 1
1668.0 2
1669.0 7
1670.0 2
1671.0 2
1672.0 2
1673.0 3
1674.0 6
1675.0 7
1676.0 6
1677.0 2
1678.0 6
1679.0 1
1680.0 4
1681.0 4
1682.0 4
1683.0 6
1684.0 3
1685.0 2
1686.0 4
1687.0 4
1688.0 4
1689.0 5
1690.0 4
1691.0 2
1692.0 6
1693.0 7
1694.0 2
1695.0 5
1696.0 2
1697.0 2
1698.0 1
1699.0 3
1700.0 3
1701.0 4
1702.0 3
1703.0 5
1705.0 5
1706.0 3
1707.0 5
1708.0 2
1709.0 1
1710.0 2
1711.0 2
1712.0 7
1714.0 2
1715.0 5
1716.0 2
1717.0 2
1718.0 4
1719.0 2
1720.0 5
1721.0 2
1722.0 3
1723.0 2
1724.0 4
1725.0 2
1726.0 2
1727.0 2
1728.0 4
1729.0 2
1730.0 2
1731.0 6
1732.0 2
1733.0 5
1734.0 8
1735.0 6
1736.0 5
1737.0 5
1738.0 2
1739.0 3
1740.0 2
1741.0 2
1742.0 1
1743.0 5
1744.0 2
1745.0 6
1746.0 3
1747.0 6
1748.0 6
1749.0 4
1750.0 5
1751.0 4
1752.0 3
1753.0 2
1754.0 4
1755.0 6
1756.0 3
1757.0 1
1758.0 2
1759.0 3
1760.0 4
1761.0 4
1763.0 5
1764.0 9
1765.0 4
1766.0 3
1767.0 4
1768.0 2
1769.0 5
1770.0 3
1771.0 1
1772.0 4
1774.0 3
1775.0 5
1776.0 3
1777.0 1
1778.0 3
1779.0 6
1780.0 4
1781.0 3
1782.0 3
1783.0 6
1784.0 5
1785.0 2
1786.0 3
1787.0 6
1789.0 4
1790.0 3
1791.0 3
1792.0 4
1793.0 3
1794.0 5
1795.0 10
1796.0 7
1797.0 2
1798.0 4
1799.0 3
1800.0 2
1801.0 2
1802.0 2
1803.0 3
1804.0 4
1805.0 3
1806.0 1
1807.0 3
1808.0 2
1810.0 3
1811.0 7
1812.0 3
1813.0 5
1814.0 5
1815.0 1
1816.0 2
1817.0 1
1818.0 1
1819.0 2
1820.0 3
1821.0 1
1822.0 3
1823.0 1
1824.0 5
1825.0 3
1826.0 3
1827.0 3
1828.0 3
1829.0 4
1830.0 4
1831.0 1
1832.0 3
1833.0 1
1834.0 8
1835.0 5
1836.0 7
1837.0 2
1838.0 3
1839.0 4
1840.0 3
1841.0 2
1842.0 6
1844.0 3
1845.0 5
1846.0 1
1847.0 4
1848.0 4
1849.0 3
1850.0 2
1851.0 2
1852.0 5
1853.0 7
1854.0 4
1855.0 6
1856.0 2
1858.0 4
1859.0 4
1860.0 4
1861.0 5
1862.0 3
1863.0 3
1864.0 2
1865.0 2
1866.0 3
1867.0 4
1868.0 5
1869.0 2
1870.0 7
1871.0 4
1872.0 3
1873.0 3
1874.0 2
1875.0 4
1876.0 3
1877.0 1
1878.0 5
1879.0 2
1880.0 2
1881.0 3
1882.0 8
1883.0 1
1884.0 2
1885.0 2
1886.0 2
1887.0 4
1888.0 2
1889.0 1
1890.0 2
1891.0 4
1893.0 4
1894.0 6
1895.0 5
1896.0 2
1897.0 1
1898.0 3
1899.0 4
1900.0 6
1901.0 2
1902.0 4
1903.0 1
1904.0 4
1905.0 2
1906.0 1
1907.0 6
1908.0 3
1909.0 3
1910.0 1
1911.0 2
1912.0 1
1913.0 3
1914.0 1
1915.0 5
1916.0 4
1917.0 2
1918.0 2
1919.0 6
1920.0 3
1921.0 5
1922.0 2
1923.0 2
1924.0 2
1925.0 2
1926.0 5
1927.0 2
1928.0 1
1929.0 2
1930.0 5
1931.0 1
1932.0 3
1933.0 6
1934.0 1
1935.0 4
1936.0 1
1937.0 2
1938.0 3
1939.0 7
1940.0 4
1941.0 5
1942.0 3
1943.0 2
1944.0 1
1945.0 4
1946.0 1
1947.0 4
1948.0 5
1949.0 4
1950.0 2
1951.0 2
1952.0 4
1954.0 3
1955.0 3
1956.0 4
1957.0 6
1958.0 2
1959.0 1
1960.0 4
1961.0 1
1962.0 5
1963.0 6
1964.0 3
1965.0 3
1966.0 3
1967.0 2
1968.0 5
1969.0 3
1970.0 2
1971.0 3
1972.0 2
1973.0 4
1974.0 5
1975.0 7
1976.0 3
1977.0 5
1978.0 4
1979.0 3
1980.0 4
1981.0 4
1982.0 1
1983.0 4
1984.0 5
1985.0 3
1986.0 1
1987.0 3
1988.0 2
1989.0 1
1990.0 2
1991.0 2
1992.0 4
1993.0 1
1994.0 1
1995.0 6
1996.0 3
1997.0 2
1998.0 3
1999.0 7
2000.0 2
2001.0 3
2002.0 6
2003.0 2
2004.0 4
2005.0 2
2006.0 1
2007.0 2
2009.0 6
2011.0 2
2012.0 5
2013.0 8
2014.0 1
2015.0 2
2016.0 3
2017.0 1
2018.0 2
2019.0 5
2020.0 2
2021.0 4
2022.0 3
2023.0 6
2024.0 1
2025.0 1
2026.0 3
2027.0 2
2028.0 5
2029.0 2
2030.0 3
2032.0 3
2033.0 3
2034.0 1
2035.0 2
2036.0 2
2037.0 6
2038.0 3
2039.0 4
2040.0 1
2041.0 5
2042.0 7
2043.0 3
2044.0 3
2045.0 3
2046.0 2
2047.0 1
2048.0 6
2049.0 5
2050.0 2
2051.0 1
2052.0 2
2053.0 2
2054.0 1
2055.0 2
2056.0 4
2057.0 3
2058.0 2
2059.0 2
2060.0 2
2061.0 5
2062.0 5
2063.0 1
2064.0 3
2065.0 3
2066.0 3
2067.0 4
2069.0 1
2070.0 3
2071.0 1
2072.0 1
2073.0 1
2074.0 4
2075.0 3
2076.0 2
2077.0 3
2078.0 1
2079.0 1
2080.0 1
2081.0 5
2082.0 4
2083.0 4
2084.0 3
2085.0 2
2086.0 2
2087.0 1
2089.0 4
2090.0 2
2092.0 8
2093.0 1
2094.0 2
2095.0 3
2097.0 2
2098.0 3
2099.0 2
2100.0 3
2101.0 2
2102.0 5
2103.0 2
2104.0 3
2105.0 2
2106.0 2
2107.0 1
2108.0 2
2109.0 3
2110.0 3
2111.0 2
2112.0 1
2113.0 2
2114.0 4
2115.0 5
2116.0 2
2117.0 1
2118.0 3
2119.0 1
2120.0 3
2121.0 2
2122.0 4
2123.0 7
2124.0 1
2125.0 2
2126.0 3
2127.0 1
2129.0 4
2130.0 3
2131.0 2
2132.0 2
2133.0 2
2134.0 3
2135.0 3
2136.0 2
2137.0 3
2138.0 5
2139.0 4
2140.0 2
2141.0 1
2142.0 3
2143.0 3
2144.0 2
2145.0 5
2146.0 7
2147.0 3
2148.0 2
2149.0 5
2150.0 1
2151.0 3
2152.0 3
2153.0 4
2154.0 4
2155.0 5
2156.0 3
2158.0 8
2159.0 3
2161.0 3
2162.0 3
2163.0 2
2164.0 2
2165.0 3
2166.0 3
2168.0 3
2169.0 4
2170.0 1
2171.0 4
2172.0 3
2173.0 5
2174.0 3
2175.0 3
2176.0 2
2177.0 2
2178.0 1
2179.0 4
2181.0 2
2182.0 1
2183.0 2
2184.0 2
2185.0 3
2186.0 3
2187.0 5
2188.0 4
2189.0 1
2190.0 1
2191.0 4
2192.0 2
2193.0 3
2194.0 4
2195.0 1
2196.0 3
2197.0 1
2198.0 3
2199.0 8
2200.0 3
2201.0 3
2202.0 3
2203.0 3
2204.0 2
2205.0 1
2206.0 2
2208.0 2
2209.0 1
2210.0 4
2211.0 1
2212.0 2
2213.0 1
2214.0 4
2215.0 5
2216.0 1
2217.0 3
2218.0 7
2219.0 4
2220.0 1
2221.0 1
2222.0 1
2223.0 5
2224.0 2
2225.0 3
2226.0 4
2227.0 4
2228.0 3
2230.0 2
2231.0 4
2232.0 2
2233.0 5
2234.0 2
2235.0 1
2236.0 4
2237.0 3
2238.0 1
2239.0 1
2240.0 3
2241.0 2
2242.0 1
2243.0 3
2244.0 3
2245.0 1
2246.0 2
2247.0 2
2249.0 1
2250.0 3
2251.0 2
2253.0 4
2254.0 5
2255.0 4
2256.0 4
2257.0 3
2258.0 1
2259.0 3
2260.0 3
2262.0 2
2263.0 3
2264.0 2
2265.0 1
2266.0 3
2267.0 2
2268.0 6
2269.0 1
2270.0 4
2271.0 2
2272.0 2
2273.0 2
2274.0 6
2275.0 4
2276.0 1
2277.0 2
2278.0 3
2279.0 2
2280.0 2
2281.0 2
2282.0 5
2283.0 6
2284.0 2
2285.0 3
2286.0 1
2287.0 1
2288.0 1
2289.0 2
2290.0 1
2291.0 4
2293.0 2
2294.0 3
2296.0 3
2297.0 1
2298.0 1
2299.0 3
2300.0 2
2301.0 2
2302.0 1
2303.0 6
2304.0 2
2305.0 3
2306.0 6
2307.0 2
2308.0 2
2310.0 3
2311.0 3
2312.0 3
2313.0 4
2314.0 4
2315.0 1
2316.0 1
2317.0 1
2319.0 2
2320.0 2
2321.0 2
2323.0 4
2324.0 2
2325.0 1
2326.0 4
2327.0 5
2328.0 4
2329.0 4
2330.0 1
2331.0 5
2332.0 1
2333.0 1
2335.0 1
2336.0 1
2338.0 3
2339.0 3
2340.0 4
2341.0 2
2342.0 1
2343.0 4
2344.0 3
2345.0 1
2346.0 4
2347.0 1
2348.0 3
2349.0 3
2351.0 4
2353.0 2
2354.0 2
2355.0 3
2356.0 3
2357.0 3
2358.0 1
2359.0 1
2360.0 2
2361.0 6
2362.0 6
2363.0 2
2365.0 2
2367.0 1
2368.0 2
2369.0 4
2370.0 4
2371.0 2
2372.0 3
2373.0 2
2374.0 1
2375.0 2
2377.0 2
2378.0 4
2379.0 3
2380.0 1
2381.0 2
2382.0 4
2383.0 4
2384.0 2
2385.0 5
2386.0 1
2387.0 1
2388.0 5
2389.0 1
2390.0 1
2392.0 4
2394.0 1
2395.0 2
2396.0 1
2397.0 2
2398.0 1
2399.0 3
2401.0 4
2402.0 1
2403.0 2
2406.0 1
2407.0 6
2408.0 4
2410.0 3
2411.0 2
2412.0 1
2413.0 1
2414.0 2
2415.0 3
2417.0 2
2418.0 3
2419.0 2
2420.0 2
2421.0 2
2422.0 2
2423.0 5
2424.0 1
2425.0 2
2426.0 6
2427.0 2
2428.0 2
2429.0 1
2430.0 3
2431.0 1
2432.0 2
2433.0 1
2434.0 4
2435.0 1
2436.0 2
2437.0 2
2438.0 2
2439.0 2
2440.0 3
2441.0 4
2442.0 3
2443.0 4
2444.0 3
2445.0 1
2446.0 1
2447.0 4
2448.0 3
2449.0 4
2450.0 1
2451.0 2
2452.0 1
2453.0 5
2454.0 2
2455.0 2
2456.0 1
2458.0 3
2459.0 2
2460.0 2
2461.0 2
2462.0 2
2463.0 5
2464.0 3
2465.0 1
2466.0 1
2467.0 4
2468.0 1
2469.0 3
2470.0 1
2473.0 1
2474.0 1
2475.0 3
2476.0 4
2477.0 3
2478.0 2
2479.0 6
2480.0 4
2481.0 2
2482.0 2
2483.0 2
2485.0 2
2486.0 6
2487.0 1
2488.0 1
2489.0 4
2490.0 3
2492.0 1
2493.0 1
2495.0 1
2496.0 2
2497.0 3
2498.0 1
2499.0 1
2500.0 2
2501.0 5
2502.0 1
2503.0 1
2505.0 2
2506.0 2
2507.0 1
2508.0 1
2509.0 3
2510.0 4
2511.0 6
2512.0 1
2514.0 2
2515.0 1
2516.0 1
2519.0 1
2520.0 1
2521.0 2
2522.0 3
2523.0 1
2524.0 1
2525.0 4
2526.0 1
2528.0 2
2529.0 2
2532.0 2
2533.0 3
2534.0 1
2536.0 3
2537.0 1
2538.0 1
2539.0 1
2541.0 1
2542.0 4
2543.0 1
2545.0 3
2546.0 1
2547.0 2
2548.0 1
2549.0 1
2550.0 2
2551.0 2
2553.0 1
2554.0 2
2555.0 2
2556.0 1
2559.0 3
2560.0 1
2561.0 2
2562.0 2
2563.0 2
2564.0 4
2565.0 1
2566.0 2
2567.0 3
2568.0 1
2570.0 1
2573.0 1
2574.0 1
2575.0 2
2576.0 4
2578.0 3
2579.0 1
2581.0 4
2583.0 2
2584.0 2
2586.0 2
2587.0 1
2588.0 3
2589.0 4
2591.0 4
2592.0 1
2593.0 1
2594.0 1
2596.0 3
2597.0 2
2599.0 3
2600.0 2
2601.0 1
2602.0 1
2603.0 2
2604.0 2
2605.0 1
2607.0 1
2608.0 2
2609.0 2
2610.0 2
2612.0 1
2616.0 1
2617.0 3
2618.0 2
2619.0 2
2620.0 2
2622.0 3
2623.0 2
2624.0 2
2625.0 4
2626.0 4
2627.0 1
2628.0 4
2629.0 4
2631.0 3
2633.0 2
2634.0 2
2635.0 3
2637.0 2
2638.0 1
2639.0 2
2640.0 3
2646.0 1
2647.0 1
2648.0 2
2649.0 2
2650.0 3
2651.0 3
2652.0 1
2653.0 1
2654.0 3
2655.0 2
2656.0 2
2657.0 4
2658.0 1
2659.0 1
2660.0 2
2661.0 2
2663.0 4
2664.0 3
2665.0 1
2666.0 1
2667.0 1
2668.0 1
2669.0 2
2671.0 2
2672.0 1
2673.0 2
2674.0 2
2675.0 1
2676.0 1
2678.0 1
2679.0 1
2681.0 1
2682.0 1
2683.0 2
2685.0 1
2686.0 3
2688.0 4
2689.0 2
2690.0 1
2692.0 1
2693.0 1
2697.0 2
2698.0 1
2702.0 2
2703.0 4
2704.0 1
2705.0 2
2708.0 1
2709.0 2
2710.0 1
2711.0 2
2713.0 1
2715.0 4
2716.0 1
2717.0 2
2718.0 2
2719.0 1
2720.0 2
2721.0 5
2722.0 1
2723.0 1
2724.0 1
2725.0 1
2726.0 3
2728.0 2
2729.0 1
2730.0 2
2731.0 2
2732.0 2
2733.0 1
2734.0 2
2735.0 2
2736.0 2
2737.0 1
2738.0 1
2739.0 1
2740.0 2
2741.0 4
2742.0 4
2743.0 1
2744.0 1
2747.0 4
2748.0 1
2750.0 1
2751.0 3
2752.0 1
2753.0 2
2755.0 6
2756.0 2
2758.0 2
2759.0 3
2760.0 1
2761.0 2
2762.0 1
2763.0 1
2764.0 4
2765.0 2
2766.0 1
2768.0 5
2769.0 1
2770.0 1
2771.0 1
2772.0 2
2774.0 1
2775.0 2
2776.0 1
2777.0 1
2778.0 2
2779.0 5
2781.0 1
2783.0 3
2784.0 2
2785.0 2
2786.0 1
2787.0 1
2789.0 5
2790.0 3
2791.0 1
2792.0 1
2794.0 2
2796.0 1
2797.0 2
2799.0 1
2800.0 1
2801.0 1
2802.0 1
2803.0 1
2804.0 3
2805.0 5
2806.0 3
2807.0 1
2808.0 2
2809.0 2
2810.0 3
2812.0 1
2813.0 2
2814.0 2
2817.0 2
2819.0 1
2820.0 2
2821.0 1
2822.0 4
2824.0 4
2825.0 4
2826.0 3
2828.0 2
2829.0 2
2830.0 1
2831.0 1
2832.0 2
2833.0 2
2835.0 1
2837.0 1
2838.0 3
2842.0 1
2843.0 2
2844.0 1
2845.0 2
2848.0 1
2850.0 2
2851.0 1
2853.0 3
2854.0 1
2855.0 1
2856.0 1
2857.0 2
2858.0 2
2859.0 2
2862.0 2
2863.0 3
2864.0 2
2865.0 1
2866.0 1
2867.0 5
2868.0 1
2869.0 1
2871.0 2
2873.0 1
2874.0 2
2876.0 1
2877.0 3
2878.0 2
2881.0 4
2882.0 2
2883.0 3
2884.0 3
2885.0 2
2887.0 1
2889.0 5
2891.0 1
2892.0 3
2893.0 3
2895.0 1
2897.0 1
2898.0 3
2899.0 1
2900.0 2
2901.0 1
2903.0 2
2904.0 1
2906.0 2
2907.0 3
2909.0 2
2910.0 1
2911.0 1
2912.0 1
2913.0 4
2914.0 3
2915.0 1
2916.0 2
2917.0 2
2918.0 4
2919.0 1
2921.0 1
2922.0 1
2923.0 3
2926.0 2
2927.0 3
2928.0 1
2929.0 2
2930.0 3
2932.0 4
2933.0 3
2935.0 1
2936.0 1
2937.0 3
2938.0 1
2939.0 2
2940.0 2
2942.0 4
2943.0 1
2944.0 3
2946.0 2
2948.0 1
2950.0 2
2951.0 2
2952.0 1
2954.0 2
2955.0 3
2956.0 2
2957.0 3
2959.0 2
2960.0 3
2961.0 2
2965.0 1
2966.0 1
2967.0 1
2971.0 2
2972.0 2
2973.0 1
2974.0 1
2975.0 2
2976.0 3
2979.0 2
2980.0 1
2981.0 2
2983.0 3
2984.0 4
2985.0 1
2986.0 1
2987.0 2
2988.0 1
2989.0 2
2990.0 2
2991.0 1
2993.0 1
2994.0 2
2995.0 1
2996.0 2
2997.0 1
2999.0 2
3000.0 2
3001.0 1
3002.0 1
3003.0 2
3004.0 4
3005.0 1
3006.0 1
3008.0 1
3009.0 1
3011.0 1
3012.0 1
3013.0 1
3014.0 3
3015.0 1
3016.0 1
3017.0 1
3018.0 3
3019.0 1
3020.0 1
3021.0 3
3023.0 1
3024.0 1
3026.0 1
3027.0 2
3028.0 1
3029.0 1
3030.0 3
3035.0 1
3036.0 1
3038.0 3
3040.0 1
3041.0 3
3042.0 3
3043.0 1
3046.0 1
3048.0 1
3049.0 1
3050.0 1
3052.0 2
3054.0 1
3055.0 1
3058.0 1
3059.0 1
3060.0 1
3061.0 3
3062.0 3
3063.0 1
3064.0 1
3066.0 1
3069.0 1
3072.0 1
3073.0 2
3075.0 3
3076.0 1
3077.0 3
3078.0 2
3080.0 1
3083.0 2
3084.0 2
3085.0 2
3087.0 1
3089.0 1
3090.0 1
3091.0 1
3092.0 1
3093.0 1
3094.0 2
3095.0 2
3096.0 1
3097.0 1
3098.0 2
3099.0 2
3100.0 1
3102.0 2
3105.0 3
3108.0 3
3112.0 1
3114.0 1
3115.0 1
3116.0 1
3117.0 1
3118.0 3
3119.0 2
3120.0 2
3121.0 2
3122.0 1
3123.0 1
3124.0 2
3125.0 2
3126.0 1
3129.0 4
3130.0 2
3131.0 1
3132.0 1
3133.0 2
3134.0 2
3136.0 3
3137.0 3
3138.0 1
3140.0 2
3141.0 2
3144.0 1
3145.0 3
3146.0 1
3147.0 1
3150.0 2
3152.0 1
3154.0 1
3155.0 2
3156.0 2
3158.0 1
3160.0 3
3161.0 2
3162.0 2
3163.0 1
3164.0 1
3165.0 3
3166.0 1
3167.0 3
3168.0 1
3169.0 2
3171.0 1
3175.0 1
3176.0 1
3177.0 1
3178.0 1
3179.0 1
3180.0 2
3181.0 1
3183.0 1
3186.0 2
3187.0 2
3188.0 1
3189.0 2
3191.0 1
3192.0 1
3193.0 1
3195.0 1
3196.0 3
3199.0 1
3200.0 2
3201.0 1
3202.0 2
3203.0 4
3204.0 2
3205.0 1
3206.0 1
3209.0 1
3210.0 2
3211.0 2
3213.0 1
3215.0 1
3216.0 1
3217.0 3
3218.0 1
3220.0 1
3221.0 2
3222.0 1
3223.0 4
3224.0 4
3226.0 2
3229.0 1
3230.0 1
3231.0 1
3232.0 3
3234.0 2
3235.0 2
3236.0 2
3237.0 1
3238.0 1
3240.0 1
3241.0 1
3242.0 3
3243.0 1
3245.0 1
3246.0 1
3247.0 1
3248.0 1
3249.0 3
3250.0 1
3251.0 1
3252.0 1
3253.0 1
3254.0 2
3255.0 1
3257.0 2
3258.0 1
3260.0 1
3261.0 1
3267.0 1
3270.0 2
3272.0 1
3274.0 1
3275.0 1
3276.0 1
3277.0 4
3278.0 2
3279.0 2
3280.0 1
3282.0 3
3283.0 1
3284.0 1
3289.0 2
3290.0 3
3291.0 1
3292.0 2
3293.0 1
3295.0 2
3299.0 1
3300.0 2
3303.0 1
3304.0 1
3305.0 2
3308.0 1
3310.0 1
3312.0 1
3313.0 3
3314.0 2
3315.0 2
3316.0 1
3317.0 1
3321.0 1
3322.0 1
3325.0 2
3327.0 1
3328.0 1
3329.0 1
3330.0 1
3331.0 2
3336.0 2
3337.0 1
3338.0 1
3339.0 1
3340.0 3
3341.0 1
3343.0 2
3345.0 2
3346.0 1
3347.0 1
3348.0 1
3349.0 3
3351.0 1
3352.0 1
3353.0 1
3360.0 2
3363.0 4
3365.0 2
3367.0 1
3368.0 1
3369.0 2
3370.0 2
3372.0 1
3373.0 1
3375.0 3
3376.0 1
3377.0 1
3378.0 3
3379.0 4
3380.0 1
3381.0 1
3383.0 1
3384.0 2
3385.0 2
3386.0 3
3387.0 1
3388.0 1
3389.0 1
3390.0 1
3391.0 2
3392.0 1
3393.0 1
3396.0 2
3398.0 1
3400.0 2
3401.0 1
3402.0 1
3407.0 3
3408.0 1
3409.0 2
3410.0 1
3411.0 1
3412.0 1
3413.0 1
3414.0 3
3416.0 1
3417.0 1
3418.0 1
3419.0 1
3420.0 1
3421.0 3
3422.0 1
3423.0 1
3424.0 2
3426.0 2
3427.0 2
3428.0 2
3429.0 1
3433.0 2
3437.0 1
3439.0 1
3441.0 1
3442.0 1
3443.0 2
3445.0 2
3447.0 2
3449.0 1
3450.0 1
3451.0 2
3454.0 1
3455.0 1
3456.0 2
3457.0 1
3459.0 1
3460.0 1
3461.0 1
3463.0 1
3464.0 2
3466.0 1
3467.0 2
3468.0 1
3470.0 1
3471.0 1
3473.0 1
3474.0 1
3475.0 2
3476.0 1
3477.0 1
3478.0 1
3480.0 2
3481.0 2
3482.0 3
3483.0 3
3484.0 1
3485.0 3
3487.0 1
3488.0 1
3489.0 2
3490.0 1
3493.0 2
3494.0 1
3499.0 1
3500.0 1
3501.0 1
3502.0 2
3503.0 1
3504.0 1
3505.0 1
3506.0 1
3509.0 3
3511.0 1
3512.0 1
3513.0 2
3516.0 3
3517.0 1
3519.0 2
3520.0 3
3521.0 2
3523.0 1
3524.0 1
3525.0 1
3526.0 1
3530.0 3
3531.0 1
3532.0 1
3533.0 2
3534.0 1
3535.0 3
3536.0 2
3537.0 1
3538.0 2
3540.0 1
3542.0 1
3543.0 1
3544.0 1
3545.0 1
3546.0 2
3547.0 1
3548.0 3
3550.0 2
3551.0 2
3552.0 1
3555.0 1
3556.0 2
3557.0 1
3560.0 1
3561.0 1
3562.0 2
3564.0 1
3565.0 2
3566.0 1
3568.0 1
3569.0 1
3571.0 1
3573.0 1
3576.0 1
3577.0 1
3578.0 1
3579.0 1
3580.0 2
3581.0 3
3583.0 1
3584.0 1
3586.0 1
3587.0 1
3588.0 2
3589.0 1
3590.0 1
3591.0 2
3592.0 2
3593.0 1
3594.0 1
3602.0 1
3605.0 1
3607.0 1
3608.0 2
3609.0 1
3610.0 1
3612.0 1
3614.0 2
3616.0 1
3617.0 2
3618.0 1
3620.0 2
3621.0 1
3623.0 1
3624.0 2
3626.0 1
3628.0 2
3630.0 1
3631.0 1
3632.0 2
3634.0 2
3637.0 1
3641.0 2
3643.0 3
3647.0 1
3648.0 2
3649.0 1
3650.0 1
3651.0 1
3652.0 2
3656.0 2
3659.0 2
3660.0 2
3661.0 1
3662.0 2
3666.0 1
3667.0 1
3668.0 5
3671.0 1
3672.0 1
3674.0 1
3675.0 1
3676.0 2
3677.0 3
3678.0 1
3680.0 1
3681.0 1
3682.0 1
3683.0 1
3686.0 2
3690.0 2
3691.0 2
3692.0 1
3694.0 3
3695.0 1
3696.0 1
3698.0 1
3701.0 1
3703.0 1
3706.0 1
3707.0 1
3708.0 1
3710.0 1
3713.0 1
3714.0 3
3715.0 2
3716.0 2
3717.0 2
3718.0 1
3719.0 3
3720.0 1
3722.0 2
3726.0 1
3728.0 5
3730.0 1
3731.0 1
3735.0 1
3737.0 1
3738.0 2
3740.0 2
3741.0 2
3744.0 1
3746.0 1
3747.0 1
3748.0 2
3751.0 1
3752.0 2
3754.0 1
3755.0 1
3756.0 1
3757.0 1
3758.0 2
3759.0 1
3760.0 1
3761.0 2
3764.0 1
3766.0 1
3768.0 1
3769.0 2
3771.0 1
3773.0 3
3777.0 2
3779.0 1
3780.0 2
3782.0 1
3784.0 4
3786.0 2
3788.0 1
3790.0 2
3793.0 1
3794.0 1
3795.0 2
3796.0 1
3800.0 2
3803.0 3
3804.0 3
3807.0 1
3811.0 2
3812.0 2
3814.0 2
3815.0 1
3816.0 1
3817.0 1
3819.0 1
3820.0 1
3821.0 1
3822.0 1
3823.0 1
3824.0 1
3825.0 1
3826.0 1
3827.0 3
3828.0 1
3829.0 2
3831.0 1
3834.0 1
3837.0 2
3838.0 1
3839.0 1
3840.0 3
3841.0 1
3842.0 1
3845.0 1
3846.0 1
3847.0 1
3851.0 1
3853.0 1
3858.0 1
3859.0 1
3862.0 2
3863.0 1
3868.0 2
3869.0 1
3870.0 1
3871.0 2
3872.0 1
3875.0 1
3876.0 2
3878.0 1
3879.0 1
3880.0 1
3881.0 1
3882.0 1
3885.0 1
3887.0 1
3888.0 1
3890.0 1
3891.0 1
3893.0 3
3897.0 1
3898.0 1
3901.0 1
3904.0 1
3905.0 2
3906.0 2
3908.0 2
3911.0 3
3912.0 2
3914.0 2
3915.0 3
3919.0 2
3920.0 2
3921.0 2
3922.0 2
3923.0 1
3927.0 1
3929.0 2
3930.0 1
3931.0 4
3932.0 1
3934.0 2
3935.0 3
3945.0 1
3948.0 1
3949.0 2
3951.0 1
3952.0 1
3953.0 1
3954.0 1
3957.0 1
3958.0 2
3959.0 1
3962.0 1
3966.0 1
3967.0 1
3968.0 1
3973.0 3
3977.0 2
3978.0 2
3979.0 2
3980.0 1
3984.0 1
3985.0 1
3986.0 1
3987.0 1
3988.0 1
3989.0 1
3991.0 3
3992.0 2
3993.0 1
3994.0 1
3995.0 2
3998.0 2
4000.0 1
4004.0 2
4008.0 4
4009.0 4
4011.0 4
4014.0 2
4015.0 2
4018.0 1
4019.0 1
4020.0 1
4022.0 1
4023.0 1
4024.0 1
4025.0 3
4029.0 3
4030.0 2
4031.0 2
4032.0 1
4033.0 2
4034.0 2
4035.0 1
4036.0 1
4038.0 1
4039.0 3
4040.0 2
4041.0 2
4043.0 1
4045.0 2
4047.0 1
4048.0 1
4050.0 2
4052.0 2
4054.0 2
4055.0 1
4056.0 1
4057.0 1
4058.0 4
4059.0 4
4061.0 1
4062.0 1
4063.0 3
4064.0 2
4066.0 1
4067.0 1
4070.0 1
4071.0 1
4074.0 1
4076.0 1
4082.0 1
4083.0 1
4086.0 1
4087.0 1
4088.0 2
4090.0 1
4092.0 1
4093.0 1
4095.0 1
4099.0 2
4100.0 1
4101.0 2
4103.0 2
4104.0 1
4107.0 3
4112.0 2
4113.0 1
4115.0 1
4116.0 1
4117.0 2
4118.0 1
4120.0 1
4121.0 1
4122.0 1
4123.0 1
4124.0 1
4127.0 2
4128.0 4
4130.0 2
4132.0 1
4136.0 1
4139.0 1
4142.0 1
4144.0 1
4145.0 1
4147.0 1
4151.0 1
4152.0 2
4154.0 2
4155.0 1
4158.0 1
4162.0 2
4164.0 2
4168.0 3
4169.0 1
4170.0 1
4172.0 1
4173.0 1
4176.0 1
4177.0 1
4179.0 2
4180.0 1
4181.0 2
4184.0 1
4185.0 2
4187.0 1
4189.0 1
4193.0 1
4197.0 1
4199.0 3
4200.0 1
4201.0 2
4203.0 3
4204.0 2
4205.0 1
4206.0 2
4207.0 1
4208.0 2
4211.0 2
4219.0 1
4221.0 1
4222.0 1
4224.0 1
4225.0 2
4226.0 1
4227.0 2
4230.0 1
4232.0 1
4233.0 2
4234.0 1
4235.0 5
4238.0 3
4242.0 1
4245.0 1
4252.0 1
4253.0 1
4254.0 1
4255.0 1
4256.0 2
4257.0 1
4259.0 1
4260.0 1
4261.0 1
4264.0 1
4265.0 3
4266.0 1
4268.0 3
4269.0 1
4270.0 2
4271.0 1
4272.0 1
4273.0 2
4276.0 1
4278.0 2
4279.0 1
4283.0 2
4284.0 1
4285.0 1
4286.0 1
4293.0 2
4294.0 1
4296.0 1
4297.0 1
4298.0 1
4299.0 1
4301.0 1
4303.0 1
4304.0 1
4305.0 2
4308.0 1
4309.0 1
4311.0 2
4315.0 1
4316.0 1
4320.0 1
4321.0 3
4323.0 1
4324.0 1
4325.0 1
4332.0 1
4333.0 2
4334.0 1
4335.0 2
4337.0 1
4339.0 2
4342.0 1
4343.0 1
4345.0 1
4346.0 2
4350.0 1
4354.0 1
4356.0 1
4358.0 2
4359.0 1
4364.0 1
4367.0 1
4369.0 3
4372.0 2
4375.0 1
4377.0 2
4378.0 1
4381.0 2
4382.0 1
4383.0 2
4384.0 1
4387.0 1
4388.0 1
4390.0 1
4391.0 2
4393.0 1
4399.0 2
4403.0 1
4407.0 1
4411.0 1
4412.0 2
4413.0 2
4415.0 1
4416.0 1
4417.0 2
4418.0 1
4419.0 2
4422.0 1
4426.0 1
4427.0 1
4433.0 1
4434.0 1
4435.0 1
4440.0 1
4441.0 1
4442.0 2
4443.0 1
4448.0 2
4451.0 1
4453.0 1
4455.0 2
4460.0 1
4464.0 2
4465.0 1
4467.0 2
4468.0 3
4469.0 2
4470.0 2
4471.0 1
4472.0 1
4473.0 1
4476.0 1
4478.0 1
4479.0 1
4482.0 1
4486.0 3
4487.0 1
4489.0 1
4491.0 1
4492.0 1
4493.0 1
4496.0 1
4498.0 1
4501.0 1
4502.0 1
4503.0 1
4504.0 1
4505.0 1
4507.0 1
4511.0 2
4514.0 2
4521.0 1
4524.0 2
4526.0 1
4527.0 1
4529.0 1
4530.0 2
4532.0 1
4534.0 1
4535.0 2
4536.0 1
4537.0 1
4539.0 1
4540.0 1
4541.0 1
4542.0 2
4543.0 2
4547.0 1
4548.0 1
4549.0 1
4551.0 1
4552.0 1
4553.0 1
4556.0 2
4557.0 1
4559.0 2
4560.0 2
4561.0 1
4562.0 1
4563.0 2
4566.0 1
4570.0 1
4574.0 1
4576.0 1
4583.0 1
4585.0 1
4587.0 1
4589.0 1
4593.0 2
4594.0 1
4595.0 1
4596.0 1
4597.0 2
4599.0 1
4601.0 1
4607.0 1
4608.0 1
4610.0 1
4611.0 3
4613.0 2
4617.0 1
4618.0 1
4619.0 1
4620.0 1
4623.0 1
4626.0 2
4628.0 1
4629.0 1
4638.0 1
4639.0 1
4640.0 1
4643.0 2
4644.0 1
4646.0 2
4647.0 1
4649.0 1
4656.0 1
4658.0 2
4661.0 1
4664.0 4
4666.0 2
4669.0 1
4671.0 1
4677.0 1
4679.0 1
4681.0 1
4682.0 2
4684.0 1
4685.0 2
4686.0 2
4692.0 1
4693.0 2
4694.0 1
4696.0 1
4697.0 1
4698.0 1
4699.0 1
4700.0 1
4701.0 1
4703.0 1
4705.0 1
4708.0 1
4711.0 1
4714.0 2
4715.0 2
4716.0 1
4718.0 1
4720.0 2
4721.0 1
4730.0 1
4734.0 2
4735.0 1
4736.0 1
4738.0 3
4740.0 2
4741.0 2
4743.0 1
4746.0 2
4749.0 1
4753.0 1
4756.0 1
4758.0 1
4759.0 2
4760.0 3
4764.0 1
4771.0 1
4774.0 1
4775.0 1
4776.0 2
4777.0 1
4780.0 1
4783.0 1
4784.0 1
4789.0 1
4794.0 1
4795.0 1
4796.0 1
4797.0 1
4801.0 1
4802.0 1
4803.0 2
4804.0 1
4807.0 1
4812.0 1
4814.0 1
4816.0 1
4819.0 1
4820.0 2
4821.0 1
4826.0 2
4830.0 1
4831.0 2
4832.0 3
4835.0 1
4836.0 1
4838.0 1
4839.0 1
4843.0 2
4845.0 1
4850.0 1
4855.0 1
4858.0 1
4859.0 1
4861.0 1
4867.0 2
4868.0 1
4869.0 1
4871.0 1
4872.0 1
4874.0 3
4882.0 1
4883.0 1
4884.0 1
4885.0 1
4886.0 1
4889.0 2
4890.0 1
4891.0 1
4894.0 1
4898.0 1
4900.0 1
4903.0 1
4904.0 1
4906.0 1
4907.0 1
4910.0 1
4913.0 1
4917.0 1
4918.0 1
4919.0 1
4922.0 1
4933.0 1
4934.0 1
4936.0 1
4937.0 1
4938.0 1
4942.0 1
4944.0 2
4951.0 1
4952.0 1
4954.0 2
4955.0 1
4957.0 2
4958.0 1
4959.0 1
4964.0 1
4967.0 1
4973.0 1
4975.0 1
4977.0 2
4981.0 1
4983.0 1
4984.0 2
4986.0 1
4996.0 1
5002.0 1
5005.0 2
5010.0 1
5012.0 1
5015.0 1
5019.0 3
5020.0 1
5023.0 1
5027.0 2
5029.0 1
5030.0 2
5031.0 1
5033.0 2
5037.0 2
5038.0 1
5039.0 1
5041.0 1
5043.0 1
5049.0 1
5052.0 2
5055.0 1
5059.0 1
5063.0 1
5065.0 1
5066.0 1
5067.0 1
5069.0 1
5070.0 2
5073.0 1
5074.0 2
5075.0 1
5078.0 1
5081.0 1
5082.0 2
5085.0 2
5086.0 1
5087.0 1
5088.0 1
5090.0 1
5091.0 2
5094.0 1
5097.0 1
5100.0 1
5109.0 1
5110.0 2
5113.0 1
5114.0 1
5115.0 2
5116.0 1
5118.0 1
5120.0 2
5125.0 1
5126.0 1
5130.0 1
5131.0 1
5133.0 1
5134.0 1
5135.0 1
5136.0 1
5137.0 1
5143.0 1
5145.0 1
5146.0 1
5149.0 1
5152.0 1
5155.0 1
5161.0 1
5166.0 1
5167.0 1
5171.0 2
5174.0 1
5175.0 1
5176.0 1
5177.0 1
5178.0 2
5179.0 1
5180.0 1
5183.0 2
5185.0 1
5190.0 1
5193.0 1
5197.0 1
5201.0 1
5211.0 1
5212.0 1
5214.0 1
5215.0 2
5217.0 1
5218.0 1
5219.0 2
5220.0 1
5221.0 2
5224.0 2
5225.0 1
5226.0 1
5236.0 1
5237.0 1
5238.0 3
5239.0 1
5241.0 3
5243.0 1
5258.0 1
5259.0 3
5262.0 1
5264.0 3
5266.0 1
5267.0 1
5270.0 1
5274.0 2
5275.0 1
5276.0 1
5278.0 1
5282.0 1
5283.0 1
5284.0 1
5287.0 1
5288.0 1
5292.0 1
5293.0 1
5294.0 1
5295.0 1
5302.0 1
5303.0 1
5305.0 1
5307.0 1
5311.0 1
5312.0 1
5316.0 1
5320.0 3
5326.0 1
5327.0 1
5335.0 1
5340.0 1
5341.0 1
5342.0 1
5344.0 1
5350.0 2
5351.0 1
5352.0 1
5354.0 1
5356.0 1
5359.0 1
5360.0 2
5361.0 2
5362.0 1
5363.0 1
5364.0 1
5367.0 1
5368.0 1
5373.0 2
5381.0 1
5385.0 1
5387.0 1
5388.0 1
5392.0 1
5396.0 1
5397.0 1
5398.0 1
5401.0 2
5402.0 1
5403.0 1
5409.0 1
5414.0 1
5418.0 1
5419.0 1
5422.0 1
5427.0 3
5430.0 3
5431.0 1
5433.0 2
5434.0 1
5435.0 1
5436.0 1
5437.0 1
5438.0 1
5440.0 1
5441.0 2
5442.0 1
5443.0 1
5444.0 1
5448.0 1
5449.0 1
5453.0 2
5457.0 2
5458.0 1
5463.0 1
5465.0 1
5466.0 1
5467.0 1
5470.0 1
5471.0 1
5476.0 1
5477.0 1
5478.0 3
5482.0 1
5484.0 1
5486.0 1
5487.0 1
5490.0 1
5491.0 1
5493.0 1
5495.0 1
5500.0 2
5506.0 2
5509.0 2
5516.0 1
5520.0 1
5522.0 2
5523.0 2
5525.0 4
5526.0 2
5528.0 1
5529.0 2
5531.0 1
5534.0 1
5535.0 1
5537.0 1
5538.0 1
5539.0 1
5543.0 1
5544.0 1
5547.0 1
5549.0 1
5551.0 1
5554.0 1
5556.0 1
5558.0 1
5560.0 1
5562.0 1
5564.0 1
5569.0 1
5571.0 1
5576.0 1
5579.0 1
5582.0 1
5583.0 1
5586.0 1
5596.0 1
5597.0 1
5599.0 2
5604.0 1
5608.0 3
5611.0 1
5613.0 1
5616.0 1
5618.0 1
5620.0 1
5621.0 1
5623.0 1
5624.0 1
5625.0 1
5626.0 1
5627.0 1
5628.0 2
5631.0 1
5639.0 1
5640.0 1
5643.0 1
5648.0 2
5652.0 1
5667.0 1
5669.0 1
5671.0 1
5682.0 1
5684.0 1
5689.0 1
5702.0 1
5706.0 1
5709.0 1
5710.0 1
5713.0 1
5714.0 1
5715.0 1
5718.0 1
5722.0 1
5724.0 2
5727.0 1
5729.0 2
5732.0 1
5734.0 2
5736.0 1
5739.0 1
5740.0 1
5742.0 1
5746.0 1
5752.0 1
5753.0 1
5755.0 1
5757.0 1
5761.0 1
5762.0 1
5765.0 1
5766.0 1
5769.0 2
5770.0 1
5771.0 1
5772.0 1
5775.0 1
5777.0 3
5778.0 1
5782.0 1
5787.0 1
5789.0 2
5791.0 1
5808.0 1
5809.0 1
5810.0 1
5815.0 2
5817.0 1
5823.0 1
5825.0 1
5836.0 1
5837.0 1
5838.0 1
5841.0 1
5843.0 2
5844.0 1
5847.0 1
5849.0 2
5851.0 1
5853.0 1
5858.0 1
5860.0 1
5865.0 1
5867.0 1
5871.0 1
5872.0 1
5875.0 4
5879.0 1
5887.0 1
5888.0 1
5889.0 1
5890.0 1
5892.0 1
5894.0 1
5898.0 1
5900.0 1
5904.0 1
5915.0 1
5918.0 1
5919.0 1
5920.0 1
5924.0 1
5925.0 1
5931.0 1
5932.0 1
5939.0 1
5940.0 1
5941.0 1
5943.0 1
5946.0 1
5947.0 2
5957.0 1
5961.0 2
5964.0 1
5967.0 1
5969.0 2
5970.0 1
5977.0 1
5981.0 1
5984.0 1
5986.0 1
5988.0 2
5990.0 1
5993.0 1
5994.0 2
5995.0 1
5996.0 1
5997.0 2
5998.0 1
6001.0 1
6004.0 1
6011.0 1
6013.0 2
6017.0 2
6021.0 2
6029.0 1
6030.0 2
6031.0 1
6038.0 1
6039.0 1
6041.0 1
6043.0 2
6044.0 1
6046.0 1
6049.0 1
6050.0 1
6054.0 2
6057.0 2
6059.0 1
6060.0 2
6061.0 1
6065.0 1
6066.0 2
6067.0 1
6073.0 1
6075.0 1
6079.0 1
6080.0 1
6086.0 1
6087.0 1
6089.0 1
6094.0 1
6098.0 1
6099.0 1
6103.0 1
6110.0 1
6113.0 1
6114.0 1
6115.0 2
6116.0 1
6117.0 2
6123.0 1
6124.0 2
6127.0 2
6131.0 1
6137.0 1
6143.0 1
6144.0 1
6148.0 1
6149.0 1
6154.0 1
6156.0 2
6157.0 1
6160.0 1
6161.0 1
6163.0 1
6168.0 1
6182.0 1
6190.0 1
6193.0 2
6195.0 3
6200.0 1
6203.0 2
6205.0 1
6208.0 1
6209.0 1
6211.0 1
6215.0 1
6216.0 1
6218.0 1
6220.0 1
6226.0 1
6227.0 1
6228.0 1
6230.0 1
6236.0 1
6237.0 3
6238.0 1
6242.0 1
6247.0 1
6260.0 1
6262.0 1
6265.0 1
6267.0 1
6272.0 1
6275.0 1
6277.0 1
6278.0 1
6279.0 1
6282.0 1
6288.0 1
6290.0 1
6291.0 2
6293.0 1
6296.0 1
6297.0 1
6307.0 3
6308.0 1
6312.0 1
6313.0 1
6315.0 1
6322.0 1
6324.0 1
6327.0 1
6330.0 1
6334.0 1
6335.0 1
6338.0 1
6341.0 1
6346.0 1
6347.0 1
6350.0 1
6357.0 1
6358.0 1
6361.0 1
6368.0 1
6374.0 2
6384.0 1
6389.0 1
6394.0 1
6403.0 2
6405.0 2
6410.0 1
6411.0 1
6417.0 1
6420.0 1
6428.0 2
6440.0 1
6441.0 1
6443.0 1
6446.0 2
6447.0 1
6449.0 1
6451.0 1
6452.0 1
6460.0 1
6469.0 1
6475.0 2
6478.0 1
6484.0 1
6488.0 1
6490.0 1
6492.0 1
6494.0 1
6500.0 1
6501.0 1
6506.0 1
6510.0 1
6512.0 1
6513.0 1
6514.0 1
6517.0 2
6523.0 1
6526.0 1
6529.0 1
6530.0 1
6534.0 1
6537.0 1
6539.0 1
6540.0 1
6542.0 1
6545.0 1
6550.0 1
6552.0 1
6553.0 1
6559.0 1
6562.0 1
6566.0 2
6567.0 1
6569.0 1
6570.0 1
6572.0 1
6575.0 2
6577.0 1
6579.0 1
6582.0 1
6586.0 1
6588.0 1
6592.0 1
6593.0 1
6599.0 1
6603.0 1
6604.0 2
6608.0 1
6614.0 1
6622.0 2
6626.0 1
6628.0 3
6632.0 1
6642.0 1
6645.0 2
6654.0 1
6655.0 1
6656.0 1
6657.0 1
6658.0 1
6659.0 3
6660.0 2
6661.0 1
6667.0 1
6669.0 1
6670.0 1
6679.0 1
6682.0 1
6683.0 1
6688.0 1
6689.0 1
6690.0 1
6696.0 1
6698.0 1
6699.0 1
6702.0 2
6703.0 1
6704.0 1
6705.0 1
6709.0 1
6721.0 2
6722.0 1
6734.0 1
6742.0 1
6743.0 1
6744.0 1
6748.0 1
6752.0 1
6753.0 1
6755.0 1
6756.0 1
6764.0 1
6768.0 1
6770.0 1
6782.0 1
6789.0 1
6790.0 2
6793.0 1
6794.0 1
6796.0 1
6798.0 1
6799.0 1
6800.0 1
6803.0 1
6804.0 1
6808.0 1
6813.0 1
6815.0 1
6818.0 1
6829.0 1
6834.0 1
6836.0 1
6838.0 1
6842.0 1
6852.0 1
6854.0 2
6855.0 1
6860.0 1
6871.0 1
6873.0 1
6875.0 1
6879.0 1
6883.0 1
6885.0 1
6886.0 1
6891.0 1
6894.0 1
6896.0 1
6898.0 1
6899.0 1
6901.0 2
6902.0 1
6903.0 1
6910.0 1
6911.0 1
6912.0 1
6915.0 1
6916.0 2
6921.0 2
6922.0 1
6927.0 1
6936.0 1
6938.0 1
6942.0 1
6943.0 1
6960.0 1
6962.0 1
6963.0 1
6967.0 1
6968.0 1
6971.0 1
6979.0 1
6987.0 1
6995.0 1
6997.0 1
7001.0 1
7002.0 2
7008.0 1
7010.0 1
7019.0 2
7020.0 1
7023.0 1
7026.0 1
7030.0 1
7031.0 1
7032.0 2
7036.0 1
7039.0 1
7042.0 1
7045.0 1
7051.0 2
7054.0 2
7056.0 1
7058.0 1
7061.0 1
7065.0 1
7077.0 1
7078.0 1
7088.0 1
7093.0 1
7097.0 1
7101.0 1
7104.0 1
7105.0 1
7109.0 1
7112.0 1
7116.0 1
7118.0 1
7120.0 1
7122.0 2
7123.0 1
7132.0 2
7133.0 1
7139.0 1
7141.0 1
7145.0 1
7146.0 1
7158.0 1
7166.0 1
7167.0 1
7168.0 1
7173.0 1
7176.0 1
7183.0 1
7184.0 1
7185.0 1
7186.0 1
7190.0 1
7193.0 1
7206.0 1
7207.0 1
7218.0 1
7223.0 1
7225.0 1
7229.0 1
7241.0 1
7247.0 1
7252.0 1
7265.0 1
7266.0 1
7269.0 1
7270.0 1
7271.0 1
7283.0 1
7292.0 1
7297.0 1
7306.0 1
7315.0 1
7316.0 1
7321.0 1
7323.0 1
7329.0 1
7331.0 2
7338.0 1
7339.0 1
7342.0 1
7356.0 1
7364.0 1
7365.0 2
7367.0 1
7368.0 1
7388.0 1
7390.0 1
7396.0 1
7403.0 1
7405.0 1
7429.0 1
7430.0 1
7433.0 2
7449.0 1
7452.0 1
7457.0 1
7463.0 1
7466.0 1
7468.0 2
7469.0 1
7471.0 1
7473.0 1
7475.0 1
7480.0 1
7482.0 1
7495.0 1
7497.0 1
7499.0 2
7502.0 1
7505.0 1
7506.0 1
7516.0 1
7524.0 1
7525.0 1
7527.0 1
7533.0 2
7535.0 1
7543.0 1
7546.0 1
7547.0 1
7552.0 1
7556.0 1
7561.0 1
7563.0 1
7564.0 1
7568.0 2
7569.0 1
7583.0 1
7586.0 1
7590.0 1
7591.0 1
7593.0 1
7602.0 1
7604.0 2
7605.0 1
7609.0 1
7633.0 1
7636.0 1
7638.0 2
7640.0 1
7657.0 1
7663.0 1
7664.0 1
7670.0 1
7672.0 1
7680.0 1
7687.0 1
7693.0 1
7695.0 1
7697.0 2
7702.0 1
7703.0 1
7706.0 1
7709.0 1
7712.0 1
7716.0 1
7722.0 1
7724.0 1
7733.0 1
7760.0 1
7762.0 1
7765.0 2
7769.0 1
7772.0 1
7773.0 1
7776.0 1
7782.0 1
7786.0 1
7789.0 1
7791.0 1
7793.0 1
7794.0 1
7796.0 2
7801.0 2
7810.0 1
7816.0 1
7823.0 1
7824.0 1
7830.0 1
7834.0 1
7838.0 1
7840.0 1
7841.0 1
7844.0 1
7852.0 1
7859.0 1
7860.0 1
7861.0 1
7865.0 1
7875.0 1
7876.0 1
7877.0 1
7879.0 1
7884.0 1
7888.0 1
7898.0 1
7901.0 1
7916.0 1
7923.0 1
7924.0 1
7932.0 1
7936.0 1
7941.0 1
7943.0 1
7949.0 1
7956.0 1
7959.0 1
7960.0 1
7965.0 1
7966.0 1
7975.0 1
7976.0 1
7981.0 1
7984.0 1
7985.0 1
7990.0 1
7994.0 1
8002.0 1
8003.0 1
8010.0 1
8013.0 1
8025.0 1
8027.0 1
8029.0 1
8040.0 1
8045.0 1
8046.0 1
8048.0 1
8051.0 1
8057.0 2
8061.0 1
8066.0 2
8069.0 1
8073.0 1
8077.0 1
8078.0 2
8089.0 1
8092.0 1
8094.0 1
8104.0 1
8107.0 1
8109.0 1
8110.0 2
8113.0 1
8119.0 1
8123.0 1
8127.0 1
8130.0 1
8131.0 1
8134.0 2
8137.0 2
8139.0 1
8150.0 1
8151.0 2
8152.0 1
8154.0 1
8161.0 1
8167.0 3
8172.0 1
8174.0 1
8181.0 1
8185.0 1
8190.0 1
8193.0 1
8195.0 1
8196.0 1
8214.0 1
8215.0 1
8225.0 1
8226.0 1
8234.0 1
8236.0 1
8241.0 1
8244.0 1
8249.0 1
8260.0 1
8265.0 1
8271.0 1
8288.0 1
8290.0 1
8291.0 1
8295.0 1
8298.0 1
8299.0 1
8307.0 2
8312.0 1
8313.0 1
8319.0 1
8323.0 1
8337.0 1
8339.0 1
8341.0 1
8345.0 1
8346.0 2
8348.0 1
8357.0 1
8359.0 1
8360.0 1
8362.0 1
8365.0 1
8366.0 1
8367.0 1
8375.0 1
8376.0 1
8381.0 2
8386.0 1
8387.0 1
8392.0 1
8409.0 2
8413.0 1
8417.0 1
8420.0 1
8434.0 1
8437.0 1
8441.0 1
8443.0 1
8454.0 1
8462.0 1
8468.0 1
8471.0 1
8473.0 1
8475.0 1
8481.0 1
8486.0 3
8488.0 1
8491.0 1
8497.0 1
8502.0 1
8517.0 1
8520.0 1
8531.0 1
8536.0 1
8538.0 1
8541.0 1
8548.0 1
8551.0 1
8557.0 1
8577.0 1
8580.0 1
8588.0 1
8590.0 1
8594.0 1
8596.0 1
8626.0 1
8636.0 2
8639.0 2
8647.0 1
8649.0 3
8653.0 2
8659.0 1
8663.0 1
8681.0 1
8685.0 1
8686.0 1
8687.0 1
8688.0 1
8695.0 1
8704.0 1
8705.0 1
8727.0 1
8728.0 1
8734.0 1
8738.0 1
8739.0 2
8747.0 1
8751.0 1
8752.0 1
8753.0 1
8755.0 1
8756.0 1
8769.0 1
8772.0 1
8773.0 1
8778.0 1
8779.0 1
8780.0 1
8782.0 1
8785.0 1
8787.0 1
8789.0 1
8791.0 1
8796.0 1
8802.0 1
8811.0 2
8812.0 1
8834.0 1
8838.0 1
8843.0 1
8849.0 1
8851.0 1
8854.0 1
8857.0 1
8858.0 1
8864.0 1
8869.0 1
8878.0 1
8885.0 1
8897.0 1
8899.0 1
8901.0 1
8904.0 1
8905.0 1
8909.0 2
8910.0 1
8911.0 1
8921.0 1
8930.0 1
8933.0 1
8937.0 1
8945.0 1
8949.0 1
8952.0 1
8953.0 1
8958.0 1
8963.0 1
8966.0 1
8973.0 1
8977.0 1
8981.0 1
8985.0 1
8986.0 1
8992.0 1
8994.0 1
9009.0 1
9010.0 1
9015.0 1
9017.0 1
9026.0 1
9027.0 1
9035.0 1
9037.0 2
9042.0 1
9045.0 1
9051.0 1
9061.0 1
9068.0 1
9080.0 1
9093.0 1
9104.0 1
9118.0 1
9121.0 1
9128.0 1
9138.0 2
9141.0 1
9145.0 1
9147.0 1
9148.0 1
9155.0 1
9164.0 1
9182.0 1
9185.0 1
9186.0 1
9187.0 1
9213.0 1
9214.0 1
9219.0 1
9222.0 1
9224.0 1
9225.0 1
9242.0 1
9244.0 1
9245.0 1
9249.0 1
9252.0 1
9253.0 1
9264.0 1
9276.0 1
9283.0 1
9302.0 1
9311.0 1
9315.0 1
9342.0 1
9353.0 1
9361.0 1
9371.0 1
9377.0 1
9378.0 1
9384.0 1
9386.0 1
9398.0 2
9403.0 1
9408.0 1
9411.0 3
9415.0 1
9430.0 1
9435.0 1
9440.0 1
9448.0 1
9450.0 1
9453.0 1
9454.0 1
9455.0 1
9459.0 1
9468.0 1
9469.0 1
9475.0 1
9484.0 1
9492.0 1
9508.0 2
9514.0 1
9516.0 1
9520.0 1
9527.0 1
9531.0 1
9535.0 1
9546.0 1
9548.0 1
9549.0 1
9560.0 1
9564.0 2
9573.0 1
9585.0 1
9586.0 1
9594.0 1
9605.0 1
9609.0 2
9611.0 1
9613.0 2
9615.0 1
9618.0 1
9623.0 1
9631.0 1
9650.0 1
9663.0 1
9666.0 1
9679.0 1
9680.0 1
9683.0 1
9684.0 1
9689.0 1
9692.0 1
9693.0 1
9694.0 1
9700.0 1
9710.0 1
9722.0 2
9734.0 1
9736.0 1
9738.0 1
9743.0 1
9751.0 1
9752.0 1
9767.0 1
9770.0 1
9775.0 1
9783.0 1
9785.0 1
9787.0 1
9788.0 1
9792.0 1
9796.0 1
9798.0 1
9800.0 2
9813.0 1
9839.0 1
9845.0 1
9851.0 1
9854.0 1
9858.0 1
9873.0 1
9882.0 1
9884.0 1
9888.0 1
9897.0 1
9903.0 1
9912.0 1
9920.0 1
9936.0 1
9964.0 1
9979.0 1
9990.0 1
10006.0 1
10008.0 1
10010.0 1
10011.0 1
10018.0 1
10020.0 1
10024.0 1
10029.0 1
10032.0 1
10034.0 1
10039.0 1
10042.0 1
10056.0 1
10064.0 1
10065.0 1
10071.0 1
10088.0 1
10095.0 1
10096.0 1
10105.0 2
10106.0 1
10107.0 1
10112.0 1
10129.0 1
10130.0 1
10134.0 1
10146.0 1
10147.0 1
10148.0 1
10162.0 1
10167.0 1
10171.0 1
10194.0 1
10203.0 1
10212.0 1
10229.0 1
10237.0 1
10246.0 1
10262.0 1
10279.0 1
10293.0 1
10294.0 1
10297.0 1
10299.0 1
10307.0 1
10311.0 1
10313.0 1
10314.0 1
10315.0 1
10328.0 1
10332.0 1
10343.0 2
10354.0 1
10365.0 1
10374.0 1
10376.0 1
10380.0 1
10394.0 1
10401.0 1
10418.0 1
10419.0 2
10425.0 1
10429.0 1
10430.0 1
10437.0 1
10458.0 1
10480.0 1
10489.0 1
10493.0 1
10494.0 1
10496.0 1
10508.0 1
10521.0 1
10533.0 1
10538.0 1
10543.0 2
10545.0 1
10552.0 2
10560.0 1
10591.0 1
10593.0 1
10595.0 1
10599.0 1
10608.0 1
10613.0 1
10622.0 1
10626.0 1
10631.0 1
10640.0 1
10649.0 1
10650.0 1
10660.0 1
10661.0 1
10668.0 1
10678.0 1
10679.0 1
10683.0 1
10684.0 1
10687.0 1
10693.0 1
10700.0 1
10712.0 1
10713.0 1
10719.0 1
10720.0 1
10723.0 2
10742.0 1
10763.0 1
10764.0 1
10766.0 1
10774.0 1
10777.0 1
10808.0 1
10809.0 1
10825.0 1
10855.0 1
10858.0 1
10864.0 1
10870.0 1
10887.0 1
10914.0 1
10949.0 1
10955.0 1
10961.0 1
10968.0 1
10969.0 1
10975.0 1
10978.0 1
10992.0 1
10994.0 1
11015.0 1
11033.0 1
11075.0 1
11081.0 1
11090.0 1
11095.0 1
11100.0 1
11117.0 1
11120.0 1
11125.0 1
11139.0 1
11153.0 1
11167.0 1
11190.0 1
11202.0 1
11225.0 1
11234.0 1
11236.0 1
11238.0 1
11261.0 1
11272.0 1
11295.0 1
11297.0 1
11300.0 1
11312.0 1
11318.0 1
11321.0 1
11322.0 1
11328.0 1
11335.0 1
11342.0 1
11351.0 1
11383.0 1
11431.0 1
11433.0 1
11474.0 1
11501.0 1
11517.0 1
11521.0 1
11546.0 1
11547.0 1
11548.0 1
11551.0 1
11604.0 1
11607.0 2
11611.0 1
11619.0 1
11639.0 1
11645.0 1
11648.0 1
11655.0 1
11660.0 1
11664.0 1
11683.0 1
11693.0 1
11713.0 1
11727.0 1
11738.0 1
11745.0 2
11765.0 1
11776.0 1
11778.0 1
11789.0 1
11792.0 1
11811.0 1
11814.0 1
11832.0 1
11864.0 1
11867.0 1
11894.0 1
11899.0 1
11904.0 1
11909.0 1
11959.0 1
11988.0 1
11991.0 1
12006.0 1
12007.0 1
12014.0 1
12046.0 1
12066.0 2
12069.0 1
12100.0 1
12131.0 1
12143.0 1
12149.0 1
12163.0 1
12182.0 1
12185.0 1
12197.0 1
12201.0 1
12220.0 1
12224.0 1
12230.0 1
12252.0 1
12269.0 2
12270.0 2
12292.0 1
12304.0 1
12311.0 1
12325.0 1
12328.0 1
12330.0 1
12331.0 1
12333.0 1
12353.0 1
12356.0 1
12360.0 1
12368.0 1
12372.0 1
12422.0 1
12441.0 1
12445.0 1
12471.0 1
12495.0 1
12499.0 1
12516.0 1
12517.0 2
12524.0 1
12533.0 1
12537.0 1
12546.0 1
12552.0 1
12553.0 1
12567.0 1
12574.0 1
12591.0 1
12600.0 1
12601.0 1
12604.0 1
12621.0 1
12629.0 1
12644.0 1
12648.0 1
12670.0 1
12673.0 1
12674.0 1
12687.0 1
12695.0 1
12700.0 1
12706.0 1
12709.0 1
12725.0 1
12728.0 1
12730.0 1
12739.0 1
12747.0 1
12751.0 1
12753.0 1
12754.0 1
12755.0 1
12758.0 1
12776.0 1
12778.0 1
12779.0 1
12782.0 1
12786.0 1
12796.0 1
12798.0 1
12851.0 1
12853.0 1
12865.0 1
12877.0 1
12891.0 1
12900.0 1
12920.0 1
12921.0 1
12933.0 1
12935.0 1
12942.0 1
12981.0 1
12989.0 1
13011.0 1
13034.0 1
13038.0 1
13071.0 1
13076.0 1
13085.0 1
13092.0 1
13109.0 1
13119.0 1
13127.0 1
13132.0 1
13133.0 1
13137.0 1
13146.0 1
13149.0 1
13172.0 1
13192.0 1
13201.0 1
13202.0 1
13203.0 1
13204.0 2
13218.0 1
13229.0 1
13241.0 1
13245.0 1
13272.0 1
13300.0 2
13301.0 2
13305.0 2
13327.0 1
13342.0 1
13343.0 2
13363.0 1
13395.0 1
13396.0 1
13397.0 1
13398.0 1
13408.0 1
13413.0 1
13432.0 1
13456.0 1
13511.0 1
13523.0 1
13537.0 1
13541.0 1
13544.0 1
13550.0 1
13552.0 1
13553.0 1
13560.0 1
13563.0 1
13565.0 1
13568.0 1
13594.0 1
13600.0 1
13627.0 1
13667.0 2
13669.0 1
13674.0 1
13680.0 1
13693.0 1
13702.0 1
13727.0 1
13736.0 1
13745.0 1
13746.0 1
13752.0 1
13761.0 1
13788.0 1
13795.0 1
13806.0 1
13810.0 1
13814.0 1
13816.0 1
13844.0 2
13891.0 2
13894.0 1
13898.0 1
13902.0 1
13936.0 1
13937.0 1
13938.0 1
13958.0 2
13962.0 1
13977.0 1
13995.0 1
14003.0 1
14007.0 1
14011.0 1
14014.0 1
14024.0 1
14027.0 1
14037.0 1
14051.0 1
14080.0 1
14082.0 1
14088.0 1
14100.0 1
14138.0 1
14154.0 1
14169.0 2
14194.0 1
14199.0 1
14214.0 1
14218.0 1
14246.0 1
14255.0 1
14266.0 1
14273.0 1
14274.0 1
14278.0 1
14282.0 1
14290.0 1
14313.0 1
14330.0 1
14345.0 1
14357.0 1
14359.0 1
14360.0 1
14370.0 1
14381.0 1
14385.0 1
14425.0 1
14427.0 1
14441.0 1
14444.0 1
14463.0 1
14478.0 1
14488.0 1
14494.0 1
14501.0 1
14509.0 1
14510.0 1
14511.0 1
14522.0 1
14557.0 1
14575.0 1
14582.0 1
14586.0 1
14595.0 1
14615.0 1
14649.0 1
14654.0 1
14673.0 1
14689.0 1
14729.0 1
14742.0 1
14745.0 1
14747.0 1
14769.0 1
14772.0 1
14779.0 1
14784.0 1
14789.0 1
14791.0 1
14794.0 1
14805.0 1
14825.0 1
14881.0 1
14893.0 1
14927.0 1
14934.0 1
14945.0 1
14956.0 1
14978.0 1
14984.0 1
15024.0 1
15073.0 1
15078.0 1
15087.0 1
15098.0 1
15103.0 1
15105.0 1
15117.0 1
15124.0 1
15125.0 1
15139.0 1
15153.0 1
15188.0 1
15217.0 1
15218.0 1
15219.0 1
15220.0 1
15221.0 1
15230.0 1
15241.0 1
15242.0 1
15245.0 1
15260.0 1
15280.0 1
15352.0 1
15367.0 1
15383.0 1
15411.0 1
15417.0 1
15422.0 1
15448.0 1
15490.0 1
15496.0 1
15500.0 1
15516.0 1
15536.0 1
15541.0 1
15551.0 1
15605.0 1
15634.0 1
15645.0 1
15655.0 1
15658.0 1
15700.0 1
15703.0 1
15744.0 1
15794.0 1
15854.0 1
15872.0 1
15888.0 1
15895.0 1
15896.0 1
15911.0 1
15915.0 1
15923.0 1
15950.0 1
15975.0 1
15980.0 1
15987.0 1
15988.0 1
16009.0 1
16036.0 1
16052.0 1
16095.0 1
16102.0 1
16105.0 1
16112.0 1
16144.0 1
16149.0 1
16161.0 1
16171.0 1
16187.0 1
16188.0 1
16204.0 1
16211.0 1
16225.0 1
16228.0 1
16238.0 1
16240.0 1
16260.0 1
16282.0 1
16304.0 1
16307.0 1
16403.0 1
16484.0 1
16493.0 1
16509.0 1
16516.0 1
16559.0 1
16581.0 1
16583.0 1
16588.0 1
16597.0 1
16629.0 1
16630.0 1
16656.0 1
16658.0 2
16668.0 1
16676.0 1
16751.0 1
16756.0 1
16760.0 1
16773.0 1
16803.0 1
16809.0 1
16814.0 1
16834.0 1
16873.0 1
16879.0 1
16886.0 1
16894.0 1
16950.0 1
16957.0 1
16961.0 1
17006.0 1
17008.0 1
17048.0 1
17062.0 1
17117.0 1
17135.0 1
17185.0 1
17209.0 1
17214.0 1
17224.0 1
17252.0 1
17284.0 1
17293.0 1
17317.0 1
17352.0 1
17369.0 1
17428.0 1
17453.0 1
17471.0 1
17502.0 1
17517.0 1
17548.0 1
17571.0 1
17609.0 1
17611.0 1
17632.0 1
17638.0 1
17646.0 1
17649.0 1
17656.0 1
17774.0 1
17790.0 1
17818.0 1
17886.0 1
17909.0 1
17913.0 1
17979.0 1
17993.0 1
18025.0 1
18041.0 1
18061.0 1
18066.0 1
18070.0 1
18107.0 1
18133.0 1
18136.0 1
18139.0 1
18165.0 1
18195.0 1
18218.0 1
18221.0 1
18283.0 1
18302.0 1
18308.0 1
18376.0 1
18399.0 1
18419.0 1
18421.0 1
18439.0 1
18470.0 1
18476.0 1
18495.0 1
18524.0 1
18548.0 1
18589.0 2
18626.0 1
18630.0 1
18649.0 1
18654.0 1
18659.0 1
18678.0 1
18680.0 1
18686.0 1
18692.0 1
18722.0 1
18743.0 1
18786.0 1
18816.0 1
18834.0 1
18850.0 1
18916.0 1
18943.0 1
19041.0 1
19050.0 1
19080.0 1
19105.0 1
19110.0 1
19111.0 1
19120.0 1
19130.0 1
19176.0 2
19192.0 1
19214.0 1
19225.0 1
19241.0 1
19307.0 1
19323.0 1
19330.0 1
19400.0 1
19425.0 1
19430.0 1
19449.0 1
19515.0 1
19519.0 1
19521.0 1
19525.0 1
19549.0 1
19642.0 1
19643.0 1
19685.0 1
19701.0 1
19708.0 1
19717.0 1
19740.0 1
19781.0 1
19796.0 1
19834.0 1
19838.0 1
19841.0 1
19929.0 1
19968.0 1
19979.0 1
19985.0 1
19990.0 1
20065.0 1
20106.0 1
20117.0 1
20136.0 1
20193.0 1
20223.0 1
20231.0 1
20261.0 1
20301.0 1
20329.0 1
20347.0 1
20374.0 1
20386.0 1
20402.0 1
20429.0 1
20484.0 1
20504.0 1
20591.0 1
20644.0 1
20645.0 1
20686.0 1
20707.0 1
20732.0 1
20738.0 1
20760.0 1
20796.0 1
20843.0 1
20869.0 2
20929.0 1
20992.0 1
21050.0 1
21147.0 1
21161.0 1
21193.0 1
21217.0 1
21233.0 1
21247.0 1
21263.0 1
21337.0 1
21451.0 1
21505.0 1
21514.0 1
21542.0 1
21550.0 1
21557.0 1
21559.0 1
21568.0 1
21577.0 1
21587.0 1
21635.0 1
21660.0 1
21682.0 1
21730.0 2
21748.0 1
21837.0 1
21860.0 1
21882.0 1
21964.0 1
21967.0 1
21968.0 1
22004.0 1
22041.0 1
22075.0 1
22104.0 1
22120.0 1
22184.0 1
22210.0 1
22328.0 1
22344.0 1
22353.0 1
22368.0 1
22372.0 1
22385.0 1
22393.0 1
22423.0 1
22434.0 1
22447.0 1
22448.0 1
22476.0 1
22501.0 1
22519.0 1
22525.0 1
22570.0 1
22574.0 1
22603.0 1
22606.0 1
22611.0 1
22618.0 1
22622.0 1
22703.0 1
22733.0 1
22753.0 1
22813.0 2
22822.0 1
22830.0 1
23015.0 1
23049.0 1
23072.0 1
23122.0 1
23290.0 1
23377.0 1
23416.0 1
23434.0 1
23459.0 1
23525.0 1
23543.0 1
23569.0 1
23599.0 1
23655.0 1
23670.0 1
23787.0 1
23818.0 1
23848.0 1
23850.0 1
23883.0 1
23923.0 1
24006.0 1
24017.0 1
24044.0 1
24047.0 1
24085.0 1
24130.0 1
24145.0 1
24166.0 1
24185.0 1
24234.0 1
24263.0 1
24329.0 1
24370.0 1
24373.0 1
24435.0 1
24443.0 1
24464.0 1
24468.0 1
24493.0 1
24526.0 1
24533.0 1
24652.0 1
24676.0 1
24756.0 1
24783.0 1
24791.0 1
24845.0 1
24856.0 1
24919.0 1
24933.0 1
24962.0 1
24984.0 1
25055.0 1
25069.0 1
25099.0 1
25108.0 1
25169.0 1
25173.0 1
25188.0 1
25270.0 1
25272.0 1
25320.0 1
25337.0 1
25377.0 1
25382.0 1
25395.0 1
25465.0 1
25568.0 1
25581.0 1
25662.0 1
25675.0 1
25723.0 1
25774.0 1
25779.0 1
25834.0 1
25848.0 1
25872.0 1
25887.0 1
25940.0 2
25981.0 1
25986.0 1
26028.0 1
26069.0 1
26075.0 1
26164.0 2
26178.0 1
26207.0 1
26211.0 1
26277.0 1
26372.0 2
26530.0 1
26568.0 1
26612.0 1
26660.0 1
26861.0 1
26905.0 1
26931.0 1
26979.0 1
27003.0 1
27103.0 1
27178.0 1
27183.0 1
27305.0 1
27319.0 1
27361.0 1
27367.0 1
27386.0 1
27406.0 1
27473.0 1
27533.0 1
27549.0 1
27616.0 1
27755.0 1
27794.0 1
27820.0 1
28050.0 1
28071.0 1
28101.0 1
28119.0 1
28163.0 1
28168.0 1
28608.0 1
28625.0 1
28734.0 1
28798.0 1
28803.0 1
28888.0 1
28928.0 1
28959.0 1
28960.0 1
28976.0 1
29037.0 1
29078.0 1
29218.0 1
29219.0 1
29408.0 1
29422.0 1
29443.0 1
29456.0 1
29512.0 1
29571.0 1
29597.0 1
29624.0 1
29723.0 1
29806.0 1
29918.0 1
29923.0 1
29924.0 1
29942.0 1
30068.0 1
30117.0 1
30233.0 1
30238.0 1
30243.0 1
30264.0 1
30326.0 1
30327.0 1
30571.0 1
30599.0 1
30797.0 1
30825.0 1
30881.0 1
30908.0 1
30940.0 1
31111.0 1
31126.0 1
31205.0 1
31266.0 1
31423.0 1
31501.0 1
31572.0 1
31604.0 1
31612.0 1
31723.0 1
31758.0 1
31819.0 1
31976.0 1
32163.0 1
32314.0 1
32344.0 1
32369.0 1
32494.0 1
32576.0 1
32588.0 1
32680.0 1
32775.0 1
32870.0 1
32923.0 1
32937.0 1
32940.0 1
32945.0 1
33026.0 1
33150.0 1
33285.0 1
33308.0 1
33313.0 1
33314.0 1
33443.0 1
33518.0 1
33694.0 1
33717.0 1
33718.0 1
33735.0 1
33774.0 1
33922.0 1
34064.0 1
34109.0 1
34130.0 1
34154.0 1
34161.0 1
34253.0 1
34374.0 1
34408.0 1
34434.0 1
34464.0 1
34511.0 1
34586.0 1
34621.0 1
34653.0 1
34732.0 1
34812.0 1
34861.0 1
34984.0 1
35109.0 1
35221.0 1
35324.0 1
35359.0 2
35526.0 1
35562.0 1
35655.0 1
35778.0 1
35825.0 1
35875.0 1
35906.0 1
36052.0 1
36077.0 1
36188.0 1
36222.0 1
36309.0 1
36358.0 1
36374.0 1
36407.0 1
36516.0 1
36582.0 1
36642.0 1
36781.0 1
37159.0 1
37298.0 1
37333.0 1
37392.0 1
37424.0 1
37642.0 1
37844.0 1
37922.0 1
37945.0 1
38009.0 1
38155.0 1
38184.0 1
38235.0 1
38280.0 1
38307.0 1
38395.0 1
38494.0 1
38509.0 1
38665.0 1
38749.0 1
38953.0 1
38994.0 1
39046.0 1
39078.0 1
39097.0 1
39156.0 1
39229.0 1
39265.0 1
39277.0 1
39346.0 1
39403.0 1
39558.0 1
39611.0 1
39921.0 1
39942.0 1
39972.0 1
40023.0 1
40042.0 1
40122.0 1
40201.0 1
40292.0 1
40317.0 1
40359.0 1
40503.0 1
40549.0 1
40559.0 1
40600.0 1
40601.0 1
40958.0 1
41412.0 1
41447.0 1
41514.0 1
41685.0 1
41795.0 1
41975.0 1
42050.0 1
42147.0 1
42216.0 1
42242.0 1
42523.0 1
42536.0 1
42588.0 1
42709.0 1
42718.0 1
42789.0 1
42918.0 1
43134.0 1
43163.0 1
43653.0 1
44049.0 1
44132.0 1
44204.0 1
44324.0 1
44387.0 1
44431.0 1
44803.0 1
44850.0 1
45112.0 1
45735.0 1
45988.0 1
46074.0 1
46092.0 1
46585.0 1
46765.0 1
46806.0 1
46947.0 1
47120.0 1
47246.0 1
47259.0 1
47493.0 1
47909.0 1
48102.0 1
48242.0 1
48257.0 1
48331.0 1
48486.0 1
48563.0 1
49266.0 1
49362.0 1
49957.0 1
50397.0 1
51160.0 1
51655.0 1
51657.0 1
51725.0 1
51920.0 1
52035.0 1
52043.0 1
52444.0 1
52817.0 1
52953.0 1
53240.0 1
53424.0 1
53836.0 1
53860.0 1
53870.0 1
54385.0 1
54628.0 1
54981.0 1
55067.0 1
55340.0 1
55430.0 1
55526.0 1
55528.0 1
55735.0 1
55740.0 1
55781.0 1
56420.0 1
56594.0 1
56619.0 1
56971.0 1
57312.0 1
57391.0 1
57534.0 1
57541.0 1
57683.0 1
57741.0 1
57954.0 1
58035.0 1
58403.0 1
58655.0 1
58685.0 1
58792.0 1
58973.0 1
59729.0 1
60107.0 1
60797.0 1
60843.0 1
60907.0 1
62378.0 1
62827.0 1
63039.0 1
63056.0 1
63090.0 1
63284.0 1
63525.0 1
63603.0 1
63889.0 1
63900.0 1
63962.0 1
64596.0 1
64985.0 1
65229.0 1
65933.0 1
66296.0 1
67011.0 1
67609.0 1
68370.0 1
68754.0 1
68999.0 1
69665.0 1
69870.0 1
70061.0 1
70425.0 1
70953.0 1
70976.0 1
72401.0 1
72921.0 1
73529.0 1
74051.0 1
74523.0 1
74541.0 1
74592.0 1
75123.0 1
75197.0 1
75499.0 1
75720.0 1
76971.0 1
77076.0 1
77634.0 1
77692.0 1
78129.0 1
78826.0 1
79699.0 1
79794.0 1
79805.0 1
80068.0 1
80102.0 1
80162.0 1
81211.0 1
81306.0 1
81387.0 1
81948.0 1
82308.0 1
83878.0 1
84094.0 1
84951.0 1
86156.0 1
86465.0 1
86642.0 1
86747.0 1
87024.0 1
87780.0 1
88550.0 1
88860.0 1
89029.0 1
90082.0 1
90403.0 1
90787.0 1
91215.0 1
91945.0 1
92880.0 1
93769.0 1
94356.0 1
96048.0 1
96063.0 1
96327.0 1
96428.0 1
96432.0 1
96791.0 1
97594.0 1
97629.0 1
98110.0 1
98330.0 1
98624.0 1
99667.0 1
100227.0 1
100965.0 1
102405.0 1
104005.0 1
104221.0 1
104837.0 1
105206.0 1
105795.0 1
107102.0 1
107132.0 1
107844.0 1
108742.0 1
111098.0 1
111693.0 1
112295.0 1
112365.0 1
114594.0 1
122658.0 1
124536.0 1
125414.0 1
125768.0 1
126545.0 1
130079.0 1
131820.0 1
135880.0 1
139179.0 1
141244.0 1
148285.0 1
151526.0 1
152079.0 1
153343.0 1
155872.0 1
169156.0 1
172218.0 1
180182.0 1
188339.0 1
193251.0 1
200995.0 1
205601.0 1
233288.0 1
240127.0 1
241051.0 1
247146.0 1
251910.0 1
253676.0 1
272452.0 1
305847.0 1
310020.0 1
324021.0 1
334167.0 1
363190.0 1
454981.0 1
466651.0 1
494870.0 1
703196.0 1
1053676.0 1
