1.0 115246
2.0 39349
3.0 20182
4.0 12957
5.0 9108
6.0 7110
7.0 5675
8.0 4656
9.0 3910
10.0 3322
11.0 2977
12.0 2478
13.0 2303
14.0 2031
15.0 1837
16.0 1638
17.0 1522
18.0 1354
19.0 1299
20.0 1173
21.0 1104
22.0 995
23.0 943
24.0 854
25.0 777
26.0 795
27.0 715
28.0 694
29.0 678
30.0 620
31.0 620
32.0 575
33.0 596
34.0 561
35.0 506
36.0 515
37.0 497
38.0 462
39.0 458
40.0 374
41.0 404
42.0 392
43.0 352
44.0 366
45.0 371
46.0 344
47.0 325
48.0 314
49.0 318
50.0 297
51.0 274
52.0 300
53.0 257
54.0 258
55.0 254
56.0 272
57.0 262
58.0 238
59.0 222
60.0 233
61.0 232
62.0 190
63.0 207
64.0 203
65.0 190
66.0 179
67.0 184
68.0 186
69.0 163
70.0 175
71.0 165
72.0 169
73.0 168
74.0 125
75.0 157
76.0 153
77.0 148
78.0 122
79.0 133
80.0 145
81.0 149
82.0 123
83.0 130
84.0 103
85.0 129
86.0 138
87.0 139
88.0 134
89.0 121
90.0 129
91.0 124
92.0 114
93.0 119
94.0 124
95.0 92
96.0 101
97.0 110
98.0 110
99.0 101
100.0 89
101.0 89
102.0 103
103.0 95
104.0 95
105.0 98
106.0 90
107.0 106
108.0 95
109.0 83
110.0 74
111.0 78
112.0 74
113.0 92
114.0 74
115.0 80
116.0 85
117.0 75
118.0 78
119.0 71
120.0 83
121.0 63
122.0 78
123.0 71
124.0 68
125.0 74
126.0 67
127.0 71
128.0 56
129.0 68
130.0 62
131.0 62
132.0 63
133.0 72
134.0 66
135.0 64
136.0 58
137.0 62
138.0 58
139.0 55
140.0 64
141.0 70
142.0 62
143.0 76
144.0 73
145.0 58
146.0 57
147.0 58
148.0 53
149.0 54
150.0 61
151.0 54
152.0 56
153.0 57
154.0 67
155.0 56
156.0 53
157.0 47
158.0 55
159.0 48
160.0 50
161.0 37
162.0 52
163.0 58
164.0 59
165.0 50
166.0 43
167.0 54
168.0 52
169.0 39
170.0 33
171.0 43
172.0 45
173.0 35
174.0 36
175.0 30
176.0 40
177.0 30
178.0 52
179.0 45
180.0 39
181.0 46
182.0 39
183.0 38
184.0 32
185.0 37
186.0 39
187.0 35
188.0 38
189.0 35
190.0 35
191.0 36
192.0 32
193.0 39
194.0 34
195.0 45
196.0 31
197.0 40
198.0 39
199.0 49
200.0 35
201.0 30
202.0 32
203.0 37
204.0 30
205.0 39
206.0 44
207.0 34
208.0 34
209.0 36
210.0 24
211.0 25
212.0 30
213.0 38
214.0 31
215.0 39
216.0 36
217.0 39
218.0 31
219.0 41
220.0 30
221.0 33
222.0 37
223.0 31
224.0 32
225.0 32
226.0 33
227.0 22
228.0 43
229.0 27
230.0 28
231.0 23
232.0 36
233.0 23
234.0 33
235.0 19
236.0 19
237.0 24
238.0 34
239.0 38
240.0 27
241.0 36
242.0 19
243.0 27
244.0 21
245.0 24
246.0 32
247.0 27
248.0 18
249.0 29
250.0 29
251.0 30
252.0 14
253.0 34
254.0 24
255.0 21
256.0 23
257.0 31
258.0 21
259.0 24
260.0 22
261.0 23
262.0 22
263.0 20
264.0 25
265.0 23
266.0 27
267.0 23
268.0 15
269.0 30
270.0 19
271.0 28
272.0 24
273.0 24
274.0 25
275.0 18
276.0 23
277.0 27
278.0 27
279.0 17
280.0 25
281.0 23
282.0 16
283.0 35
284.0 31
285.0 19
286.0 18
287.0 22
288.0 25
289.0 33
290.0 28
291.0 18
292.0 29
293.0 14
294.0 21
295.0 22
296.0 18
297.0 14
298.0 22
299.0 16
300.0 19
301.0 21
302.0 15
303.0 24
304.0 17
305.0 21
306.0 16
307.0 19
308.0 20
309.0 13
310.0 21
311.0 14
312.0 14
313.0 23
314.0 13
315.0 14
316.0 19
317.0 13
318.0 10
319.0 19
320.0 20
321.0 21
322.0 14
323.0 16
324.0 11
325.0 11
326.0 17
327.0 21
328.0 17
329.0 15
330.0 20
331.0 20
332.0 11
333.0 11
334.0 17
335.0 13
336.0 21
337.0 19
338.0 17
339.0 18
340.0 22
341.0 20
342.0 13
343.0 18
344.0 11
345.0 18
346.0 16
347.0 11
348.0 21
349.0 15
350.0 14
351.0 14
352.0 16
353.0 13
354.0 21
355.0 16
356.0 21
357.0 20
358.0 16
359.0 18
360.0 14
361.0 15
362.0 12
363.0 11
364.0 23
365.0 15
366.0 15
367.0 12
368.0 11
369.0 12
370.0 16
371.0 14
372.0 10
373.0 12
374.0 5
375.0 16
376.0 10
377.0 14
378.0 13
379.0 10
380.0 11
381.0 15
382.0 16
383.0 20
384.0 18
385.0 20
386.0 8
387.0 12
388.0 14
389.0 13
390.0 16
391.0 12
392.0 6
393.0 11
394.0 13
395.0 15
396.0 20
397.0 13
398.0 11
399.0 12
400.0 10
401.0 8
402.0 6
403.0 16
404.0 8
405.0 13
406.0 9
407.0 16
408.0 14
409.0 14
410.0 7
411.0 11
412.0 8
413.0 11
414.0 13
415.0 11
416.0 12
417.0 8
418.0 14
419.0 13
420.0 13
421.0 7
422.0 14
423.0 20
424.0 7
425.0 7
426.0 10
427.0 9
428.0 19
429.0 6
430.0 7
431.0 7
432.0 10
433.0 11
434.0 16
435.0 7
436.0 9
437.0 7
438.0 12
439.0 8
440.0 8
441.0 8
442.0 9
443.0 14
444.0 14
445.0 12
446.0 8
447.0 10
448.0 12
449.0 6
450.0 11
451.0 8
452.0 13
453.0 11
454.0 13
455.0 6
456.0 13
457.0 8
458.0 9
459.0 8
460.0 8
461.0 11
462.0 7
463.0 9
464.0 11
465.0 18
466.0 8
467.0 10
468.0 12
469.0 8
470.0 14
471.0 11
472.0 6
473.0 9
474.0 5
475.0 14
476.0 11
477.0 11
478.0 9
479.0 8
480.0 10
481.0 8
482.0 12
483.0 12
484.0 10
485.0 14
486.0 11
487.0 17
488.0 8
489.0 8
490.0 7
491.0 10
492.0 6
493.0 4
494.0 10
495.0 10
496.0 7
497.0 6
498.0 9
499.0 11
500.0 10
501.0 9
502.0 4
503.0 10
504.0 12
505.0 8
506.0 7
507.0 7
508.0 6
509.0 10
510.0 7
511.0 9
512.0 7
513.0 6
514.0 13
515.0 10
516.0 6
517.0 5
518.0 8
519.0 12
520.0 9
521.0 9
522.0 6
523.0 9
524.0 11
525.0 8
526.0 8
527.0 9
528.0 11
529.0 19
530.0 9
531.0 9
532.0 8
533.0 8
534.0 14
535.0 6
536.0 13
537.0 1
538.0 7
539.0 5
540.0 9
541.0 10
542.0 4
543.0 4
544.0 9
545.0 13
546.0 4
547.0 9
548.0 5
549.0 7
550.0 3
551.0 7
552.0 8
553.0 12
554.0 8
555.0 6
556.0 7
557.0 5
558.0 8
559.0 8
560.0 11
561.0 5
562.0 4
563.0 7
564.0 11
565.0 6
566.0 4
567.0 10
568.0 8
569.0 4
570.0 9
571.0 11
572.0 4
573.0 10
574.0 4
575.0 8
576.0 7
577.0 6
578.0 13
579.0 9
580.0 5
581.0 6
582.0 13
583.0 4
584.0 5
585.0 7
586.0 4
587.0 3
588.0 7
589.0 6
590.0 2
591.0 4
592.0 7
593.0 8
594.0 8
595.0 7
596.0 6
597.0 7
598.0 4
599.0 2
600.0 8
601.0 6
602.0 6
603.0 10
604.0 7
605.0 5
606.0 8
607.0 6
608.0 6
609.0 6
610.0 5
611.0 11
612.0 5
613.0 8
614.0 6
615.0 3
616.0 8
617.0 3
618.0 5
619.0 3
620.0 10
621.0 5
622.0 9
623.0 5
624.0 8
625.0 10
626.0 9
627.0 12
628.0 5
629.0 6
630.0 4
631.0 5
632.0 6
633.0 9
634.0 4
635.0 3
636.0 10
638.0 6
639.0 8
640.0 5
641.0 4
642.0 10
643.0 15
644.0 2
645.0 4
646.0 5
647.0 4
648.0 5
649.0 3
650.0 8
651.0 2
652.0 6
653.0 9
654.0 10
655.0 6
656.0 1
657.0 4
658.0 3
659.0 9
660.0 6
661.0 3
662.0 3
663.0 4
664.0 9
665.0 5
666.0 8
667.0 6
668.0 4
669.0 4
670.0 7
671.0 2
672.0 5
673.0 6
674.0 5
675.0 8
676.0 6
677.0 5
678.0 7
679.0 4
680.0 7
681.0 2
682.0 2
683.0 7
684.0 5
685.0 4
686.0 7
687.0 10
688.0 3
689.0 7
690.0 7
691.0 1
692.0 6
693.0 8
694.0 5
695.0 4
696.0 3
697.0 2
698.0 3
699.0 3
700.0 4
701.0 5
702.0 2
703.0 7
704.0 4
705.0 3
706.0 11
707.0 8
708.0 11
709.0 5
710.0 4
711.0 8
712.0 5
713.0 5
714.0 7
715.0 8
716.0 6
717.0 4
718.0 5
719.0 4
720.0 7
721.0 6
722.0 5
723.0 5
724.0 4
725.0 3
726.0 4
727.0 2
728.0 3
729.0 6
730.0 6
731.0 1
732.0 9
733.0 2
734.0 5
735.0 5
736.0 5
737.0 5
738.0 9
739.0 4
740.0 3
741.0 5
742.0 5
743.0 7
744.0 5
745.0 2
746.0 5
747.0 4
748.0 4
749.0 9
750.0 6
751.0 3
752.0 3
754.0 5
755.0 3
756.0 5
757.0 6
758.0 7
759.0 1
760.0 4
761.0 4
762.0 7
763.0 7
764.0 2
765.0 2
766.0 2
767.0 6
768.0 3
769.0 5
770.0 2
771.0 7
772.0 7
773.0 5
774.0 7
775.0 2
776.0 3
777.0 5
778.0 7
779.0 4
780.0 10
781.0 6
782.0 5
783.0 4
784.0 6
785.0 6
786.0 7
787.0 2
788.0 3
789.0 2
790.0 7
791.0 2
792.0 5
793.0 4
794.0 2
795.0 3
796.0 3
797.0 2
798.0 5
799.0 9
800.0 5
801.0 7
802.0 3
803.0 2
804.0 5
805.0 5
806.0 6
807.0 4
808.0 3
809.0 3
810.0 1
811.0 2
812.0 1
813.0 3
814.0 2
815.0 7
816.0 3
817.0 9
818.0 1
819.0 5
820.0 2
821.0 6
822.0 6
823.0 8
824.0 3
825.0 1
826.0 6
827.0 4
828.0 2
829.0 1
830.0 2
831.0 1
832.0 8
833.0 3
834.0 5
835.0 2
836.0 7
837.0 2
838.0 2
839.0 1
840.0 2
841.0 4
842.0 2
843.0 5
844.0 5
845.0 3
846.0 3
847.0 4
848.0 3
849.0 7
850.0 1
851.0 7
852.0 4
853.0 11
854.0 4
855.0 4
856.0 3
857.0 6
858.0 4
859.0 5
860.0 7
861.0 1
862.0 5
863.0 1
864.0 2
865.0 4
866.0 5
867.0 2
868.0 4
869.0 6
870.0 3
871.0 5
872.0 3
873.0 7
874.0 4
875.0 1
876.0 3
877.0 1
878.0 2
879.0 5
880.0 3
881.0 2
883.0 2
884.0 8
885.0 3
886.0 2
887.0 4
888.0 1
889.0 1
890.0 3
891.0 4
892.0 3
893.0 2
894.0 7
895.0 2
896.0 1
897.0 3
898.0 1
899.0 2
900.0 5
901.0 2
903.0 6
904.0 4
905.0 5
906.0 4
907.0 2
908.0 2
909.0 5
910.0 6
911.0 2
912.0 6
913.0 7
914.0 5
915.0 3
916.0 2
917.0 1
918.0 7
919.0 1
920.0 2
921.0 2
922.0 4
923.0 4
924.0 2
925.0 7
926.0 4
927.0 3
928.0 5
929.0 5
930.0 3
931.0 2
932.0 2
933.0 3
934.0 1
935.0 5
936.0 1
937.0 6
938.0 3
939.0 3
940.0 6
941.0 5
942.0 2
944.0 5
946.0 4
947.0 3
948.0 2
949.0 3
950.0 2
951.0 6
952.0 4
953.0 3
954.0 6
955.0 3
956.0 3
957.0 5
958.0 5
959.0 2
961.0 3
962.0 4
963.0 1
964.0 2
965.0 2
967.0 2
968.0 3
969.0 4
970.0 4
971.0 5
972.0 2
973.0 2
974.0 1
975.0 4
976.0 2
977.0 1
978.0 2
979.0 3
980.0 6
981.0 1
982.0 1
983.0 8
984.0 4
985.0 2
986.0 4
987.0 3
988.0 3
989.0 5
990.0 5
991.0 4
992.0 3
993.0 5
994.0 6
995.0 2
996.0 4
997.0 1
998.0 3
999.0 2
1000.0 5
1001.0 2
1002.0 7
1003.0 3
1004.0 3
1005.0 5
1006.0 2
1007.0 2
1008.0 2
1009.0 3
1010.0 1
1011.0 2
1012.0 4
1013.0 2
1014.0 1
1015.0 7
1016.0 1
1017.0 2
1018.0 2
1019.0 2
1020.0 4
1021.0 3
1022.0 1
1023.0 1
1024.0 7
1025.0 3
1026.0 2
1027.0 2
1028.0 2
1029.0 2
1030.0 3
1031.0 1
1032.0 2
1033.0 7
1035.0 3
1036.0 2
1037.0 2
1038.0 1
1039.0 4
1040.0 4
1041.0 1
1042.0 5
1043.0 3
1044.0 4
1045.0 2
1046.0 2
1047.0 1
1048.0 3
1049.0 3
1050.0 1
1051.0 2
1053.0 4
1054.0 5
1055.0 6
1056.0 3
1057.0 3
1058.0 3
1059.0 2
1060.0 1
1061.0 4
1062.0 5
1063.0 3
1064.0 1
1065.0 1
1066.0 2
1067.0 3
1068.0 2
1069.0 3
1070.0 2
1071.0 4
1072.0 2
1073.0 4
1074.0 6
1075.0 4
1077.0 5
1078.0 3
1079.0 1
1080.0 4
1081.0 2
1082.0 2
1083.0 3
1084.0 3
1085.0 2
1086.0 4
1087.0 4
1088.0 5
1089.0 1
1090.0 3
1091.0 4
1092.0 1
1093.0 1
1094.0 4
1095.0 3
1096.0 1
1097.0 2
1098.0 6
1099.0 2
1100.0 1
1101.0 2
1102.0 4
1103.0 1
1104.0 1
1105.0 1
1106.0 4
1107.0 5
1108.0 3
1109.0 1
1110.0 1
1111.0 5
1112.0 4
1113.0 3
1114.0 2
1115.0 4
1116.0 2
1117.0 2
1118.0 1
1119.0 1
1120.0 3
1121.0 4
1122.0 6
1123.0 2
1124.0 1
1125.0 1
1126.0 1
1127.0 3
1129.0 2
1130.0 2
1131.0 4
1132.0 1
1134.0 5
1135.0 1
1137.0 2
1138.0 2
1139.0 2
1140.0 5
1141.0 4
1142.0 1
1143.0 4
1144.0 2
1145.0 3
1146.0 2
1147.0 1
1148.0 4
1149.0 4
1150.0 5
1151.0 2
1152.0 2
1153.0 2
1154.0 1
1155.0 2
1156.0 3
1157.0 3
1158.0 2
1160.0 5
1161.0 3
1162.0 1
1163.0 3
1165.0 2
1166.0 2
1167.0 3
1168.0 1
1169.0 4
1171.0 4
1172.0 2
1173.0 1
1174.0 2
1176.0 3
1177.0 1
1178.0 4
1179.0 2
1180.0 1
1181.0 1
1182.0 2
1184.0 5
1185.0 4
1187.0 2
1188.0 2
1189.0 3
1190.0 2
1191.0 3
1192.0 3
1193.0 4
1194.0 1
1195.0 4
1196.0 2
1198.0 1
1199.0 1
1200.0 1
1202.0 3
1203.0 2
1204.0 1
1205.0 2
1206.0 5
1209.0 1
1210.0 3
1211.0 4
1212.0 2
1213.0 2
1214.0 1
1215.0 1
1216.0 4
1217.0 5
1218.0 3
1219.0 2
1221.0 2
1222.0 4
1223.0 1
1224.0 3
1225.0 3
1226.0 4
1227.0 3
1228.0 1
1229.0 2
1230.0 5
1231.0 2
1232.0 1
1235.0 1
1236.0 4
1237.0 2
1238.0 3
1239.0 4
1240.0 1
1241.0 2
1242.0 1
1243.0 1
1244.0 2
1246.0 4
1247.0 4
1249.0 3
1250.0 4
1251.0 5
1252.0 1
1255.0 1
1256.0 3
1257.0 2
1258.0 3
1260.0 2
1261.0 3
1262.0 2
1263.0 2
1264.0 3
1265.0 3
1266.0 3
1268.0 1
1269.0 1
1270.0 2
1271.0 1
1272.0 1
1273.0 1
1274.0 2
1275.0 1
1276.0 2
1277.0 3
1278.0 2
1279.0 3
1280.0 1
1281.0 4
1283.0 1
1284.0 2
1285.0 3
1286.0 1
1287.0 2
1288.0 4
1289.0 2
1290.0 1
1291.0 1
1292.0 2
1293.0 2
1294.0 1
1297.0 1
1298.0 2
1299.0 3
1300.0 1
1301.0 4
1302.0 4
1303.0 2
1304.0 1
1305.0 1
1306.0 4
1307.0 1
1309.0 4
1310.0 2
1311.0 2
1312.0 5
1313.0 2
1314.0 2
1315.0 3
1316.0 2
1317.0 2
1318.0 6
1319.0 2
1321.0 5
1322.0 3
1323.0 4
1324.0 2
1325.0 1
1328.0 4
1329.0 1
1330.0 1
1331.0 3
1332.0 2
1333.0 2
1334.0 2
1335.0 1
1337.0 2
1338.0 3
1340.0 2
1341.0 2
1343.0 2
1344.0 3
1345.0 3
1346.0 2
1347.0 1
1348.0 1
1349.0 1
1350.0 1
1351.0 2
1353.0 1
1355.0 2
1356.0 1
1358.0 2
1359.0 1
1360.0 1
1362.0 3
1363.0 3
1364.0 1
1365.0 1
1366.0 3
1369.0 2
1370.0 2
1371.0 2
1373.0 6
1374.0 1
1375.0 2
1377.0 2
1379.0 2
1380.0 1
1381.0 1
1382.0 2
1383.0 2
1384.0 3
1385.0 2
1387.0 2
1388.0 1
1389.0 2
1390.0 5
1391.0 1
1392.0 2
1393.0 1
1394.0 1
1395.0 1
1396.0 1
1397.0 1
1398.0 1
1399.0 1
1400.0 4
1401.0 3
1404.0 3
1406.0 1
1407.0 2
1408.0 2
1409.0 1
1410.0 4
1411.0 1
1412.0 2
1413.0 1
1414.0 1
1415.0 1
1416.0 2
1417.0 5
1418.0 1
1419.0 3
1420.0 2
1421.0 2
1423.0 2
1425.0 3
1426.0 2
1427.0 5
1428.0 3
1429.0 1
1432.0 3
1433.0 2
1434.0 2
1435.0 2
1436.0 1
1438.0 1
1439.0 2
1440.0 1
1441.0 3
1442.0 2
1443.0 6
1444.0 3
1445.0 1
1446.0 2
1447.0 2
1448.0 4
1451.0 4
1453.0 1
1454.0 1
1455.0 2
1456.0 1
1457.0 2
1458.0 1
1459.0 1
1460.0 2
1461.0 2
1462.0 3
1463.0 1
1464.0 1
1465.0 1
1466.0 2
1467.0 2
1469.0 1
1470.0 1
1471.0 2
1472.0 1
1473.0 2
1474.0 2
1475.0 2
1476.0 4
1477.0 1
1478.0 1
1479.0 2
1480.0 3
1481.0 1
1482.0 2
1483.0 1
1484.0 1
1485.0 2
1486.0 1
1487.0 1
1488.0 1
1489.0 2
1491.0 1
1492.0 1
1493.0 1
1494.0 3
1495.0 5
1496.0 3
1497.0 2
1500.0 1
1501.0 4
1502.0 1
1503.0 1
1504.0 6
1505.0 3
1506.0 3
1507.0 1
1508.0 1
1509.0 3
1510.0 3
1513.0 2
1514.0 1
1515.0 3
1517.0 4
1518.0 3
1519.0 1
1520.0 3
1521.0 1
1524.0 3
1525.0 2
1527.0 3
1528.0 1
1529.0 5
1530.0 1
1531.0 1
1533.0 1
1534.0 2
1535.0 1
1537.0 2
1538.0 2
1541.0 5
1543.0 1
1545.0 1
1546.0 2
1548.0 2
1549.0 1
1550.0 3
1551.0 3
1552.0 1
1553.0 1
1554.0 2
1555.0 2
1556.0 2
1558.0 2
1559.0 5
1560.0 3
1561.0 1
1563.0 1
1564.0 2
1565.0 1
1566.0 2
1567.0 2
1570.0 2
1571.0 2
1572.0 1
1573.0 6
1574.0 1
1575.0 2
1576.0 1
1577.0 1
1578.0 2
1580.0 3
1581.0 2
1584.0 2
1585.0 2
1587.0 2
1588.0 2
1589.0 1
1592.0 1
1593.0 1
1594.0 1
1596.0 1
1597.0 1
1598.0 1
1599.0 1
1600.0 1
1601.0 1
1602.0 1
1604.0 3
1605.0 1
1606.0 1
1607.0 1
1608.0 4
1609.0 2
1610.0 1
1611.0 1
1612.0 1
1613.0 1
1615.0 1
1616.0 1
1620.0 1
1622.0 1
1623.0 1
1624.0 2
1625.0 3
1628.0 1
1629.0 2
1634.0 2
1635.0 1
1636.0 2
1638.0 2
1639.0 2
1640.0 2
1641.0 1
1642.0 1
1643.0 2
1644.0 1
1645.0 1
1647.0 3
1648.0 1
1649.0 2
1650.0 3
1651.0 2
1653.0 1
1654.0 3
1655.0 2
1656.0 1
1657.0 3
1658.0 2
1659.0 5
1660.0 1
1661.0 5
1665.0 1
1666.0 2
1671.0 1
1672.0 1
1673.0 1
1674.0 3
1675.0 1
1676.0 2
1679.0 2
1681.0 2
1683.0 4
1685.0 1
1688.0 3
1689.0 1
1690.0 1
1691.0 3
1694.0 1
1695.0 2
1697.0 1
1698.0 1
1699.0 2
1700.0 1
1701.0 2
1702.0 1
1703.0 1
1704.0 1
1706.0 2
1707.0 1
1708.0 1
1709.0 1
1710.0 2
1711.0 1
1712.0 3
1714.0 3
1715.0 2
1716.0 3
1719.0 1
1720.0 2
1722.0 1
1723.0 3
1724.0 1
1725.0 2
1726.0 2
1728.0 1
1730.0 2
1731.0 1
1732.0 3
1733.0 1
1734.0 1
1736.0 2
1737.0 2
1739.0 1
1740.0 1
1741.0 3
1742.0 1
1743.0 1
1744.0 1
1745.0 1
1749.0 4
1751.0 1
1752.0 2
1753.0 1
1756.0 1
1757.0 3
1758.0 1
1760.0 1
1761.0 3
1762.0 1
1763.0 1
1764.0 2
1766.0 2
1767.0 4
1768.0 1
1769.0 3
1770.0 3
1771.0 2
1772.0 2
1773.0 1
1774.0 4
1776.0 3
1777.0 1
1778.0 3
1779.0 1
1784.0 1
1786.0 1
1788.0 1
1789.0 1
1790.0 2
1791.0 1
1792.0 1
1794.0 1
1796.0 1
1797.0 1
1799.0 1
1801.0 1
1802.0 2
1803.0 1
1804.0 2
1805.0 1
1806.0 2
1807.0 2
1809.0 1
1811.0 2
1815.0 1
1817.0 1
1819.0 1
1820.0 2
1821.0 1
1825.0 1
1827.0 1
1828.0 4
1829.0 1
1830.0 2
1836.0 1
1837.0 1
1839.0 2
1840.0 4
1841.0 3
1842.0 2
1844.0 1
1845.0 5
1848.0 1
1849.0 1
1850.0 2
1852.0 1
1854.0 1
1857.0 1
1858.0 2
1859.0 1
1861.0 1
1862.0 2
1863.0 2
1864.0 2
1865.0 2
1866.0 2
1869.0 1
1870.0 1
1872.0 1
1873.0 2
1874.0 3
1876.0 2
1878.0 1
1881.0 1
1882.0 1
1884.0 3
1886.0 1
1887.0 2
1888.0 1
1889.0 2
1893.0 2
1895.0 1
1897.0 1
1898.0 1
1900.0 1
1902.0 1
1903.0 1
1904.0 2
1907.0 2
1909.0 1
1910.0 1
1911.0 2
1913.0 1
1916.0 1
1917.0 1
1919.0 2
1920.0 1
1922.0 1
1923.0 1
1925.0 3
1927.0 2
1928.0 2
1929.0 2
1931.0 2
1932.0 1
1933.0 1
1934.0 1
1935.0 2
1936.0 3
1938.0 3
1939.0 2
1941.0 2
1942.0 1
1943.0 1
1945.0 2
1946.0 1
1947.0 1
1948.0 1
1949.0 1
1950.0 3
1951.0 1
1952.0 2
1956.0 1
1957.0 1
1958.0 1
1959.0 1
1962.0 2
1965.0 1
1968.0 3
1970.0 2
1978.0 2
1979.0 3
1980.0 1
1981.0 3
1982.0 3
1983.0 1
1984.0 2
1986.0 1
1987.0 1
1988.0 2
1989.0 1
1990.0 1
1991.0 1
1992.0 1
1994.0 3
1995.0 2
1998.0 1
2000.0 1
2008.0 2
2009.0 2
2010.0 1
2011.0 1
2013.0 1
2015.0 1
2017.0 3
2018.0 1
2019.0 1
2021.0 1
2024.0 1
2027.0 2
2028.0 1
2029.0 1
2030.0 2
2031.0 1
2032.0 2
2033.0 1
2035.0 3
2036.0 2
2037.0 1
2038.0 3
2040.0 1
2043.0 1
2044.0 1
2045.0 2
2047.0 3
2048.0 1
2050.0 1
2053.0 3
2056.0 1
2057.0 1
2059.0 1
2060.0 2
2061.0 2
2063.0 1
2065.0 1
2066.0 1
2067.0 1
2068.0 1
2070.0 1
2071.0 1
2072.0 1
2074.0 1
2075.0 2
2076.0 3
2077.0 2
2080.0 4
2081.0 1
2082.0 1
2083.0 1
2085.0 2
2088.0 1
2089.0 1
2090.0 1
2091.0 2
2092.0 1
2093.0 1
2094.0 1
2095.0 2
2096.0 2
2098.0 1
2099.0 1
2100.0 2
2101.0 1
2103.0 2
2104.0 1
2105.0 1
2106.0 1
2107.0 2
2108.0 1
2109.0 1
2111.0 1
2112.0 1
2115.0 2
2116.0 1
2117.0 1
2118.0 2
2120.0 1
2121.0 2
2123.0 4
2125.0 1
2126.0 2
2131.0 1
2132.0 2
2133.0 1
2135.0 1
2136.0 3
2137.0 1
2138.0 1
2139.0 3
2141.0 1
2143.0 2
2146.0 1
2148.0 1
2150.0 1
2151.0 1
2152.0 1
2153.0 2
2154.0 2
2155.0 1
2156.0 2
2157.0 1
2158.0 1
2161.0 2
2165.0 1
2167.0 1
2169.0 1
2171.0 3
2173.0 1
2175.0 1
2177.0 1
2178.0 1
2179.0 1
2181.0 2
2184.0 1
2185.0 1
2186.0 1
2190.0 2
2193.0 1
2197.0 1
2201.0 1
2203.0 1
2204.0 2
2205.0 3
2208.0 2
2209.0 2
2212.0 1
2214.0 1
2215.0 2
2216.0 2
2217.0 1
2218.0 2
2219.0 2
2221.0 1
2222.0 2
2223.0 2
2226.0 3
2227.0 1
2228.0 2
2230.0 2
2232.0 2
2233.0 1
2234.0 1
2235.0 3
2237.0 1
2238.0 2
2240.0 1
2241.0 2
2242.0 1
2243.0 1
2244.0 1
2247.0 1
2250.0 3
2252.0 2
2254.0 2
2255.0 1
2257.0 1
2258.0 1
2259.0 2
2260.0 1
2261.0 1
2262.0 1
2263.0 1
2268.0 1
2271.0 1
2273.0 2
2274.0 1
2275.0 1
2276.0 1
2277.0 2
2278.0 1
2280.0 1
2281.0 1
2283.0 1
2285.0 1
2287.0 3
2288.0 2
2290.0 1
2293.0 2
2295.0 2
2300.0 1
2302.0 1
2303.0 2
2305.0 1
2306.0 2
2309.0 1
2311.0 1
2312.0 1
2313.0 1
2315.0 2
2319.0 1
2320.0 3
2321.0 2
2325.0 1
2326.0 2
2329.0 1
2330.0 2
2332.0 1
2334.0 1
2336.0 4
2337.0 1
2338.0 1
2339.0 2
2340.0 1
2341.0 1
2343.0 1
2344.0 1
2347.0 1
2349.0 2
2350.0 1
2353.0 1
2354.0 2
2356.0 1
2357.0 1
2359.0 1
2361.0 1
2362.0 1
2363.0 3
2366.0 1
2367.0 1
2368.0 1
2369.0 1
2372.0 2
2374.0 1
2375.0 1
2378.0 1
2380.0 1
2384.0 1
2385.0 2
2386.0 3
2387.0 1
2390.0 2
2393.0 1
2395.0 1
2396.0 1
2397.0 3
2398.0 1
2399.0 3
2400.0 1
2401.0 2
2404.0 2
2405.0 1
2406.0 2
2408.0 1
2412.0 1
2415.0 1
2416.0 1
2417.0 4
2418.0 1
2419.0 1
2421.0 3
2422.0 1
2423.0 1
2425.0 2
2428.0 1
2429.0 2
2430.0 1
2431.0 1
2433.0 2
2435.0 2
2436.0 1
2437.0 1
2440.0 2
2445.0 3
2446.0 3
2448.0 2
2449.0 3
2450.0 1
2452.0 2
2455.0 2
2456.0 1
2457.0 1
2459.0 1
2460.0 1
2462.0 1
2465.0 1
2466.0 2
2468.0 1
2479.0 1
2482.0 1
2486.0 2
2487.0 1
2488.0 1
2491.0 2
2497.0 1
2498.0 1
2499.0 1
2500.0 3
2501.0 1
2502.0 1
2503.0 1
2504.0 1
2505.0 1
2506.0 1
2510.0 1
2511.0 2
2512.0 1
2513.0 1
2515.0 1
2516.0 2
2518.0 1
2525.0 1
2527.0 2
2531.0 1
2532.0 1
2533.0 1
2534.0 4
2537.0 1
2540.0 2
2542.0 1
2543.0 1
2544.0 2
2545.0 1
2546.0 1
2549.0 1
2550.0 1
2551.0 2
2553.0 1
2556.0 1
2558.0 1
2559.0 1
2560.0 1
2562.0 1
2563.0 1
2565.0 2
2566.0 1
2568.0 1
2570.0 1
2572.0 1
2573.0 1
2574.0 1
2576.0 1
2577.0 2
2579.0 3
2582.0 1
2586.0 1
2587.0 2
2590.0 1
2591.0 2
2592.0 2
2594.0 1
2596.0 2
2597.0 1
2598.0 2
2599.0 1
2600.0 3
2602.0 1
2607.0 1
2609.0 1
2613.0 3
2616.0 1
2619.0 1
2620.0 1
2621.0 1
2623.0 1
2624.0 3
2625.0 1
2626.0 2
2631.0 1
2633.0 1
2635.0 1
2638.0 2
2641.0 2
2642.0 1
2643.0 1
2645.0 1
2647.0 1
2648.0 2
2649.0 2
2650.0 2
2653.0 1
2654.0 1
2655.0 1
2659.0 1
2660.0 2
2663.0 2
2664.0 1
2667.0 2
2670.0 1
2672.0 2
2676.0 1
2678.0 1
2683.0 2
2686.0 1
2687.0 1
2689.0 1
2690.0 1
2693.0 1
2694.0 1
2695.0 2
2696.0 2
2703.0 2
2704.0 2
2705.0 1
2707.0 1
2708.0 1
2710.0 1
2713.0 1
2714.0 1
2717.0 2
2719.0 1
2720.0 1
2722.0 1
2723.0 1
2726.0 1
2728.0 1
2732.0 1
2733.0 1
2734.0 1
2737.0 1
2739.0 1
2741.0 1
2747.0 3
2750.0 1
2752.0 1
2753.0 1
2755.0 1
2756.0 1
2760.0 1
2761.0 1
2762.0 1
2763.0 1
2764.0 1
2767.0 2
2769.0 2
2771.0 1
2774.0 1
2776.0 1
2780.0 1
2781.0 1
2785.0 1
2787.0 2
2789.0 3
2790.0 1
2791.0 1
2797.0 1
2799.0 1
2800.0 1
2801.0 2
2802.0 1
2804.0 1
2807.0 1
2811.0 1
2812.0 1
2814.0 1
2817.0 1
2820.0 1
2821.0 1
2824.0 3
2827.0 2
2829.0 2
2831.0 1
2833.0 2
2834.0 1
2836.0 1
2839.0 1
2842.0 1
2843.0 1
2849.0 1
2853.0 1
2856.0 1
2858.0 1
2860.0 1
2861.0 1
2869.0 1
2873.0 1
2878.0 1
2880.0 1
2886.0 1
2891.0 1
2892.0 1
2893.0 1
2896.0 1
2897.0 2
2898.0 1
2901.0 3
2903.0 2
2905.0 2
2906.0 1
2907.0 1
2912.0 1
2915.0 1
2916.0 1
2917.0 2
2919.0 1
2922.0 1
2924.0 1
2926.0 2
2927.0 1
2928.0 2
2929.0 2
2930.0 1
2931.0 1
2939.0 2
2940.0 1
2941.0 1
2943.0 1
2945.0 2
2946.0 1
2947.0 2
2954.0 1
2960.0 1
2961.0 2
2962.0 1
2964.0 2
2965.0 1
2967.0 1
2968.0 2
2972.0 1
2977.0 1
2979.0 1
2980.0 2
2982.0 1
2983.0 2
2985.0 1
2986.0 1
2987.0 1
2988.0 1
2989.0 2
2992.0 1
2994.0 1
2995.0 1
2996.0 1
2998.0 1
2999.0 1
3005.0 1
3007.0 1
3010.0 1
3011.0 1
3012.0 2
3014.0 2
3016.0 1
3020.0 1
3022.0 1
3027.0 1
3028.0 1
3030.0 1
3033.0 1
3037.0 1
3039.0 1
3041.0 1
3044.0 1
3045.0 1
3047.0 2
3048.0 2
3052.0 1
3053.0 1
3054.0 2
3055.0 3
3061.0 1
3069.0 1
3071.0 2
3072.0 2
3076.0 1
3077.0 1
3079.0 1
3082.0 1
3084.0 1
3087.0 1
3089.0 1
3090.0 1
3091.0 1
3093.0 1
3094.0 2
3095.0 1
3101.0 2
3102.0 1
3104.0 1
3105.0 2
3109.0 2
3111.0 1
3113.0 1
3114.0 3
3115.0 1
3117.0 1
3120.0 2
3125.0 1
3127.0 1
3131.0 2
3132.0 1
3133.0 2
3134.0 1
3135.0 1
3140.0 1
3141.0 2
3145.0 1
3146.0 1
3149.0 1
3150.0 1
3155.0 1
3162.0 1
3164.0 2
3171.0 1
3172.0 2
3174.0 2
3179.0 1
3182.0 1
3187.0 1
3191.0 1
3198.0 3
3201.0 1
3210.0 1
3213.0 1
3216.0 1
3220.0 1
3226.0 1
3227.0 1
3229.0 1
3232.0 1
3234.0 2
3245.0 2
3249.0 1
3255.0 1
3256.0 1
3259.0 1
3264.0 2
3265.0 1
3266.0 1
3267.0 3
3268.0 2
3269.0 1
3271.0 1
3277.0 1
3280.0 2
3283.0 1
3284.0 2
3290.0 1
3295.0 1
3296.0 1
3297.0 1
3298.0 1
3307.0 1
3309.0 1
3310.0 1
3312.0 2
3315.0 1
3316.0 1
3320.0 1
3326.0 1
3329.0 1
3332.0 1
3333.0 1
3334.0 1
3340.0 3
3341.0 1
3342.0 2
3345.0 1
3346.0 1
3347.0 1
3353.0 1
3355.0 1
3356.0 1
3358.0 2
3360.0 4
3362.0 4
3363.0 2
3365.0 2
3367.0 1
3369.0 1
3370.0 1
3373.0 1
3375.0 1
3379.0 2
3380.0 1
3384.0 1
3387.0 1
3390.0 1
3398.0 2
3400.0 1
3402.0 1
3404.0 1
3406.0 1
3416.0 1
3418.0 1
3419.0 2
3421.0 1
3422.0 1
3424.0 1
3425.0 1
3429.0 3
3430.0 1
3434.0 1
3436.0 1
3437.0 1
3438.0 1
3439.0 1
3441.0 1
3442.0 1
3443.0 1
3444.0 1
3445.0 1
3448.0 1
3449.0 1
3450.0 2
3453.0 1
3461.0 2
3463.0 1
3465.0 2
3467.0 2
3469.0 2
3478.0 1
3479.0 2
3481.0 1
3483.0 1
3486.0 1
3492.0 1
3497.0 1
3501.0 1
3502.0 1
3504.0 1
3506.0 1
3512.0 1
3515.0 2
3516.0 1
3518.0 1
3521.0 1
3523.0 1
3525.0 2
3526.0 1
3530.0 1
3532.0 2
3535.0 1
3536.0 1
3538.0 1
3539.0 1
3540.0 1
3543.0 1
3546.0 1
3549.0 2
3554.0 1
3555.0 1
3556.0 1
3557.0 1
3566.0 1
3569.0 1
3572.0 1
3576.0 1
3578.0 2
3579.0 1
3582.0 1
3586.0 1
3587.0 1
3588.0 1
3591.0 1
3594.0 1
3597.0 1
3601.0 1
3611.0 1
3618.0 2
3623.0 1
3625.0 1
3628.0 1
3630.0 2
3632.0 1
3642.0 1
3646.0 3
3647.0 4
3649.0 1
3650.0 2
3652.0 1
3656.0 1
3661.0 1
3662.0 1
3663.0 1
3667.0 2
3669.0 1
3671.0 1
3673.0 1
3677.0 1
3678.0 1
3682.0 1
3684.0 1
3691.0 1
3694.0 1
3695.0 1
3697.0 1
3705.0 1
3707.0 2
3709.0 1
3713.0 1
3715.0 1
3716.0 1
3717.0 2
3718.0 2
3719.0 1
3722.0 1
3724.0 1
3725.0 1
3727.0 1
3730.0 2
3732.0 2
3738.0 1
3741.0 1
3742.0 1
3744.0 2
3747.0 1
3751.0 1
3755.0 1
3767.0 1
3770.0 1
3773.0 1
3775.0 2
3776.0 3
3777.0 3
3780.0 1
3783.0 1
3784.0 1
3785.0 1
3787.0 1
3788.0 1
3792.0 1
3793.0 3
3795.0 2
3796.0 1
3797.0 1
3802.0 2
3805.0 1
3808.0 1
3814.0 2
3820.0 2
3822.0 2
3823.0 1
3825.0 1
3827.0 2
3831.0 1
3836.0 1
3840.0 2
3841.0 2
3843.0 1
3850.0 1
3854.0 2
3855.0 1
3857.0 2
3864.0 1
3865.0 2
3866.0 2
3870.0 1
3871.0 1
3875.0 2
3877.0 1
3878.0 1
3881.0 1
3888.0 1
3897.0 1
3903.0 1
3904.0 1
3915.0 1
3916.0 1
3921.0 1
3922.0 3
3924.0 1
3930.0 1
3933.0 2
3934.0 1
3946.0 1
3950.0 1
3957.0 1
3959.0 1
3960.0 1
3968.0 1
3969.0 1
3977.0 1
3981.0 1
3985.0 1
3988.0 1
3992.0 1
3996.0 1
4000.0 1
4001.0 1
4003.0 1
4005.0 1
4006.0 1
4009.0 1
4014.0 1
4020.0 1
4023.0 1
4030.0 1
4031.0 1
4039.0 1
4041.0 1
4045.0 1
4047.0 2
4049.0 1
4053.0 1
4054.0 1
4059.0 1
4060.0 1
4061.0 1
4065.0 1
4072.0 1
4075.0 1
4080.0 1
4085.0 1
4087.0 1
4094.0 1
4105.0 1
4113.0 1
4116.0 1
4122.0 2
4124.0 1
4132.0 1
4135.0 3
4136.0 1
4137.0 1
4138.0 1
4140.0 1
4142.0 1
4144.0 1
4145.0 1
4147.0 2
4151.0 1
4152.0 1
4154.0 2
4155.0 2
4158.0 2
4160.0 1
4163.0 1
4166.0 2
4168.0 1
4170.0 1
4175.0 1
4180.0 2
4186.0 1
4188.0 1
4189.0 2
4191.0 1
4194.0 1
4197.0 1
4199.0 2
4200.0 1
4201.0 1
4202.0 1
4205.0 1
4208.0 1
4213.0 1
4214.0 1
4215.0 1
4222.0 1
4227.0 1
4234.0 1
4235.0 1
4236.0 1
4249.0 1
4254.0 1
4257.0 1
4259.0 1
4266.0 1
4267.0 1
4277.0 1
4290.0 2
4294.0 1
4295.0 1
4298.0 2
4301.0 1
4303.0 1
4309.0 1
4313.0 2
4314.0 1
4317.0 1
4319.0 1
4326.0 1
4332.0 2
4335.0 2
4343.0 2
4346.0 1
4353.0 2
4354.0 1
4356.0 1
4357.0 1
4358.0 2
4359.0 1
4360.0 1
4366.0 1
4369.0 1
4375.0 1
4376.0 2
4383.0 1
4390.0 1
4397.0 1
4403.0 1
4415.0 1
4418.0 1
4422.0 1
4426.0 2
4428.0 1
4431.0 2
4437.0 1
4439.0 1
4444.0 2
4445.0 1
4448.0 1
4449.0 1
4453.0 4
4455.0 1
4456.0 1
4463.0 1
4465.0 1
4469.0 1
4479.0 1
4483.0 1
4490.0 1
4492.0 1
4495.0 1
4496.0 2
4503.0 2
4508.0 1
4511.0 1
4513.0 1
4514.0 1
4520.0 1
4524.0 1
4527.0 2
4530.0 1
4533.0 1
4540.0 1
4546.0 1
4564.0 1
4575.0 1
4578.0 1
4580.0 1
4582.0 1
4586.0 1
4589.0 1
4590.0 1
4599.0 1
4607.0 1
4610.0 1
4612.0 2
4613.0 1
4615.0 1
4618.0 1
4620.0 3
4623.0 1
4624.0 1
4629.0 1
4638.0 1
4642.0 1
4645.0 1
4647.0 1
4651.0 1
4654.0 1
4664.0 1
4667.0 1
4677.0 1
4680.0 1
4682.0 1
4687.0 1
4692.0 1
4694.0 1
4701.0 1
4703.0 1
4709.0 1
4713.0 1
4721.0 1
4723.0 2
4725.0 1
4727.0 2
4734.0 1
4738.0 1
4746.0 1
4747.0 1
4748.0 1
4749.0 1
4762.0 1
4763.0 1
4765.0 1
4767.0 1
4770.0 1
4773.0 1
4786.0 1
4787.0 1
4790.0 1
4801.0 1
4804.0 1
4808.0 1
4815.0 1
4817.0 1
4824.0 2
4825.0 1
4826.0 1
4827.0 1
4830.0 1
4831.0 1
4832.0 1
4839.0 1
4842.0 1
4843.0 2
4844.0 1
4848.0 1
4849.0 2
4853.0 1
4861.0 1
4868.0 1
4881.0 1
4886.0 1
4887.0 1
4892.0 1
4893.0 1
4894.0 3
4895.0 1
4896.0 1
4902.0 2
4904.0 1
4914.0 1
4917.0 1
4923.0 1
4925.0 1
4928.0 1
4929.0 1
4933.0 1
4934.0 1
4937.0 2
4940.0 1
4943.0 1
4944.0 1
4946.0 1
4948.0 1
4949.0 1
4954.0 2
4956.0 1
4960.0 1
4965.0 1
4970.0 1
4971.0 1
4972.0 1
4973.0 1
4975.0 2
4980.0 1
4987.0 1
5000.0 1
5003.0 1
5007.0 1
5015.0 3
5019.0 1
5025.0 1
5029.0 1
5031.0 1
5037.0 1
5041.0 1
5045.0 1
5046.0 2
5051.0 1
5052.0 1
5057.0 1
5066.0 1
5071.0 1
5077.0 1
5078.0 2
5080.0 1
5083.0 1
5084.0 1
5089.0 1
5090.0 1
5092.0 1
5097.0 1
5102.0 1
5105.0 1
5107.0 1
5122.0 1
5123.0 1
5130.0 1
5132.0 2
5135.0 1
5138.0 1
5144.0 1
5155.0 1
5156.0 1
5165.0 1
5166.0 1
5167.0 1
5175.0 1
5177.0 1
5183.0 2
5184.0 1
5188.0 2
5189.0 1
5191.0 1
5207.0 1
5210.0 2
5212.0 1
5213.0 1
5221.0 1
5227.0 1
5233.0 2
5243.0 1
5247.0 1
5250.0 1
5255.0 1
5258.0 2
5260.0 3
5265.0 1
5269.0 1
5270.0 1
5282.0 1
5301.0 1
5306.0 1
5311.0 1
5313.0 1
5320.0 1
5328.0 1
5329.0 1
5339.0 1
5340.0 2
5342.0 2
5351.0 1
5353.0 1
5367.0 1
5368.0 1
5372.0 1
5373.0 1
5378.0 1
5379.0 1
5383.0 1
5386.0 1
5392.0 2
5405.0 2
5408.0 1
5413.0 1
5419.0 2
5430.0 1
5432.0 1
5438.0 2
5440.0 2
5442.0 1
5469.0 1
5471.0 2
5475.0 1
5483.0 1
5485.0 1
5490.0 1
5492.0 1
5495.0 1
5500.0 1
5506.0 1
5508.0 1
5512.0 1
5515.0 1
5518.0 1
5530.0 1
5532.0 1
5544.0 1
5548.0 1
5549.0 1
5564.0 2
5565.0 1
5574.0 1
5577.0 2
5581.0 1
5589.0 2
5591.0 1
5598.0 1
5611.0 1
5614.0 3
5621.0 1
5623.0 1
5628.0 1
5629.0 1
5636.0 2
5638.0 1
5641.0 1
5643.0 1
5655.0 1
5664.0 1
5668.0 1
5673.0 1
5677.0 1
5679.0 1
5683.0 1
5688.0 1
5695.0 1
5698.0 1
5700.0 1
5703.0 1
5704.0 1
5705.0 1
5708.0 1
5713.0 1
5714.0 1
5717.0 1
5722.0 1
5726.0 1
5731.0 1
5732.0 1
5739.0 1
5740.0 1
5742.0 1
5753.0 1
5763.0 1
5765.0 1
5780.0 1
5806.0 1
5808.0 1
5835.0 1
5837.0 3
5841.0 1
5849.0 1
5863.0 1
5870.0 1
5874.0 1
5877.0 1
5878.0 1
5885.0 1
5895.0 1
5896.0 1
5901.0 1
5913.0 2
5916.0 1
5918.0 1
5921.0 1
5926.0 1
5927.0 1
5931.0 1
5933.0 2
5937.0 1
5938.0 1
5964.0 1
5975.0 1
5984.0 1
5992.0 1
5994.0 1
6008.0 2
6012.0 1
6021.0 1
6024.0 1
6031.0 1
6033.0 1
6034.0 2
6042.0 1
6046.0 1
6047.0 1
6048.0 1
6065.0 1
6070.0 1
6075.0 1
6078.0 1
6079.0 1
6095.0 1
6100.0 1
6104.0 1
6115.0 1
6119.0 1
6137.0 1
6138.0 2
6141.0 1
6142.0 1
6144.0 1
6156.0 2
6157.0 1
6163.0 1
6164.0 1
6171.0 1
6195.0 1
6202.0 1
6203.0 1
6206.0 1
6207.0 1
6215.0 1
6216.0 1
6219.0 1
6220.0 1
6221.0 1
6225.0 1
6236.0 1
6244.0 1
6260.0 1
6267.0 1
6274.0 1
6282.0 1
6290.0 1
6303.0 1
6309.0 1
6316.0 1
6321.0 1
6327.0 1
6328.0 1
6337.0 2
6355.0 1
6356.0 1
6357.0 2
6359.0 1
6363.0 1
6369.0 1
6373.0 1
6375.0 1
6376.0 1
6378.0 1
6400.0 1
6402.0 1
6404.0 1
6414.0 1
6415.0 1
6418.0 1
6419.0 1
6422.0 1
6426.0 1
6432.0 1
6443.0 1
6454.0 1
6464.0 1
6470.0 1
6472.0 1
6478.0 1
6482.0 1
6485.0 1
6499.0 1
6502.0 1
6505.0 1
6512.0 1
6535.0 2
6539.0 1
6542.0 1
6553.0 1
6555.0 1
6564.0 1
6576.0 1
6583.0 1
6610.0 1
6612.0 1
6613.0 1
6624.0 1
6630.0 1
6631.0 1
6635.0 1
6639.0 1
6648.0 1
6650.0 1
6660.0 1
6663.0 1
6665.0 1
6668.0 1
6685.0 1
6697.0 1
6699.0 1
6701.0 1
6706.0 1
6707.0 1
6718.0 1
6721.0 1
6727.0 1
6731.0 1
6752.0 1
6762.0 1
6769.0 2
6774.0 1
6778.0 1
6779.0 2
6786.0 1
6787.0 1
6796.0 1
6816.0 1
6825.0 1
6828.0 1
6831.0 1
6834.0 1
6841.0 1
6848.0 1
6851.0 2
6863.0 1
6898.0 2
6926.0 1
6937.0 1
6947.0 1
6954.0 2
6957.0 1
6973.0 1
6974.0 1
6999.0 1
7003.0 1
7009.0 2
7013.0 1
7025.0 1
7033.0 1
7039.0 1
7044.0 1
7054.0 1
7057.0 1
7071.0 1
7073.0 1
7075.0 2
7079.0 1
7103.0 1
7132.0 1
7138.0 1
7139.0 1
7140.0 1
7141.0 1
7142.0 1
7144.0 1
7145.0 1
7149.0 1
7152.0 1
7163.0 1
7168.0 1
7177.0 1
7178.0 1
7180.0 1
7191.0 1
7193.0 1
7202.0 1
7205.0 1
7206.0 2
7218.0 1
7225.0 1
7233.0 1
7234.0 1
7243.0 1
7246.0 1
7257.0 1
7260.0 2
7280.0 1
7286.0 2
7290.0 1
7291.0 1
7318.0 1
7322.0 1
7331.0 1
7335.0 1
7343.0 1
7353.0 1
7376.0 1
7379.0 1
7383.0 1
7387.0 1
7392.0 1
7393.0 1
7394.0 1
7399.0 1
7408.0 1
7412.0 1
7419.0 2
7427.0 1
7428.0 1
7432.0 1
7434.0 1
7446.0 1
7455.0 1
7462.0 1
7471.0 1
7477.0 2
7484.0 1
7497.0 1
7500.0 1
7504.0 1
7510.0 1
7514.0 1
7520.0 1
7530.0 1
7542.0 1
7547.0 1
7561.0 2
7564.0 1
7568.0 1
7569.0 2
7570.0 1
7575.0 1
7583.0 1
7591.0 1
7595.0 1
7608.0 1
7621.0 1
7634.0 1
7637.0 1
7654.0 1
7665.0 1
7668.0 1
7672.0 1
7691.0 1
7694.0 1
7697.0 1
7705.0 1
7708.0 2
7724.0 2
7725.0 1
7730.0 1
7735.0 1
7736.0 1
7744.0 1
7749.0 1
7755.0 1
7768.0 1
7769.0 1
7780.0 1
7788.0 1
7798.0 1
7799.0 1
7815.0 1
7825.0 1
7828.0 1
7851.0 1
7866.0 1
7879.0 1
7882.0 1
7894.0 1
7895.0 1
7910.0 1
7911.0 1
7914.0 1
7934.0 1
7950.0 1
7954.0 1
7963.0 1
7975.0 1
7984.0 2
7995.0 1
8002.0 1
8013.0 1
8014.0 1
8027.0 1
8031.0 1
8036.0 1
8045.0 1
8058.0 1
8060.0 1
8063.0 1
8080.0 1
8083.0 1
8119.0 1
8120.0 1
8121.0 1
8143.0 1
8150.0 1
8184.0 1
8201.0 1
8229.0 1
8274.0 1
8276.0 1
8277.0 1
8287.0 1
8293.0 2
8296.0 1
8299.0 1
8327.0 1
8332.0 1
8351.0 1
8352.0 1
8354.0 1
8358.0 1
8372.0 1
8381.0 1
8388.0 1
8415.0 1
8418.0 1
8435.0 1
8436.0 1
8445.0 1
8447.0 1
8451.0 1
8454.0 1
8476.0 1
8489.0 1
8501.0 1
8504.0 1
8512.0 1
8516.0 1
8517.0 1
8528.0 1
8532.0 1
8538.0 1
8556.0 1
8562.0 1
8565.0 1
8582.0 1
8583.0 1
8592.0 1
8594.0 1
8597.0 2
8605.0 1
8608.0 1
8620.0 1
8626.0 1
8630.0 1
8633.0 1
8665.0 1
8672.0 1
8676.0 1
8681.0 1
8683.0 1
8685.0 1
8691.0 1
8724.0 1
8737.0 1
8738.0 1
8762.0 1
8765.0 1
8767.0 1
8774.0 1
8799.0 1
8802.0 1
8818.0 2
8830.0 1
8838.0 1
8849.0 1
8851.0 1
8864.0 1
8867.0 1
8868.0 1
8869.0 1
8870.0 1
8876.0 1
8892.0 1
8906.0 1
8910.0 1
8916.0 1
8930.0 1
8931.0 1
8953.0 1
8954.0 1
8969.0 2
8976.0 1
8990.0 1
9006.0 1
9014.0 1
9025.0 1
9066.0 1
9082.0 1
9102.0 1
9108.0 1
9118.0 1
9123.0 1
9126.0 1
9142.0 1
9152.0 1
9159.0 1
9161.0 1
9167.0 1
9182.0 1
9183.0 1
9184.0 1
9199.0 1
9201.0 1
9212.0 1
9218.0 1
9248.0 1
9280.0 1
9287.0 1
9292.0 1
9301.0 1
9306.0 1
9317.0 1
9324.0 1
9326.0 1
9329.0 2
9339.0 1
9342.0 1
9344.0 2
9393.0 1
9418.0 1
9445.0 1
9449.0 1
9474.0 1
9486.0 1
9506.0 1
9523.0 1
9525.0 1
9538.0 1
9561.0 1
9564.0 1
9573.0 1
9582.0 1
9613.0 1
9635.0 1
9643.0 1
9645.0 1
9651.0 1
9677.0 2
9709.0 1
9715.0 1
9716.0 1
9723.0 1
9752.0 1
9759.0 1
9763.0 1
9767.0 1
9775.0 1
9802.0 1
9809.0 1
9811.0 1
9817.0 1
9818.0 1
9829.0 1
9831.0 1
9851.0 1
9853.0 1
9857.0 1
9859.0 1
9865.0 1
9866.0 1
9871.0 1
9887.0 1
9894.0 1
9911.0 1
9914.0 1
9918.0 1
9919.0 1
9925.0 1
9953.0 1
9960.0 1
9969.0 2
9973.0 1
9983.0 1
9987.0 1
10000.0 1
10002.0 1
10010.0 1
10020.0 1
10048.0 2
10049.0 1
10069.0 1
10072.0 1
10085.0 1
10099.0 1
10106.0 1
10113.0 1
10116.0 1
10121.0 1
10138.0 1
10142.0 1
10156.0 1
10160.0 1
10165.0 2
10193.0 1
10230.0 1
10239.0 1
10264.0 1
10282.0 1
10333.0 1
10338.0 1
10345.0 1
10363.0 1
10366.0 1
10375.0 1
10379.0 1
10392.0 1
10398.0 1
10417.0 1
10426.0 1
10429.0 1
10439.0 1
10450.0 1
10487.0 1
10511.0 1
10517.0 1
10518.0 1
10525.0 1
10568.0 1
10579.0 1
10591.0 1
10623.0 1
10636.0 1
10638.0 1
10641.0 1
10646.0 1
10654.0 1
10672.0 1
10699.0 1
10707.0 1
10717.0 1
10731.0 1
10733.0 1
10736.0 1
10739.0 1
10745.0 1
10751.0 1
10758.0 1
10764.0 1
10766.0 1
10774.0 1
10779.0 1
10780.0 1
10786.0 1
10791.0 1
10819.0 1
10838.0 1
10843.0 1
10849.0 1
10862.0 1
10880.0 1
10888.0 1
10890.0 1
10895.0 1
10899.0 1
10903.0 1
10928.0 1
10972.0 1
10980.0 1
11006.0 1
11008.0 1
11012.0 1
11035.0 1
11042.0 1
11044.0 1
11050.0 1
11063.0 1
11078.0 1
11085.0 1
11100.0 2
11112.0 1
11115.0 1
11126.0 1
11151.0 1
11164.0 1
11188.0 1
11199.0 1
11214.0 1
11221.0 1
11222.0 1
11235.0 1
11246.0 1
11253.0 1
11256.0 1
11267.0 1
11288.0 1
11299.0 1
11301.0 1
11310.0 1
11327.0 1
11348.0 1
11353.0 2
11354.0 1
11372.0 1
11374.0 1
11379.0 1
11384.0 1
11393.0 1
11397.0 1
11403.0 2
11437.0 1
11454.0 1
11460.0 1
11472.0 1
11502.0 1
11508.0 1
11510.0 2
11528.0 1
11558.0 1
11561.0 1
11574.0 1
11576.0 1
11605.0 1
11607.0 1
11612.0 1
11627.0 1
11629.0 1
11631.0 1
11635.0 1
11640.0 1
11643.0 1
11658.0 1
11688.0 2
11691.0 1
11696.0 1
11704.0 1
11723.0 1
11736.0 1
11773.0 1
11777.0 1
11784.0 1
11786.0 1
11797.0 1
11805.0 1
11817.0 1
11840.0 1
11846.0 1
11860.0 1
11882.0 1
11884.0 1
11918.0 1
11923.0 1
11937.0 1
11949.0 1
11957.0 1
11958.0 1
11961.0 1
11966.0 1
11976.0 1
11988.0 1
11989.0 1
11991.0 1
12010.0 1
12012.0 1
12020.0 1
12058.0 1
12060.0 1
12076.0 1
12085.0 1
12105.0 1
12112.0 1
12119.0 1
12134.0 1
12138.0 1
12141.0 1
12143.0 1
12184.0 1
12196.0 1
12222.0 1
12244.0 1
12249.0 1
12251.0 1
12269.0 1
12277.0 1
12301.0 1
12313.0 1
12376.0 1
12402.0 1
12434.0 1
12444.0 1
12461.0 1
12466.0 1
12487.0 2
12521.0 1
12525.0 1
12553.0 1
12622.0 1
12624.0 1
12676.0 1
12715.0 1
12749.0 1
12766.0 1
12809.0 1
12831.0 1
12857.0 1
12915.0 1
12928.0 1
12932.0 1
12968.0 1
12970.0 1
12973.0 1
12983.0 1
13014.0 1
13017.0 1
13028.0 1
13030.0 1
13037.0 1
13092.0 1
13094.0 1
13114.0 1
13160.0 1
13161.0 1
13167.0 1
13169.0 1
13176.0 1
13231.0 1
13271.0 1
13289.0 1
13293.0 1
13316.0 1
13323.0 1
13347.0 1
13365.0 1
13373.0 1
13393.0 1
13394.0 1
13395.0 1
13399.0 1
13400.0 1
13409.0 1
13432.0 1
13437.0 1
13446.0 1
13461.0 1
13555.0 1
13579.0 1
13628.0 1
13643.0 1
13688.0 1
13727.0 1
13748.0 1
13752.0 1
13813.0 1
13831.0 1
13836.0 1
13838.0 1
13887.0 1
13893.0 1
13897.0 1
13910.0 1
13922.0 1
13929.0 1
13932.0 1
13950.0 1
13957.0 1
13973.0 1
13974.0 1
14004.0 1
14015.0 1
14028.0 1
14040.0 1
14055.0 1
14071.0 1
14073.0 1
14084.0 1
14091.0 1
14095.0 1
14107.0 1
14138.0 1
14142.0 1
14178.0 1
14204.0 1
14225.0 1
14230.0 1
14291.0 1
14350.0 1
14375.0 1
14395.0 1
14399.0 1
14443.0 1
14447.0 1
14466.0 1
14476.0 1
14530.0 1
14531.0 1
14545.0 1
14568.0 1
14583.0 1
14591.0 1
14616.0 1
14662.0 1
14699.0 1
14725.0 1
14740.0 1
14752.0 1
14753.0 1
14801.0 1
14810.0 1
14823.0 1
14836.0 1
14860.0 1
14870.0 2
14894.0 1
14898.0 1
14901.0 1
14906.0 1
14934.0 1
14946.0 1
14982.0 1
14984.0 1
14990.0 1
15024.0 1
15060.0 2
15067.0 1
15094.0 1
15150.0 1
15163.0 1
15202.0 1
15228.0 1
15254.0 1
15279.0 1
15294.0 1
15309.0 1
15335.0 1
15406.0 1
15410.0 1
15411.0 1
15421.0 1
15426.0 1
15444.0 1
15452.0 1
15486.0 1
15522.0 1
15554.0 2
15585.0 1
15611.0 1
15639.0 1
15736.0 1
15744.0 1
15772.0 1
15784.0 1
15810.0 1
15834.0 1
15857.0 1
15869.0 1
15898.0 1
15908.0 1
15934.0 1
15958.0 1
15977.0 1
15997.0 1
16004.0 1
16015.0 2
16078.0 1
16085.0 1
16108.0 1
16115.0 1
16133.0 1
16144.0 1
16172.0 1
16207.0 1
16214.0 1
16254.0 1
16282.0 1
16338.0 1
16340.0 1
16347.0 1
16348.0 1
16352.0 1
16358.0 1
16389.0 1
16394.0 1
16417.0 1
16418.0 1
16425.0 1
16429.0 1
16452.0 1
16462.0 1
16475.0 1
16483.0 1
16485.0 1
16505.0 1
16520.0 1
16541.0 1
16543.0 1
16579.0 1
16587.0 1
16595.0 1
16631.0 1
16654.0 1
16674.0 1
16691.0 1
16699.0 1
16777.0 1
16791.0 1
16898.0 1
16913.0 1
16914.0 1
16926.0 1
16973.0 1
17010.0 1
17018.0 1
17022.0 1
17030.0 1
17058.0 1
17073.0 1
17077.0 1
17104.0 1
17126.0 1
17150.0 1
17176.0 1
17197.0 1
17222.0 1
17228.0 1
17252.0 1
17263.0 1
17285.0 1
17289.0 1
17298.0 1
17356.0 1
17424.0 1
17427.0 1
17437.0 1
17444.0 1
17449.0 1
17453.0 1
17487.0 1
17509.0 1
17553.0 1
17602.0 1
17607.0 1
17649.0 1
17659.0 1
17663.0 1
17692.0 1
17713.0 1
17754.0 1
17759.0 1
17784.0 1
17792.0 1
17794.0 1
17799.0 1
17827.0 1
17845.0 1
17848.0 1
17861.0 1
17892.0 1
17918.0 1
17947.0 1
17950.0 1
17965.0 1
18004.0 1
18009.0 1
18014.0 1
18026.0 1
18052.0 1
18102.0 1
18127.0 1
18191.0 1
18199.0 1
18225.0 1
18232.0 1
18239.0 1
18252.0 1
18270.0 1
18273.0 1
18277.0 1
18325.0 1
18425.0 1
18428.0 1
18523.0 1
18594.0 1
18674.0 1
18675.0 1
18695.0 1
18758.0 1
18806.0 1
18825.0 1
18832.0 1
18838.0 1
18856.0 1
18866.0 1
18880.0 1
18883.0 1
19001.0 1
19002.0 1
19065.0 1
19069.0 2
19097.0 1
19131.0 1
19149.0 1
19152.0 1
19185.0 1
19196.0 1
19249.0 1
19292.0 1
19308.0 1
19342.0 1
19369.0 1
19400.0 1
19436.0 1
19510.0 2
19518.0 1
19560.0 1
19586.0 1
19589.0 1
19605.0 1
19614.0 1
19757.0 1
19766.0 1
19771.0 1
19789.0 1
19820.0 1
19832.0 1
19836.0 1
19866.0 1
19871.0 1
19992.0 1
20016.0 1
20031.0 1
20109.0 1
20164.0 2
20168.0 1
20175.0 1
20213.0 1
20216.0 1
20219.0 1
20248.0 1
20259.0 1
20281.0 1
20432.0 1
20537.0 1
20567.0 1
20665.0 1
20747.0 1
20772.0 1
20838.0 1
20924.0 1
20946.0 1
20950.0 1
20976.0 1
21000.0 1
21093.0 1
21102.0 1
21129.0 1
21161.0 1
21199.0 1
21207.0 2
21263.0 1
21265.0 1
21295.0 1
21318.0 1
21327.0 1
21367.0 1
21424.0 1
21432.0 1
21440.0 1
21490.0 1
21519.0 1
21524.0 1
21539.0 1
21550.0 1
21566.0 1
21590.0 1
21656.0 1
21693.0 1
21718.0 1
21729.0 1
21780.0 1
21786.0 1
21819.0 1
21905.0 1
21912.0 1
21916.0 1
21927.0 2
21933.0 1
21949.0 1
22027.0 1
22030.0 1
22037.0 1
22045.0 1
22062.0 1
22113.0 1
22255.0 1
22262.0 1
22274.0 1
22299.0 1
22301.0 1
22313.0 1
22346.0 1
22384.0 1
22449.0 1
22455.0 1
22532.0 1
22551.0 1
22573.0 1
22576.0 1
22655.0 1
22752.0 1
22792.0 1
22998.0 1
23029.0 1
23047.0 1
23058.0 1
23209.0 1
23259.0 1
23270.0 1
23300.0 1
23313.0 1
23330.0 1
23530.0 1
23569.0 1
23601.0 1
23683.0 1
23706.0 1
23743.0 1
23749.0 1
23760.0 1
23769.0 1
23792.0 1
23836.0 1
23856.0 1
23907.0 1
23962.0 1
23979.0 1
23987.0 1
24013.0 1
24043.0 1
24161.0 1
24185.0 1
24242.0 1
24307.0 1
24330.0 1
24336.0 1
24339.0 1
24348.0 1
24362.0 1
24378.0 1
24461.0 1
24487.0 1
24494.0 1
24513.0 1
24543.0 1
24574.0 1
24598.0 1
24629.0 1
24679.0 1
24749.0 1
24826.0 1
25010.0 1
25018.0 1
25021.0 1
25026.0 1
25045.0 1
25098.0 1
25115.0 1
25139.0 1
25163.0 1
25172.0 1
25212.0 1
25227.0 1
25255.0 1
25265.0 1
25304.0 1
25318.0 1
25369.0 1
25406.0 1
25431.0 1
25556.0 1
25564.0 1
25602.0 1
25666.0 1
25696.0 1
25707.0 1
25764.0 1
25821.0 1
25847.0 1
25929.0 1
25978.0 1
26057.0 1
26101.0 1
26106.0 1
26161.0 1
26166.0 1
26234.0 1
26331.0 1
26358.0 1
26512.0 1
26516.0 1
26664.0 1
26684.0 1
26807.0 1
26848.0 1
26888.0 1
26893.0 1
26903.0 1
26924.0 1
26965.0 1
26997.0 1
27019.0 1
27068.0 1
27084.0 1
27114.0 1
27124.0 1
27141.0 1
27145.0 1
27146.0 1
27174.0 1
27175.0 1
27183.0 1
27215.0 1
27224.0 1
27264.0 1
27292.0 1
27334.0 1
27400.0 1
27513.0 1
27543.0 1
27580.0 1
27639.0 1
27665.0 1
27668.0 1
27806.0 1
27913.0 1
27917.0 1
27957.0 1
28101.0 1
28163.0 1
28393.0 1
28506.0 1
28522.0 1
28587.0 1
28591.0 1
28721.0 1
28733.0 1
28783.0 1
28885.0 1
29071.0 1
29150.0 1
29156.0 1
29158.0 1
29198.0 1
29255.0 1
29474.0 1
29771.0 1
29820.0 1
29856.0 1
29870.0 1
29897.0 1
29923.0 1
29990.0 1
30074.0 1
30152.0 1
30243.0 1
30464.0 1
30515.0 1
30520.0 1
30613.0 1
30616.0 1
30645.0 1
30736.0 1
30773.0 1
30859.0 1
30906.0 1
30909.0 1
30913.0 1
30929.0 1
31068.0 1
31172.0 1
31327.0 1
31370.0 1
31408.0 1
31701.0 1
31716.0 1
31755.0 1
31883.0 1
31886.0 1
31930.0 1
32001.0 1
32165.0 1
32178.0 1
32230.0 1
32277.0 1
32434.0 1
32478.0 1
32492.0 1
32499.0 1
32527.0 1
32541.0 1
32611.0 1
32792.0 1
32857.0 1
33001.0 1
33148.0 1
33166.0 1
33190.0 1
33211.0 1
33279.0 1
33375.0 1
33431.0 1
33478.0 1
33525.0 1
33557.0 1
33668.0 1
33782.0 1
33803.0 1
33843.0 1
33970.0 1
34083.0 1
34191.0 2
34200.0 1
34387.0 1
34419.0 1
34642.0 1
34654.0 1
34761.0 1
34762.0 1
34856.0 1
34958.0 1
35224.0 1
35470.0 1
35522.0 1
35582.0 1
35736.0 1
35740.0 1
35903.0 1
36394.0 1
36480.0 1
36509.0 1
36570.0 1
36780.0 1
36913.0 1
37048.0 1
37119.0 1
37158.0 1
37215.0 1
37216.0 1
37339.0 1
37362.0 1
37457.0 1
37459.0 1
37563.0 1
37586.0 1
37606.0 1
37627.0 1
37745.0 1
37759.0 1
37824.0 1
37976.0 1
38036.0 1
38147.0 1
38368.0 1
38640.0 1
38840.0 1
39091.0 1
39263.0 1
39334.0 1
39368.0 1
39442.0 1
40043.0 1
40047.0 1
40067.0 1
40111.0 1
40242.0 1
40244.0 1
40384.0 1
40744.0 1
40757.0 1
40862.0 1
40981.0 1
41036.0 1
41038.0 1
41277.0 1
41287.0 1
41369.0 1
41440.0 1
41642.0 1
41684.0 1
41727.0 1
41927.0 1
42042.0 1
42051.0 1
42165.0 1
42243.0 1
42318.0 1
42395.0 1
42572.0 1
42658.0 1
42775.0 1
42882.0 1
43215.0 1
43368.0 1
43496.0 1
43586.0 1
43787.0 1
44161.0 1
44241.0 1
44374.0 1
44451.0 1
44493.0 1
44569.0 1
44652.0 1
44812.0 1
44923.0 1
45071.0 1
45371.0 1
45517.0 1
45727.0 1
46091.0 1
46166.0 1
46206.0 1
46396.0 1
46428.0 1
46457.0 1
46508.0 1
46529.0 1
46532.0 1
46571.0 1
46632.0 1
46652.0 1
46786.0 1
46873.0 1
46883.0 1
46972.0 1
47349.0 1
47884.0 1
48026.0 1
48234.0 1
48265.0 1
48366.0 1
48529.0 1
48669.0 1
48782.0 1
48795.0 1
48850.0 1
48873.0 1
49022.0 1
49290.0 1
49329.0 1
49359.0 1
49583.0 1
49774.0 1
50187.0 1
50260.0 1
50472.0 1
50530.0 1
50649.0 1
51045.0 1
51204.0 1
51221.0 1
51366.0 1
51489.0 1
51502.0 1
51642.0 1
51659.0 1
51719.0 1
51801.0 1
51921.0 1
51943.0 1
52215.0 1
52310.0 1
52508.0 1
52577.0 1
52618.0 1
52849.0 1
53034.0 1
53373.0 1
53662.0 1
53679.0 1
53719.0 1
53791.0 1
53836.0 1
53991.0 1
54048.0 1
54089.0 1
54178.0 1
54234.0 1
54319.0 1
54531.0 1
54638.0 1
55004.0 1
55061.0 1
55308.0 1
55414.0 1
55832.0 1
56329.0 1
56958.0 1
56967.0 1
57492.0 1
57728.0 1
57808.0 1
57932.0 1
58126.0 1
58196.0 1
58485.0 1
58502.0 1
59130.0 1
59534.0 1
59708.0 1
59975.0 1
60060.0 1
60327.0 1
60361.0 1
60438.0 1
60594.0 1
60768.0 1
60957.0 1
61064.0 1
61126.0 1
61181.0 1
61377.0 1
61466.0 1
62045.0 1
62602.0 1
62687.0 1
62710.0 1
62995.0 1
62999.0 1
63065.0 1
63074.0 1
63172.0 1
63652.0 1
63786.0 1
64959.0 1
65372.0 1
65488.0 1
66265.0 1
66617.0 1
66706.0 1
67541.0 1
67849.0 1
68053.0 1
69128.0 1
69183.0 1
69444.0 1
69791.0 1
70066.0 1
70769.0 1
71290.0 1
71455.0 1
72119.0 1
72794.0 1
72837.0 1
73250.0 1
73524.0 1
73825.0 1
73970.0 1
74096.0 1
74233.0 1
74819.0 1
74903.0 1
75151.0 1
75689.0 1
76527.0 1
76672.0 1
76890.0 1
77304.0 1
78336.0 1
78893.0 1
79095.0 1
80354.0 1
80987.0 1
81103.0 1
82340.0 1
82427.0 1
82679.0 1
82971.0 1
83676.0 1
84727.0 1
85807.0 1
86112.0 1
86480.0 1
86583.0 1
86839.0 1
86878.0 1
87295.0 1
87727.0 1
87830.0 1
88075.0 1
88619.0 1
88899.0 1
89740.0 1
90448.0 1
90462.0 1
90654.0 1
90815.0 1
91008.0 1
91265.0 1
91474.0 1
93288.0 1
93395.0 1
93845.0 1
94102.0 1
94885.0 1
95481.0 1
96337.0 1
97319.0 1
99172.0 1
99791.0 1
99855.0 1
100239.0 1
101067.0 1
101425.0 1
102139.0 1
102159.0 1
102425.0 1
102851.0 1
102937.0 1
105465.0 1
105500.0 1
105625.0 1
106982.0 1
108652.0 1
108767.0 1
110317.0 1
110661.0 1
111875.0 1
114592.0 1
114817.0 1
119629.0 1
121506.0 1
122406.0 1
122490.0 1
123780.0 1
124472.0 1
125347.0 1
127430.0 1
127560.0 1
127603.0 1
129185.0 1
131170.0 1
134082.0 1
134529.0 1
135765.0 1
136192.0 1
137206.0 1
138949.0 1
140307.0 1
142944.0 1
144415.0 1
146824.0 1
147372.0 1
149313.0 1
150039.0 1
152960.0 1
154589.0 1
155278.0 1
155830.0 1
156314.0 1
158410.0 1
161308.0 1
164854.0 1
169477.0 1
171612.0 1
171699.0 1
175115.0 1
175599.0 1
189030.0 1
193047.0 1
195244.0 1
208998.0 1
215194.0 1
215723.0 1
234833.0 1
250533.0 1
252766.0 1
263267.0 1
270092.0 1
345056.0 1
