4.0 12
5.0 7
6.0 19
7.0 104
8.0 440
9.0 739
10.0 593
11.0 1511
12.0 2513
13.0 3597
14.0 3855
15.0 4173
16.0 4844
17.0 5337
18.0 6289
19.0 7391
20.0 8786
21.0 8911
22.0 10376
23.0 10703
24.0 10617
25.0 10435
26.0 9742
27.0 9727
28.0 9016
29.0 8500
30.0 8294
31.0 8826
32.0 8708
33.0 8572
34.0 9199
35.0 9170
36.0 8939
37.0 9233
38.0 8953
39.0 9284
40.0 8950
41.0 8637
42.0 8715
43.0 8022
44.0 7692
45.0 7442
46.0 7570
47.0 7288
48.0 7637
49.0 7241
50.0 6985
51.0 7185
52.0 6951
53.0 6890
54.0 6913
55.0 6845
56.0 6775
57.0 6803
58.0 6992
59.0 6855
60.0 6997
61.0 7021
62.0 6521
63.0 6614
64.0 6525
65.0 6397
66.0 6262
67.0 6025
68.0 5979
69.0 5835
70.0 5702
71.0 5616
72.0 5486
73.0 5365
74.0 5326
75.0 5171
76.0 5104
77.0 4957
78.0 4738
79.0 4752
80.0 4624
81.0 4628
82.0 4320
83.0 4367
84.0 4160
85.0 4358
86.0 4390
87.0 3980
88.0 3887
89.0 3818
90.0 3935
91.0 3791
92.0 3879
93.0 3670
94.0 3611
95.0 3525
96.0 3410
97.0 3328
98.0 3291
99.0 3265
100.0 3119
101.0 3281
102.0 3140
103.0 3066
104.0 3110
105.0 3098
106.0 3006
107.0 2882
108.0 2860
109.0 2834
110.0 2731
111.0 2712
112.0 2693
113.0 2727
114.0 2566
115.0 2589
116.0 2506
117.0 2534
118.0 2496
119.0 2424
120.0 2491
121.0 2365
122.0 2317
123.0 2387
124.0 2322
125.0 2261
126.0 2244
127.0 2247
128.0 2269
129.0 2357
130.0 2218
131.0 2115
132.0 2206
133.0 2131
134.0 2102
135.0 2018
136.0 1996
137.0 1951
138.0 2016
139.0 1875
140.0 1989
141.0 1951
142.0 1914
143.0 1927
144.0 1897
145.0 1856
146.0 1830
147.0 1804
148.0 1808
149.0 1783
150.0 1782
151.0 1752
152.0 1707
153.0 1744
154.0 1582
155.0 1679
156.0 1629
157.0 1631
158.0 1554
159.0 1596
160.0 1587
161.0 1580
162.0 1551
163.0 1457
164.0 1587
165.0 1457
166.0 1484
167.0 1478
168.0 1457
169.0 1426
170.0 1414
171.0 1405
172.0 1355
173.0 1331
174.0 1294
175.0 1283
176.0 1333
177.0 1254
178.0 1196
179.0 1130
180.0 1227
181.0 1107
182.0 1131
183.0 1107
184.0 1110
185.0 1097
186.0 1090
187.0 994
188.0 1051
189.0 997
190.0 946
191.0 912
192.0 935
193.0 899
194.0 863
195.0 825
196.0 854
197.0 854
198.0 845
199.0 789
200.0 707
201.0 737
202.0 740
203.0 687
204.0 652
205.0 684
206.0 624
207.0 613
208.0 619
209.0 607
210.0 565
211.0 600
212.0 507
213.0 518
214.0 527
215.0 512
216.0 475
217.0 484
218.0 432
219.0 423
220.0 424
221.0 393
222.0 380
223.0 389
224.0 361
225.0 350
226.0 350
227.0 331
228.0 338
229.0 318
230.0 295
231.0 285
232.0 300
233.0 298
234.0 289
235.0 253
236.0 241
237.0 253
238.0 233
239.0 261
240.0 228
241.0 222
242.0 217
243.0 211
244.0 210
245.0 181
246.0 187
247.0 177
248.0 186
249.0 139
250.0 177
251.0 146
252.0 143
253.0 162
254.0 151
255.0 128
256.0 139
257.0 107
258.0 148
259.0 109
260.0 111
261.0 113
262.0 112
263.0 111
264.0 105
265.0 100
266.0 96
267.0 105
268.0 91
269.0 92
270.0 87
271.0 79
272.0 102
273.0 84
274.0 102
275.0 106
276.0 84
277.0 84
278.0 85
279.0 96
280.0 76
281.0 85
282.0 71
283.0 73
284.0 65
285.0 73
286.0 64
287.0 49
288.0 70
289.0 66
290.0 55
291.0 51
292.0 45
293.0 47
294.0 52
295.0 48
296.0 61
297.0 48
298.0 64
299.0 52
300.0 55
301.0 52
302.0 51
303.0 44
304.0 59
305.0 50
306.0 30
307.0 34
308.0 36
309.0 33
310.0 42
311.0 46
312.0 29
313.0 31
314.0 51
315.0 48
316.0 28
317.0 25
318.0 31
319.0 31
320.0 37
321.0 34
322.0 33
323.0 28
324.0 38
325.0 29
326.0 34
327.0 25
328.0 34
329.0 36
330.0 29
331.0 27
332.0 23
333.0 37
334.0 22
335.0 25
336.0 19
337.0 23
338.0 23
339.0 26
340.0 27
341.0 22
342.0 25
343.0 17
344.0 27
345.0 16
346.0 22
347.0 24
348.0 13
349.0 27
350.0 24
351.0 16
352.0 15
353.0 20
354.0 11
355.0 12
356.0 20
357.0 14
358.0 11
359.0 10
360.0 16
361.0 18
362.0 15
363.0 15
364.0 13
365.0 12
366.0 17
367.0 10
368.0 14
369.0 13
370.0 11
371.0 17
372.0 13
373.0 8
374.0 6
375.0 11
376.0 6
377.0 16
378.0 14
379.0 9
380.0 10
381.0 8
382.0 13
383.0 7
384.0 7
385.0 7
386.0 10
387.0 6
388.0 13
389.0 9
390.0 7
391.0 8
392.0 10
393.0 19
394.0 5
395.0 9
396.0 5
397.0 9
398.0 2
399.0 8
400.0 8
401.0 14
402.0 13
403.0 9
404.0 10
405.0 9
406.0 6
407.0 7
408.0 11
409.0 8
410.0 12
411.0 10
412.0 6
413.0 8
414.0 9
415.0 5
416.0 11
417.0 10
418.0 6
419.0 4
420.0 8
421.0 7
422.0 6
423.0 7
424.0 6
425.0 8
426.0 3
427.0 10
428.0 11
429.0 6
430.0 8
431.0 8
432.0 5
433.0 7
434.0 9
435.0 2
436.0 7
437.0 7
438.0 8
439.0 2
440.0 7
442.0 3
443.0 2
444.0 4
445.0 6
446.0 5
447.0 3
448.0 4
449.0 2
450.0 6
451.0 6
452.0 3
453.0 4
454.0 9
455.0 6
456.0 3
457.0 3
458.0 5
459.0 2
460.0 6
461.0 2
462.0 1
464.0 2
465.0 2
466.0 1
467.0 4
468.0 1
469.0 4
470.0 4
471.0 3
472.0 4
473.0 4
474.0 3
475.0 2
476.0 6
477.0 4
478.0 3
479.0 1
480.0 1
482.0 4
483.0 1
484.0 4
485.0 3
486.0 5
487.0 4
488.0 3
489.0 1
490.0 4
491.0 2
492.0 1
493.0 1
494.0 3
495.0 3
496.0 4
497.0 3
498.0 2
499.0 4
500.0 4
505.0 1
506.0 2
508.0 1
510.0 2
514.0 3
518.0 3
520.0 3
521.0 2
522.0 3
524.0 3
526.0 1
527.0 1
529.0 1
531.0 3
532.0 1
533.0 1
534.0 1
538.0 3
541.0 2
543.0 3
546.0 2
547.0 1
549.0 1
550.0 3
551.0 2
556.0 1
558.0 1
559.0 1
561.0 2
563.0 1
566.0 1
568.0 2
569.0 1
571.0 1
574.0 1
577.0 1
580.0 1
582.0 1
585.0 1
589.0 1
590.0 1
593.0 1
595.0 1
596.0 1
598.0 1
599.0 1
602.0 1
605.0 1
606.0 1
610.0 1
615.0 1
619.0 1
621.0 2
622.0 1
623.0 1
628.0 2
630.0 1
633.0 1
634.0 1
636.0 1
637.0 1
638.0 4
639.0 1
641.0 1
642.0 1
645.0 1
649.0 1
650.0 2
655.0 1
656.0 1
657.0 1
659.0 1
667.0 2
672.0 1
679.0 1
680.0 1
684.0 1
688.0 1
689.0 1
700.0 1
704.0 2
716.0 1
718.0 2
720.0 2
721.0 1
722.0 1
723.0 4
730.0 1
742.0 1
744.0 1
752.0 1
754.0 1
759.0 1
766.0 1
770.0 1
772.0 1
776.0 1
785.0 1
786.0 1
798.0 1
801.0 1
814.0 1
817.0 2
820.0 1
824.0 1
827.0 1
838.0 2
840.0 1
849.0 1
856.0 1
862.0 1
883.0 1
956.0 1
983.0 1
993.0 1
995.0 1
999.0 1
1023.0 2
1028.0 1
1041.0 1
1049.0 1
1057.0 1
1067.0 1
1071.0 1
1073.0 1
1075.0 1
1081.0 1
1082.0 1
1086.0 1
1095.0 1
1117.0 1
1144.0 1
1145.0 1
1148.0 1
1165.0 1
1178.0 2
1182.0 1
1185.0 1
1241.0 1
1248.0 1
1250.0 1
1585.0 1
