1.0 732834
2.0 147686
3.0 61559
4.0 36601
5.0 24543
6.0 17866
7.0 13441
8.0 10554
9.0 8573
10.0 7161
11.0 6105
12.0 5276
13.0 4673
14.0 4060
15.0 3568
16.0 3134
17.0 3066
18.0 2720
19.0 2414
20.0 2154
21.0 2001
22.0 2008
23.0 1749
24.0 1700
25.0 1589
26.0 1478
27.0 1417
28.0 1310
29.0 1187
30.0 1234
31.0 1081
32.0 1079
33.0 1025
34.0 991
35.0 905
36.0 894
37.0 816
38.0 760
39.0 763
40.0 759
41.0 688
42.0 688
43.0 634
44.0 656
45.0 619
46.0 600
47.0 565
48.0 550
49.0 550
50.0 519
51.0 533
52.0 520
53.0 442
54.0 465
55.0 477
56.0 408
57.0 384
58.0 393
59.0 394
60.0 416
61.0 372
62.0 398
63.0 376
64.0 326
65.0 325
66.0 330
67.0 349
68.0 331
69.0 309
70.0 299
71.0 291
72.0 277
73.0 287
74.0 281
75.0 276
76.0 286
77.0 253
78.0 220
79.0 247
80.0 249
81.0 257
82.0 233
83.0 243
84.0 250
85.0 232
86.0 219
87.0 221
88.0 228
89.0 188
90.0 221
91.0 195
92.0 216
93.0 202
94.0 192
95.0 179
96.0 189
97.0 154
98.0 181
99.0 171
100.0 181
101.0 152
102.0 162
103.0 146
104.0 171
105.0 165
106.0 155
107.0 139
108.0 155
109.0 151
110.0 145
111.0 130
112.0 122
113.0 128
114.0 144
115.0 139
116.0 123
117.0 138
118.0 132
119.0 139
120.0 124
121.0 136
122.0 127
123.0 121
124.0 112
125.0 130
126.0 114
127.0 122
128.0 124
129.0 129
130.0 106
131.0 123
132.0 113
133.0 124
134.0 100
135.0 118
136.0 106
137.0 116
138.0 107
139.0 111
140.0 106
141.0 102
142.0 100
143.0 85
144.0 105
145.0 99
146.0 109
147.0 96
148.0 87
149.0 108
150.0 82
151.0 86
152.0 84
153.0 101
154.0 106
155.0 95
156.0 71
157.0 80
158.0 79
159.0 72
160.0 81
161.0 79
162.0 83
163.0 85
164.0 89
165.0 80
166.0 59
167.0 82
168.0 78
169.0 75
170.0 72
171.0 73
172.0 62
173.0 93
174.0 68
175.0 86
176.0 83
177.0 78
178.0 67
179.0 63
180.0 57
181.0 67
182.0 62
183.0 62
184.0 68
185.0 65
186.0 68
187.0 55
188.0 59
189.0 71
190.0 82
191.0 54
192.0 59
193.0 60
194.0 72
195.0 62
196.0 61
197.0 60
198.0 57
199.0 71
200.0 62
201.0 65
202.0 59
203.0 57
204.0 67
205.0 54
206.0 61
207.0 53
208.0 53
209.0 53
210.0 44
211.0 61
212.0 66
213.0 43
214.0 48
215.0 57
216.0 41
217.0 46
218.0 49
219.0 49
220.0 48
221.0 51
222.0 41
223.0 53
224.0 42
225.0 65
226.0 41
227.0 47
228.0 34
229.0 38
230.0 48
231.0 57
232.0 51
233.0 44
234.0 44
235.0 36
236.0 53
237.0 43
238.0 46
239.0 51
240.0 38
241.0 39
242.0 34
243.0 34
244.0 45
245.0 45
246.0 40
247.0 46
248.0 46
249.0 40
250.0 39
251.0 46
252.0 42
253.0 41
254.0 44
255.0 30
256.0 37
257.0 38
258.0 30
259.0 28
260.0 39
261.0 46
262.0 44
263.0 26
264.0 34
265.0 34
266.0 37
267.0 37
268.0 36
269.0 37
270.0 32
271.0 36
272.0 38
273.0 44
274.0 31
275.0 29
276.0 30
277.0 34
278.0 29
279.0 34
280.0 27
281.0 38
282.0 31
283.0 27
284.0 29
285.0 31
286.0 30
287.0 32
288.0 28
289.0 33
290.0 34
291.0 29
292.0 29
293.0 30
294.0 45
295.0 27
296.0 23
297.0 28
298.0 29
299.0 19
300.0 26
301.0 28
302.0 25
303.0 19
304.0 26
305.0 21
306.0 29
307.0 31
308.0 29
309.0 30
310.0 26
311.0 21
312.0 29
313.0 30
314.0 33
315.0 26
316.0 22
317.0 30
318.0 29
319.0 24
320.0 37
321.0 21
322.0 31
323.0 29
324.0 23
325.0 30
326.0 30
327.0 25
328.0 24
329.0 27
330.0 26
331.0 23
332.0 24
333.0 20
334.0 17
335.0 23
336.0 28
337.0 19
338.0 31
339.0 29
340.0 15
341.0 26
342.0 25
343.0 33
344.0 20
345.0 19
346.0 33
347.0 23
348.0 25
349.0 25
350.0 21
351.0 26
352.0 27
353.0 20
354.0 20
355.0 24
356.0 27
357.0 20
358.0 29
359.0 20
360.0 29
361.0 23
362.0 27
363.0 29
364.0 32
365.0 20
366.0 20
367.0 20
368.0 20
369.0 16
370.0 30
371.0 18
372.0 22
373.0 25
374.0 25
375.0 20
376.0 26
377.0 21
378.0 13
379.0 12
380.0 27
381.0 25
382.0 15
383.0 16
384.0 19
385.0 20
386.0 16
387.0 18
388.0 20
389.0 17
390.0 21
391.0 29
392.0 21
393.0 22
394.0 20
395.0 25
396.0 19
397.0 28
398.0 15
399.0 19
400.0 14
401.0 21
402.0 17
403.0 18
404.0 18
405.0 11
406.0 19
407.0 18
408.0 14
409.0 17
410.0 12
411.0 17
412.0 18
413.0 21
414.0 20
415.0 10
416.0 15
417.0 27
418.0 23
419.0 24
420.0 23
421.0 21
422.0 21
423.0 18
424.0 12
425.0 17
426.0 19
427.0 13
428.0 16
429.0 20
430.0 16
431.0 22
432.0 20
433.0 17
434.0 26
435.0 12
436.0 25
437.0 10
438.0 15
439.0 24
440.0 18
441.0 22
442.0 22
443.0 14
444.0 14
445.0 15
446.0 16
447.0 16
448.0 19
449.0 25
450.0 19
451.0 15
452.0 20
453.0 24
454.0 11
455.0 16
456.0 20
457.0 14
458.0 17
459.0 16
460.0 19
461.0 17
462.0 17
463.0 20
464.0 12
465.0 11
466.0 12
467.0 12
468.0 9
469.0 12
470.0 9
471.0 12
472.0 11
473.0 15
474.0 18
475.0 15
476.0 23
477.0 11
478.0 13
479.0 15
480.0 13
481.0 16
482.0 17
483.0 16
484.0 16
485.0 21
486.0 17
487.0 17
488.0 9
489.0 10
490.0 10
491.0 16
492.0 14
493.0 17
494.0 7
495.0 13
496.0 14
497.0 14
498.0 11
499.0 12
500.0 9
501.0 19
502.0 12
503.0 14
504.0 17
505.0 16
506.0 15
507.0 8
508.0 16
509.0 25
510.0 10
511.0 11
512.0 12
513.0 16
514.0 14
515.0 17
516.0 15
517.0 8
518.0 13
519.0 12
520.0 14
521.0 14
522.0 19
523.0 15
524.0 11
525.0 20
526.0 12
527.0 9
528.0 9
529.0 16
530.0 11
531.0 14
532.0 11
533.0 13
534.0 9
535.0 9
536.0 16
537.0 14
538.0 13
539.0 14
540.0 11
541.0 13
542.0 13
543.0 13
544.0 21
545.0 14
546.0 12
547.0 15
548.0 9
549.0 10
550.0 13
551.0 10
552.0 14
553.0 13
554.0 20
555.0 11
556.0 8
557.0 16
558.0 12
559.0 11
560.0 10
561.0 8
562.0 9
563.0 9
564.0 10
565.0 13
566.0 15
567.0 18
568.0 10
569.0 10
570.0 14
571.0 11
572.0 6
573.0 18
574.0 15
575.0 11
576.0 14
577.0 5
578.0 6
579.0 9
580.0 13
581.0 5
582.0 9
583.0 10
584.0 12
585.0 15
586.0 10
587.0 9
588.0 11
589.0 8
590.0 18
591.0 8
592.0 5
593.0 9
594.0 12
595.0 6
596.0 6
597.0 12
598.0 8
599.0 12
600.0 7
601.0 9
602.0 10
603.0 13
604.0 9
605.0 13
606.0 12
607.0 7
608.0 12
609.0 18
610.0 7
611.0 11
612.0 12
613.0 4
614.0 13
615.0 11
616.0 7
617.0 8
618.0 8
619.0 11
620.0 10
621.0 9
622.0 7
623.0 11
624.0 13
625.0 10
626.0 16
627.0 10
628.0 12
629.0 12
630.0 14
631.0 13
632.0 16
633.0 9
634.0 11
635.0 6
636.0 10
637.0 7
638.0 10
639.0 8
640.0 12
641.0 12
642.0 12
643.0 12
644.0 7
645.0 11
646.0 8
647.0 12
648.0 11
649.0 3
650.0 12
651.0 12
652.0 8
653.0 9
654.0 6
655.0 6
656.0 5
657.0 10
658.0 6
659.0 11
660.0 6
661.0 9
662.0 7
663.0 7
664.0 10
665.0 9
666.0 13
667.0 7
668.0 7
669.0 7
670.0 8
671.0 8
672.0 8
673.0 9
674.0 5
675.0 8
676.0 11
677.0 6
678.0 10
679.0 7
680.0 2
681.0 8
682.0 10
683.0 11
684.0 5
685.0 8
686.0 8
687.0 9
688.0 7
689.0 7
690.0 15
691.0 10
692.0 9
693.0 13
694.0 8
695.0 6
696.0 7
697.0 6
698.0 8
699.0 10
700.0 4
701.0 11
702.0 9
703.0 8
704.0 7
705.0 9
706.0 11
707.0 12
708.0 10
709.0 10
710.0 6
711.0 9
712.0 3
713.0 11
714.0 6
715.0 7
716.0 4
717.0 7
718.0 11
719.0 9
720.0 7
721.0 8
722.0 13
723.0 11
724.0 9
725.0 5
726.0 11
727.0 9
728.0 10
729.0 7
730.0 4
731.0 8
732.0 7
733.0 8
734.0 11
735.0 7
736.0 5
737.0 5
738.0 9
739.0 7
740.0 9
741.0 7
742.0 6
743.0 6
744.0 6
745.0 11
746.0 8
747.0 7
748.0 5
749.0 8
750.0 12
751.0 2
752.0 10
753.0 5
754.0 8
755.0 6
756.0 6
757.0 11
758.0 11
759.0 3
760.0 3
761.0 7
762.0 10
763.0 3
764.0 7
765.0 12
766.0 2
767.0 6
768.0 6
769.0 7
770.0 11
771.0 6
772.0 8
773.0 7
774.0 3
775.0 9
776.0 6
777.0 3
778.0 6
779.0 6
780.0 7
781.0 9
782.0 9
783.0 5
784.0 7
785.0 8
786.0 9
787.0 7
788.0 8
789.0 5
790.0 10
791.0 8
792.0 5
793.0 4
794.0 5
795.0 7
796.0 7
797.0 3
798.0 7
799.0 8
800.0 7
801.0 3
802.0 9
803.0 7
804.0 4
805.0 6
806.0 9
807.0 6
808.0 10
809.0 7
810.0 7
811.0 2
812.0 7
813.0 4
814.0 6
815.0 5
816.0 5
817.0 6
818.0 6
819.0 5
820.0 8
821.0 11
822.0 4
823.0 3
824.0 9
825.0 8
826.0 7
827.0 6
828.0 7
829.0 7
830.0 11
831.0 7
832.0 7
833.0 6
834.0 9
835.0 5
836.0 12
837.0 8
838.0 2
839.0 11
840.0 7
841.0 10
842.0 6
843.0 4
844.0 2
845.0 7
846.0 7
847.0 4
848.0 3
849.0 4
850.0 7
851.0 5
852.0 7
853.0 7
854.0 10
855.0 8
856.0 7
857.0 9
858.0 5
859.0 4
860.0 5
861.0 3
862.0 8
863.0 6
864.0 6
865.0 6
866.0 7
867.0 10
868.0 11
869.0 7
870.0 6
871.0 8
872.0 12
873.0 9
874.0 4
875.0 7
876.0 5
877.0 7
878.0 5
879.0 6
880.0 9
881.0 10
882.0 3
883.0 7
884.0 3
885.0 8
886.0 10
887.0 4
888.0 11
889.0 9
890.0 6
891.0 9
892.0 5
893.0 6
894.0 7
895.0 4
896.0 3
897.0 7
898.0 2
899.0 9
900.0 6
901.0 3
902.0 5
903.0 5
904.0 6
905.0 8
906.0 6
907.0 3
908.0 1
909.0 8
910.0 6
911.0 10
912.0 7
913.0 5
914.0 7
915.0 5
916.0 5
917.0 6
918.0 6
919.0 6
920.0 7
921.0 4
922.0 7
923.0 4
924.0 5
925.0 7
926.0 5
927.0 5
928.0 7
929.0 9
930.0 6
931.0 4
932.0 7
933.0 5
934.0 6
935.0 4
936.0 5
937.0 10
938.0 4
939.0 4
940.0 5
941.0 6
942.0 4
943.0 3
944.0 9
945.0 2
946.0 5
947.0 4
948.0 5
949.0 7
950.0 9
951.0 7
952.0 2
953.0 6
954.0 5
955.0 10
956.0 5
957.0 10
958.0 8
959.0 7
960.0 5
961.0 3
962.0 7
963.0 4
964.0 2
965.0 4
966.0 3
967.0 12
968.0 2
969.0 5
970.0 9
971.0 5
972.0 6
973.0 3
974.0 6
975.0 5
976.0 3
977.0 7
978.0 6
979.0 6
980.0 5
981.0 9
982.0 2
983.0 2
984.0 5
985.0 9
986.0 4
987.0 4
988.0 3
989.0 7
990.0 7
991.0 5
992.0 6
993.0 5
994.0 5
995.0 5
996.0 6
997.0 3
998.0 4
999.0 8
1000.0 4
1001.0 3
1003.0 14
1004.0 10
1005.0 7
1006.0 4
1007.0 5
1008.0 4
1009.0 3
1010.0 7
1011.0 7
1012.0 6
1013.0 7
1014.0 5
1015.0 3
1016.0 2
1017.0 7
1018.0 6
1019.0 4
1020.0 5
1021.0 2
1023.0 3
1024.0 6
1025.0 8
1026.0 2
1027.0 2
1028.0 2
1029.0 7
1030.0 9
1031.0 3
1032.0 4
1033.0 6
1034.0 2
1035.0 5
1036.0 5
1037.0 7
1038.0 5
1039.0 2
1040.0 4
1041.0 3
1042.0 1
1043.0 1
1044.0 4
1045.0 3
1046.0 3
1047.0 3
1048.0 4
1049.0 5
1050.0 7
1051.0 12
1052.0 2
1053.0 4
1054.0 4
1055.0 7
1056.0 4
1057.0 6
1058.0 4
1059.0 4
1060.0 3
1061.0 1
1062.0 4
1063.0 1
1064.0 6
1065.0 6
1066.0 2
1067.0 2
1068.0 5
1069.0 5
1070.0 1
1071.0 4
1072.0 4
1073.0 2
1074.0 3
1075.0 7
1076.0 6
1077.0 4
1078.0 3
1079.0 2
1080.0 4
1081.0 4
1082.0 7
1083.0 3
1084.0 7
1085.0 7
1086.0 5
1087.0 6
1088.0 6
1089.0 3
1090.0 8
1091.0 3
1092.0 5
1093.0 7
1094.0 1
1095.0 5
1096.0 4
1097.0 5
1098.0 7
1099.0 4
1100.0 4
1101.0 4
1102.0 2
1103.0 3
1104.0 4
1105.0 2
1106.0 3
1107.0 6
1108.0 4
1109.0 2
1110.0 3
1111.0 4
1112.0 2
1113.0 6
1114.0 5
1115.0 3
1116.0 3
1117.0 2
1118.0 7
1119.0 1
1120.0 4
1121.0 3
1122.0 4
1123.0 2
1124.0 3
1125.0 2
1126.0 6
1127.0 4
1128.0 1
1129.0 3
1130.0 5
1131.0 3
1132.0 4
1133.0 4
1134.0 5
1135.0 8
1136.0 5
1137.0 5
1138.0 7
1139.0 4
1140.0 7
1141.0 4
1142.0 2
1143.0 6
1144.0 4
1145.0 6
1146.0 2
1147.0 3
1148.0 2
1149.0 5
1150.0 5
1151.0 4
1152.0 5
1153.0 6
1154.0 1
1155.0 3
1156.0 5
1157.0 4
1158.0 3
1159.0 5
1160.0 4
1161.0 3
1162.0 2
1163.0 3
1164.0 6
1165.0 2
1166.0 7
1167.0 8
1168.0 4
1169.0 3
1170.0 2
1171.0 4
1172.0 5
1173.0 4
1174.0 6
1175.0 6
1176.0 5
1177.0 4
1178.0 2
1179.0 5
1180.0 4
1181.0 2
1182.0 3
1183.0 5
1184.0 4
1185.0 3
1186.0 5
1187.0 3
1188.0 3
1189.0 6
1190.0 3
1191.0 3
1192.0 3
1193.0 8
1194.0 2
1195.0 6
1196.0 5
1197.0 3
1198.0 5
1199.0 5
1200.0 4
1201.0 3
1202.0 5
1203.0 2
1204.0 5
1205.0 6
1206.0 5
1207.0 3
1208.0 3
1209.0 1
1210.0 1
1211.0 4
1212.0 6
1213.0 9
1214.0 2
1215.0 3
1216.0 1
1217.0 1
1218.0 5
1219.0 3
1220.0 2
1221.0 5
1222.0 1
1223.0 4
1224.0 4
1225.0 4
1226.0 6
1227.0 6
1228.0 5
1229.0 3
1230.0 4
1231.0 2
1232.0 6
1233.0 1
1234.0 2
1235.0 4
1236.0 1
1237.0 1
1238.0 5
1239.0 4
1240.0 4
1241.0 4
1242.0 3
1243.0 3
1244.0 1
1245.0 4
1246.0 1
1247.0 2
1248.0 7
1249.0 2
1250.0 3
1251.0 5
1252.0 3
1253.0 4
1255.0 7
1256.0 6
1257.0 1
1258.0 5
1259.0 2
1260.0 6
1261.0 6
1262.0 1
1263.0 5
1264.0 1
1265.0 4
1266.0 1
1267.0 5
1268.0 6
1269.0 2
1270.0 2
1271.0 1
1272.0 1
1273.0 3
1274.0 1
1275.0 4
1276.0 5
1278.0 2
1279.0 8
1280.0 2
1281.0 6
1282.0 5
1283.0 4
1284.0 6
1285.0 2
1286.0 5
1287.0 2
1288.0 1
1289.0 2
1290.0 5
1291.0 2
1292.0 2
1293.0 3
1294.0 4
1295.0 6
1296.0 6
1297.0 3
1298.0 7
1299.0 7
1300.0 3
1301.0 2
1302.0 2
1303.0 2
1304.0 1
1305.0 3
1306.0 1
1307.0 4
1308.0 5
1309.0 3
1310.0 2
1311.0 8
1312.0 3
1313.0 3
1314.0 1
1315.0 2
1316.0 5
1317.0 6
1318.0 1
1319.0 6
1320.0 4
1321.0 4
1322.0 3
1324.0 1
1325.0 1
1326.0 1
1327.0 1
1328.0 4
1329.0 2
1330.0 6
1331.0 3
1332.0 5
1333.0 3
1334.0 1
1335.0 1
1336.0 4
1337.0 2
1339.0 2
1340.0 2
1341.0 4
1342.0 3
1343.0 3
1344.0 1
1345.0 5
1346.0 3
1347.0 4
1348.0 7
1349.0 4
1350.0 3
1351.0 2
1352.0 2
1353.0 2
1354.0 1
1355.0 2
1356.0 5
1357.0 1
1358.0 2
1359.0 6
1360.0 6
1362.0 2
1363.0 4
1364.0 1
1365.0 4
1366.0 4
1367.0 1
1368.0 1
1369.0 3
1370.0 3
1371.0 3
1372.0 5
1374.0 1
1375.0 2
1377.0 3
1378.0 4
1380.0 2
1381.0 3
1382.0 1
1383.0 2
1384.0 3
1385.0 5
1386.0 4
1387.0 2
1388.0 2
1389.0 2
1390.0 1
1391.0 3
1392.0 3
1393.0 4
1394.0 4
1395.0 1
1396.0 2
1397.0 1
1398.0 1
1399.0 4
1400.0 8
1401.0 6
1402.0 3
1403.0 2
1404.0 3
1405.0 2
1406.0 2
1407.0 1
1408.0 2
1409.0 5
1410.0 5
1411.0 3
1412.0 3
1413.0 4
1414.0 5
1415.0 4
1416.0 4
1417.0 2
1418.0 1
1419.0 3
1420.0 2
1421.0 3
1422.0 4
1423.0 5
1424.0 2
1425.0 1
1426.0 2
1427.0 3
1428.0 2
1430.0 2
1431.0 5
1432.0 1
1433.0 3
1434.0 6
1435.0 7
1436.0 4
1437.0 3
1438.0 4
1439.0 1
1440.0 3
1441.0 4
1442.0 6
1443.0 5
1444.0 3
1445.0 4
1446.0 2
1447.0 3
1449.0 3
1450.0 6
1451.0 4
1452.0 2
1453.0 2
1454.0 4
1455.0 4
1456.0 4
1457.0 1
1458.0 7
1459.0 6
1460.0 4
1461.0 2
1462.0 2
1463.0 1
1464.0 1
1465.0 2
1466.0 2
1467.0 1
1468.0 1
1469.0 3
1470.0 2
1471.0 3
1472.0 2
1473.0 1
1474.0 3
1475.0 2
1476.0 2
1477.0 1
1478.0 5
1479.0 1
1480.0 3
1481.0 1
1482.0 1
1483.0 4
1484.0 2
1485.0 2
1487.0 2
1488.0 2
1489.0 2
1490.0 6
1491.0 2
1492.0 4
1493.0 4
1494.0 3
1495.0 4
1496.0 1
1497.0 2
1498.0 3
1499.0 5
1500.0 2
1501.0 3
1502.0 1
1503.0 1
1504.0 3
1505.0 2
1506.0 6
1507.0 1
1508.0 1
1509.0 3
1510.0 3
1511.0 2
1512.0 3
1513.0 6
1514.0 5
1515.0 4
1517.0 7
1518.0 2
1519.0 2
1520.0 5
1521.0 1
1522.0 3
1523.0 4
1524.0 1
1525.0 1
1526.0 4
1527.0 3
1529.0 2
1530.0 4
1531.0 2
1532.0 1
1533.0 5
1534.0 3
1535.0 4
1536.0 3
1538.0 2
1539.0 3
1540.0 1
1541.0 4
1543.0 4
1544.0 2
1545.0 6
1546.0 4
1547.0 4
1548.0 1
1549.0 1
1550.0 3
1551.0 2
1552.0 3
1553.0 2
1554.0 1
1555.0 1
1557.0 2
1558.0 4
1559.0 4
1560.0 1
1561.0 4
1562.0 1
1563.0 1
1564.0 2
1565.0 3
1566.0 4
1567.0 6
1568.0 6
1569.0 6
1570.0 1
1571.0 2
1572.0 1
1573.0 3
1574.0 2
1575.0 2
1576.0 2
1577.0 4
1579.0 2
1580.0 1
1581.0 5
1582.0 3
1585.0 4
1586.0 2
1587.0 5
1588.0 3
1589.0 3
1590.0 5
1591.0 1
1592.0 3
1593.0 3
1594.0 3
1595.0 4
1596.0 2
1597.0 2
1598.0 1
1599.0 3
1600.0 6
1601.0 1
1602.0 3
1603.0 2
1604.0 2
1605.0 4
1607.0 4
1608.0 5
1609.0 4
1610.0 2
1611.0 1
1612.0 3
1613.0 2
1614.0 2
1615.0 3
1616.0 3
1617.0 3
1618.0 5
1619.0 1
1620.0 4
1622.0 2
1623.0 3
1624.0 2
1625.0 2
1626.0 3
1627.0 2
1628.0 2
1629.0 1
1630.0 1
1631.0 4
1632.0 1
1633.0 2
1634.0 2
1635.0 4
1636.0 3
1637.0 4
1638.0 1
1639.0 3
1640.0 1
1641.0 1
1642.0 2
1643.0 2
1644.0 1
1645.0 1
1646.0 2
1647.0 1
1648.0 4
1649.0 2
1650.0 1
1651.0 1
1652.0 1
1653.0 2
1654.0 1
1655.0 1
1656.0 2
1657.0 1
1658.0 1
1659.0 3
1660.0 3
1662.0 2
1663.0 3
1664.0 2
1665.0 5
1666.0 3
1667.0 2
1670.0 2
1671.0 3
1672.0 3
1673.0 3
1674.0 9
1675.0 2
1676.0 2
1677.0 1
1679.0 3
1680.0 3
1681.0 2
1682.0 3
1683.0 1
1684.0 5
1686.0 2
1688.0 1
1689.0 1
1690.0 2
1691.0 1
1693.0 2
1694.0 1
1696.0 4
1697.0 2
1698.0 2
1699.0 2
1700.0 2
1701.0 3
1703.0 2
1704.0 3
1705.0 4
1706.0 1
1708.0 3
1709.0 2
1710.0 1
1711.0 4
1712.0 2
1713.0 3
1714.0 3
1715.0 2
1716.0 1
1717.0 3
1718.0 4
1719.0 1
1720.0 2
1721.0 1
1722.0 1
1723.0 4
1724.0 1
1725.0 2
1726.0 2
1727.0 2
1729.0 2
1730.0 2
1731.0 2
1732.0 2
1733.0 2
1734.0 4
1735.0 1
1736.0 3
1737.0 1
1738.0 4
1739.0 3
1740.0 3
1741.0 1
1742.0 2
1744.0 1
1745.0 2
1746.0 3
1747.0 1
1748.0 3
1749.0 5
1750.0 1
1751.0 3
1752.0 2
1753.0 2
1754.0 3
1755.0 3
1756.0 4
1757.0 2
1758.0 2
1759.0 3
1760.0 1
1762.0 1
1763.0 7
1764.0 3
1765.0 2
1766.0 1
1767.0 1
1769.0 3
1770.0 1
1772.0 3
1773.0 5
1777.0 1
1778.0 4
1780.0 2
1781.0 2
1782.0 3
1783.0 2
1785.0 3
1786.0 2
1788.0 2
1790.0 2
1791.0 1
1792.0 3
1793.0 5
1794.0 2
1795.0 4
1796.0 2
1797.0 2
1798.0 5
1799.0 2
1800.0 3
1802.0 2
1803.0 2
1804.0 1
1805.0 4
1806.0 1
1807.0 1
1808.0 3
1809.0 2
1810.0 5
1811.0 2
1812.0 1
1813.0 3
1814.0 3
1815.0 3
1816.0 2
1817.0 1
1818.0 4
1819.0 2
1820.0 2
1821.0 3
1822.0 1
1823.0 1
1824.0 3
1825.0 3
1826.0 1
1827.0 2
1828.0 2
1829.0 3
1832.0 1
1833.0 1
1834.0 3
1835.0 3
1836.0 1
1837.0 3
1838.0 4
1839.0 2
1840.0 1
1841.0 1
1842.0 1
1843.0 2
1844.0 1
1845.0 2
1846.0 2
1847.0 3
1848.0 4
1849.0 1
1850.0 1
1851.0 3
1852.0 3
1853.0 2
1854.0 1
1855.0 1
1856.0 3
1858.0 3
1859.0 3
1860.0 2
1861.0 2
1863.0 5
1866.0 4
1867.0 2
1868.0 1
1869.0 2
1871.0 1
1872.0 2
1873.0 2
1874.0 1
1875.0 2
1877.0 2
1878.0 1
1879.0 2
1881.0 2
1882.0 1
1883.0 1
1884.0 1
1887.0 3
1888.0 2
1889.0 1
1890.0 2
1892.0 3
1893.0 1
1894.0 3
1895.0 1
1896.0 2
1897.0 5
1898.0 1
1900.0 2
1902.0 1
1904.0 2
1905.0 3
1907.0 1
1908.0 1
1910.0 1
1911.0 1
1912.0 1
1913.0 1
1914.0 4
1915.0 5
1916.0 5
1918.0 2
1919.0 2
1920.0 2
1922.0 1
1923.0 2
1924.0 1
1925.0 1
1926.0 2
1927.0 3
1928.0 2
1929.0 2
1931.0 1
1932.0 5
1933.0 2
1935.0 3
1936.0 2
1937.0 2
1938.0 1
1939.0 5
1941.0 1
1942.0 1
1944.0 4
1945.0 2
1946.0 2
1947.0 1
1949.0 3
1952.0 4
1954.0 2
1955.0 2
1956.0 2
1957.0 1
1958.0 2
1959.0 1
1960.0 3
1961.0 2
1962.0 1
1963.0 1
1964.0 1
1965.0 1
1966.0 1
1968.0 4
1969.0 3
1971.0 3
1972.0 3
1973.0 2
1975.0 1
1976.0 1
1978.0 1
1979.0 2
1981.0 1
1982.0 2
1983.0 4
1984.0 6
1985.0 2
1986.0 6
1987.0 1
1988.0 2
1989.0 6
1991.0 2
1992.0 3
1993.0 1
1994.0 2
1995.0 2
1996.0 2
1997.0 2
1998.0 2
1999.0 1
2000.0 1
2001.0 1
2002.0 1
2003.0 4
2005.0 2
2006.0 2
2007.0 1
2008.0 2
2009.0 2
2010.0 2
2011.0 2
2012.0 1
2013.0 2
2014.0 1
2015.0 2
2016.0 3
2017.0 1
2018.0 2
2020.0 2
2022.0 3
2023.0 2
2024.0 1
2025.0 1
2026.0 3
2028.0 2
2029.0 1
2030.0 2
2032.0 2
2033.0 3
2034.0 1
2035.0 3
2036.0 1
2040.0 3
2041.0 1
2042.0 4
2043.0 1
2044.0 1
2046.0 4
2047.0 1
2048.0 2
2049.0 1
2052.0 3
2053.0 2
2055.0 1
2056.0 3
2057.0 1
2059.0 2
2060.0 2
2061.0 2
2063.0 3
2064.0 1
2065.0 3
2066.0 4
2067.0 4
2068.0 2
2070.0 2
2071.0 2
2072.0 2
2074.0 2
2076.0 2
2078.0 1
2079.0 2
2081.0 1
2082.0 2
2083.0 1
2084.0 2
2085.0 1
2086.0 1
2089.0 2
2090.0 1
2091.0 3
2093.0 1
2095.0 1
2097.0 1
2098.0 1
2100.0 2
2101.0 3
2102.0 1
2103.0 2
2104.0 3
2107.0 2
2108.0 2
2109.0 2
2110.0 1
2111.0 2
2112.0 1
2114.0 3
2116.0 1
2117.0 1
2120.0 4
2121.0 1
2122.0 1
2124.0 1
2125.0 1
2126.0 2
2127.0 1
2131.0 1
2132.0 1
2133.0 2
2134.0 1
2135.0 4
2136.0 1
2137.0 4
2138.0 1
2139.0 1
2140.0 1
2141.0 4
2142.0 1
2143.0 2
2145.0 2
2147.0 1
2148.0 1
2149.0 2
2150.0 1
2153.0 2
2154.0 3
2157.0 2
2159.0 3
2160.0 1
2161.0 2
2162.0 2
2163.0 1
2164.0 1
2165.0 1
2166.0 2
2168.0 1
2170.0 2
2171.0 1
2172.0 2
2173.0 1
2174.0 1
2176.0 1
2179.0 2
2180.0 1
2181.0 1
2183.0 1
2184.0 2
2185.0 1
2187.0 1
2189.0 1
2192.0 1
2193.0 2
2194.0 4
2195.0 3
2196.0 1
2197.0 1
2198.0 2
2199.0 1
2201.0 4
2202.0 5
2203.0 1
2205.0 2
2206.0 1
2207.0 2
2208.0 2
2209.0 2
2210.0 1
2211.0 1
2212.0 1
2213.0 2
2214.0 2
2215.0 1
2217.0 2
2218.0 2
2219.0 1
2220.0 1
2221.0 1
2222.0 2
2223.0 1
2224.0 3
2225.0 2
2226.0 2
2227.0 1
2229.0 2
2231.0 2
2232.0 3
2234.0 1
2235.0 2
2236.0 1
2237.0 1
2238.0 1
2239.0 1
2241.0 2
2242.0 1
2243.0 1
2244.0 1
2246.0 3
2247.0 2
2249.0 4
2250.0 1
2251.0 3
2252.0 1
2253.0 4
2255.0 1
2256.0 3
2257.0 5
2258.0 1
2259.0 2
2261.0 2
2263.0 2
2264.0 3
2265.0 3
2266.0 1
2268.0 1
2271.0 1
2272.0 1
2273.0 1
2275.0 1
2276.0 3
2280.0 3
2281.0 1
2283.0 1
2284.0 2
2285.0 3
2286.0 2
2289.0 2
2290.0 1
2291.0 1
2292.0 3
2295.0 2
2297.0 1
2298.0 1
2299.0 1
2303.0 1
2304.0 1
2306.0 2
2307.0 2
2308.0 1
2309.0 1
2311.0 3
2312.0 1
2316.0 1
2318.0 1
2319.0 1
2320.0 1
2321.0 1
2323.0 1
2324.0 2
2325.0 2
2326.0 1
2327.0 3
2329.0 3
2330.0 1
2331.0 1
2333.0 1
2334.0 2
2336.0 1
2337.0 1
2339.0 3
2340.0 4
2341.0 2
2342.0 2
2344.0 2
2345.0 2
2346.0 1
2347.0 1
2348.0 1
2349.0 1
2352.0 1
2353.0 2
2355.0 1
2356.0 3
2358.0 3
2363.0 1
2364.0 1
2365.0 1
2366.0 2
2368.0 1
2369.0 2
2370.0 5
2371.0 1
2372.0 5
2374.0 1
2377.0 2
2378.0 1
2380.0 1
2382.0 2
2383.0 1
2385.0 1
2387.0 1
2389.0 2
2390.0 1
2391.0 2
2393.0 1
2395.0 2
2396.0 2
2397.0 1
2398.0 2
2400.0 1
2401.0 1
2405.0 3
2406.0 1
2408.0 5
2410.0 1
2411.0 2
2415.0 3
2417.0 1
2418.0 3
2419.0 1
2420.0 1
2422.0 1
2424.0 1
2425.0 1
2426.0 1
2428.0 2
2430.0 1
2432.0 1
2433.0 2
2434.0 1
2435.0 2
2436.0 3
2437.0 1
2438.0 1
2442.0 1
2443.0 1
2444.0 3
2445.0 1
2448.0 1
2449.0 2
2450.0 1
2454.0 1
2455.0 3
2457.0 2
2459.0 2
2461.0 2
2462.0 3
2464.0 1
2465.0 3
2466.0 2
2467.0 1
2469.0 2
2470.0 2
2471.0 1
2472.0 1
2473.0 1
2476.0 1
2482.0 2
2483.0 1
2484.0 1
2485.0 2
2486.0 2
2487.0 1
2488.0 2
2489.0 2
2494.0 2
2495.0 2
2498.0 3
2499.0 2
2501.0 1
2502.0 1
2503.0 2
2505.0 2
2507.0 5
2508.0 2
2509.0 1
2510.0 1
2511.0 1
2514.0 1
2517.0 1
2518.0 1
2519.0 1
2520.0 2
2521.0 1
2522.0 1
2524.0 3
2527.0 1
2528.0 1
2529.0 1
2530.0 2
2531.0 1
2532.0 2
2533.0 4
2535.0 1
2536.0 1
2537.0 2
2541.0 1
2544.0 2
2545.0 1
2547.0 1
2549.0 1
2550.0 3
2553.0 2
2554.0 1
2555.0 3
2556.0 1
2557.0 1
2558.0 1
2561.0 2
2562.0 1
2563.0 1
2564.0 1
2565.0 2
2566.0 1
2567.0 3
2568.0 1
2569.0 1
2570.0 1
2571.0 1
2572.0 6
2573.0 1
2574.0 1
2575.0 1
2576.0 1
2577.0 1
2578.0 1
2580.0 1
2582.0 1
2583.0 2
2585.0 1
2586.0 1
2587.0 1
2589.0 1
2590.0 2
2592.0 1
2597.0 2
2600.0 2
2601.0 1
2602.0 1
2603.0 1
2604.0 2
2606.0 1
2607.0 2
2608.0 4
2609.0 2
2610.0 1
2611.0 1
2612.0 1
2613.0 1
2614.0 1
2615.0 3
2616.0 3
2617.0 1
2618.0 1
2619.0 2
2620.0 1
2621.0 1
2622.0 2
2624.0 1
2625.0 2
2626.0 1
2627.0 1
2628.0 2
2630.0 2
2632.0 1
2634.0 3
2635.0 1
2636.0 1
2638.0 2
2639.0 1
2640.0 2
2641.0 1
2643.0 3
2644.0 1
2646.0 1
2649.0 1
2650.0 2
2651.0 2
2654.0 3
2655.0 1
2657.0 1
2659.0 1
2660.0 1
2661.0 1
2662.0 2
2664.0 1
2665.0 1
2668.0 1
2670.0 1
2671.0 1
2672.0 2
2675.0 2
2677.0 1
2678.0 1
2679.0 1
2680.0 1
2681.0 2
2682.0 1
2683.0 2
2684.0 1
2685.0 1
2686.0 2
2689.0 1
2690.0 1
2692.0 1
2694.0 2
2695.0 1
2696.0 1
2698.0 1
2699.0 1
2700.0 2
2701.0 1
2704.0 1
2706.0 1
2707.0 2
2708.0 1
2710.0 1
2711.0 2
2713.0 1
2716.0 1
2717.0 1
2718.0 1
2720.0 2
2721.0 2
2722.0 1
2723.0 2
2726.0 2
2728.0 1
2729.0 2
2730.0 1
2732.0 2
2733.0 1
2735.0 1
2736.0 3
2737.0 2
2739.0 4
2741.0 1
2742.0 1
2746.0 1
2747.0 3
2750.0 2
2751.0 2
2755.0 1
2757.0 1
2758.0 1
2759.0 1
2762.0 1
2763.0 1
2764.0 2
2766.0 1
2767.0 3
2769.0 1
2771.0 1
2772.0 2
2777.0 1
2778.0 1
2779.0 1
2781.0 1
2782.0 3
2783.0 1
2784.0 2
2786.0 1
2787.0 2
2788.0 2
2790.0 1
2791.0 1
2794.0 1
2795.0 1
2798.0 1
2802.0 2
2803.0 1
2805.0 2
2806.0 1
2807.0 1
2808.0 1
2810.0 1
2811.0 1
2812.0 1
2817.0 1
2818.0 1
2819.0 2
2822.0 2
2824.0 2
2825.0 2
2826.0 1
2827.0 1
2828.0 1
2829.0 2
2831.0 1
2832.0 1
2833.0 2
2836.0 1
2838.0 1
2840.0 1
2841.0 1
2842.0 3
2843.0 1
2848.0 1
2849.0 2
2850.0 1
2852.0 2
2853.0 1
2855.0 2
2856.0 1
2857.0 2
2859.0 4
2861.0 1
2863.0 2
2864.0 1
2865.0 4
2866.0 1
2869.0 1
2870.0 2
2871.0 2
2873.0 1
2876.0 2
2878.0 1
2879.0 1
2880.0 1
2881.0 1
2882.0 1
2883.0 1
2887.0 1
2889.0 1
2892.0 3
2894.0 1
2895.0 3
2898.0 1
2904.0 2
2906.0 1
2907.0 1
2908.0 2
2911.0 3
2912.0 1
2913.0 1
2914.0 4
2917.0 1
2919.0 1
2921.0 1
2923.0 1
2925.0 3
2927.0 2
2930.0 1
2935.0 1
2936.0 1
2937.0 1
2941.0 1
2942.0 1
2945.0 2
2946.0 1
2947.0 1
2951.0 2
2952.0 1
2953.0 1
2954.0 2
2956.0 1
2957.0 1
2958.0 2
2960.0 1
2961.0 1
2962.0 2
2963.0 1
2964.0 2
2966.0 1
2967.0 2
2969.0 1
2970.0 1
2971.0 1
2973.0 4
2974.0 2
2975.0 2
2976.0 1
2982.0 1
2983.0 1
2985.0 1
2986.0 1
2987.0 1
2991.0 2
2994.0 4
2995.0 1
3001.0 1
3002.0 1
3003.0 1
3004.0 2
3005.0 1
3006.0 1
3007.0 2
3008.0 1
3011.0 3
3012.0 1
3014.0 1
3015.0 2
3016.0 1
3018.0 1
3019.0 2
3021.0 1
3022.0 2
3024.0 1
3028.0 1
3031.0 4
3032.0 2
3033.0 1
3036.0 1
3037.0 1
3038.0 1
3039.0 2
3040.0 1
3041.0 1
3042.0 1
3043.0 4
3049.0 2
3050.0 2
3051.0 1
3053.0 1
3054.0 2
3056.0 1
3057.0 1
3058.0 1
3059.0 1
3060.0 2
3063.0 2
3064.0 1
3066.0 1
3068.0 2
3072.0 2
3074.0 1
3075.0 2
3078.0 1
3080.0 1
3082.0 2
3084.0 1
3086.0 1
3088.0 1
3090.0 1
3091.0 1
3096.0 1
3100.0 1
3103.0 1
3105.0 1
3106.0 2
3113.0 1
3114.0 1
3115.0 1
3116.0 2
3118.0 2
3121.0 2
3122.0 2
3123.0 2
3124.0 2
3125.0 1
3126.0 4
3127.0 2
3128.0 1
3130.0 3
3131.0 2
3135.0 1
3137.0 2
3140.0 1
3145.0 1
3147.0 2
3149.0 5
3150.0 3
3153.0 1
3154.0 1
3155.0 2
3157.0 3
3158.0 1
3159.0 1
3160.0 3
3163.0 2
3166.0 4
3168.0 1
3170.0 1
3171.0 3
3176.0 1
3179.0 1
3183.0 3
3184.0 1
3185.0 1
3188.0 1
3189.0 1
3190.0 2
3191.0 1
3194.0 1
3195.0 2
3197.0 1
3198.0 1
3201.0 1
3204.0 1
3206.0 1
3207.0 1
3208.0 1
3209.0 1
3210.0 1
3211.0 1
3212.0 2
3214.0 1
3215.0 3
3216.0 3
3222.0 1
3223.0 1
3224.0 2
3226.0 1
3227.0 1
3230.0 2
3232.0 2
3233.0 2
3234.0 1
3236.0 1
3237.0 1
3239.0 1
3241.0 2
3244.0 2
3249.0 2
3256.0 1
3259.0 1
3260.0 2
3262.0 3
3264.0 1
3269.0 1
3270.0 2
3273.0 2
3276.0 1
3278.0 2
3280.0 2
3282.0 1
3283.0 1
3284.0 1
3285.0 4
3288.0 1
3289.0 1
3290.0 2
3291.0 2
3292.0 1
3293.0 1
3295.0 1
3296.0 2
3298.0 1
3300.0 2
3302.0 2
3303.0 1
3305.0 1
3306.0 1
3310.0 2
3311.0 1
3313.0 1
3316.0 1
3318.0 1
3320.0 2
3321.0 1
3323.0 1
3325.0 2
3327.0 1
3328.0 1
3331.0 1
3332.0 1
3334.0 3
3335.0 2
3337.0 1
3340.0 3
3344.0 2
3345.0 2
3347.0 2
3348.0 2
3349.0 1
3352.0 1
3353.0 1
3354.0 1
3355.0 1
3358.0 1
3359.0 1
3361.0 1
3363.0 2
3368.0 1
3371.0 1
3372.0 1
3374.0 2
3375.0 1
3377.0 1
3381.0 1
3382.0 2
3383.0 1
3387.0 1
3388.0 1
3389.0 1
3391.0 1
3393.0 3
3396.0 1
3398.0 1
3400.0 1
3402.0 1
3408.0 1
3409.0 1
3411.0 1
3412.0 2
3414.0 1
3419.0 1
3420.0 1
3421.0 1
3423.0 1
3424.0 1
3426.0 1
3427.0 1
3428.0 2
3429.0 1
3431.0 1
3439.0 1
3441.0 1
3442.0 1
3445.0 1
3446.0 1
3447.0 1
3448.0 1
3449.0 1
3451.0 2
3452.0 3
3453.0 2
3455.0 2
3457.0 2
3458.0 1
3459.0 1
3460.0 1
3461.0 1
3465.0 2
3467.0 1
3469.0 1
3472.0 2
3474.0 1
3479.0 1
3482.0 2
3485.0 1
3486.0 1
3487.0 2
3489.0 2
3490.0 1
3491.0 1
3492.0 1
3494.0 1
3495.0 1
3499.0 1
3501.0 1
3502.0 1
3503.0 1
3504.0 1
3505.0 1
3507.0 1
3509.0 2
3511.0 2
3516.0 1
3518.0 2
3526.0 1
3528.0 1
3529.0 1
3530.0 1
3531.0 2
3534.0 3
3537.0 1
3539.0 2
3540.0 1
3542.0 2
3546.0 1
3547.0 1
3548.0 1
3553.0 2
3555.0 1
3556.0 2
3559.0 1
3560.0 1
3563.0 1
3564.0 1
3565.0 1
3567.0 1
3568.0 1
3569.0 2
3570.0 1
3571.0 1
3575.0 2
3576.0 2
3577.0 1
3578.0 1
3579.0 1
3581.0 2
3582.0 1
3583.0 1
3584.0 2
3585.0 1
3586.0 1
3587.0 1
3591.0 1
3593.0 1
3594.0 1
3598.0 2
3600.0 1
3603.0 1
3605.0 3
3609.0 2
3613.0 1
3614.0 1
3616.0 1
3619.0 1
3620.0 1
3621.0 1
3622.0 1
3624.0 3
3625.0 1
3626.0 1
3627.0 1
3629.0 1
3631.0 1
3636.0 1
3639.0 1
3640.0 1
3642.0 1
3652.0 1
3653.0 1
3654.0 1
3655.0 1
3656.0 1
3657.0 2
3659.0 1
3660.0 1
3661.0 2
3662.0 1
3664.0 3
3666.0 2
3667.0 1
3668.0 1
3670.0 1
3671.0 2
3672.0 3
3674.0 1
3675.0 2
3676.0 3
3677.0 1
3678.0 2
3682.0 1
3684.0 1
3687.0 2
3689.0 1
3693.0 1
3697.0 1
3698.0 1
3699.0 1
3704.0 1
3705.0 1
3707.0 1
3708.0 1
3712.0 1
3714.0 2
3716.0 1
3717.0 1
3718.0 1
3722.0 1
3725.0 1
3726.0 1
3729.0 1
3730.0 1
3734.0 1
3741.0 1
3742.0 1
3743.0 1
3744.0 1
3745.0 1
3747.0 1
3750.0 1
3756.0 1
3762.0 1
3763.0 1
3767.0 2
3768.0 2
3773.0 1
3774.0 3
3777.0 1
3781.0 2
3785.0 1
3787.0 2
3790.0 1
3791.0 1
3792.0 1
3793.0 1
3794.0 2
3798.0 1
3799.0 1
3800.0 1
3803.0 2
3805.0 1
3813.0 2
3814.0 1
3815.0 1
3822.0 2
3830.0 3
3834.0 2
3837.0 2
3840.0 1
3843.0 1
3845.0 3
3850.0 1
3851.0 2
3852.0 2
3853.0 1
3855.0 1
3856.0 1
3857.0 1
3858.0 1
3859.0 2
3866.0 1
3868.0 1
3869.0 1
3871.0 1
3876.0 1
3877.0 2
3880.0 1
3882.0 2
3884.0 1
3885.0 1
3886.0 1
3887.0 1
3888.0 1
3891.0 1
3892.0 1
3893.0 1
3894.0 1
3897.0 1
3900.0 1
3901.0 1
3903.0 1
3909.0 2
3910.0 1
3912.0 1
3915.0 1
3918.0 3
3920.0 2
3921.0 1
3924.0 1
3925.0 1
3929.0 2
3931.0 1
3932.0 1
3934.0 2
3935.0 1
3938.0 1
3939.0 1
3942.0 1
3945.0 1
3946.0 1
3949.0 1
3950.0 1
3953.0 1
3955.0 2
3957.0 1
3959.0 1
3960.0 1
3976.0 1
3977.0 1
3980.0 1
3982.0 1
3984.0 2
3985.0 2
3987.0 1
3988.0 1
3989.0 2
3990.0 1
3991.0 1
3993.0 1
3994.0 1
3995.0 1
3997.0 1
4001.0 2
4009.0 1
4010.0 1
4012.0 3
4014.0 1
4017.0 1
4019.0 1
4020.0 1
4021.0 1
4022.0 1
4024.0 1
4028.0 1
4030.0 1
4032.0 1
4042.0 1
4046.0 1
4047.0 1
4049.0 1
4051.0 1
4056.0 1
4059.0 1
4061.0 1
4071.0 1
4074.0 3
4079.0 1
4081.0 3
4083.0 1
4084.0 1
4087.0 2
4088.0 1
4091.0 1
4096.0 1
4097.0 1
4099.0 2
4100.0 1
4102.0 1
4103.0 2
4104.0 1
4105.0 1
4106.0 1
4107.0 1
4109.0 1
4111.0 1
4114.0 1
4116.0 1
4122.0 1
4123.0 2
4126.0 1
4128.0 1
4129.0 1
4133.0 1
4137.0 1
4139.0 1
4142.0 1
4143.0 1
4144.0 2
4145.0 2
4146.0 1
4149.0 1
4152.0 1
4153.0 1
4157.0 1
4159.0 1
4161.0 2
4162.0 1
4165.0 1
4167.0 1
4170.0 1
4171.0 1
4172.0 2
4177.0 1
4178.0 1
4179.0 1
4180.0 2
4183.0 1
4185.0 1
4186.0 1
4188.0 1
4189.0 1
4195.0 1
4198.0 3
4201.0 1
4205.0 1
4209.0 2
4212.0 2
4220.0 1
4221.0 1
4222.0 1
4224.0 1
4227.0 1
4228.0 2
4233.0 1
4234.0 1
4236.0 1
4244.0 2
4247.0 2
4248.0 1
4251.0 1
4254.0 1
4256.0 1
4258.0 1
4259.0 1
4260.0 1
4261.0 1
4264.0 1
4267.0 1
4269.0 1
4271.0 1
4273.0 1
4276.0 1
4281.0 1
4282.0 1
4286.0 1
4288.0 1
4290.0 1
4295.0 2
4298.0 1
4304.0 1
4308.0 1
4310.0 1
4311.0 2
4312.0 1
4313.0 1
4319.0 2
4326.0 1
4327.0 1
4329.0 1
4330.0 1
4333.0 2
4336.0 1
4339.0 1
4341.0 1
4346.0 1
4347.0 1
4348.0 1
4352.0 1
4355.0 1
4366.0 1
4367.0 1
4368.0 2
4371.0 2
4373.0 1
4377.0 1
4378.0 1
4381.0 1
4382.0 1
4383.0 1
4384.0 2
4386.0 2
4389.0 1
4392.0 2
4397.0 2
4402.0 1
4403.0 1
4405.0 3
4406.0 2
4407.0 1
4413.0 2
4420.0 1
4422.0 1
4423.0 2
4425.0 1
4427.0 1
4428.0 1
4430.0 1
4432.0 1
4433.0 1
4435.0 1
4438.0 2
4439.0 1
4440.0 1
4443.0 2
4444.0 2
4446.0 1
4457.0 1
4464.0 1
4466.0 1
4468.0 2
4470.0 1
4472.0 1
4476.0 1
4477.0 2
4479.0 1
4481.0 1
4483.0 1
4488.0 1
4489.0 1
4492.0 1
4494.0 1
4498.0 1
4499.0 1
4500.0 1
4501.0 1
4502.0 1
4503.0 1
4504.0 1
4508.0 1
4511.0 1
4515.0 2
4519.0 1
4520.0 1
4525.0 1
4529.0 1
4533.0 1
4538.0 1
4540.0 1
4541.0 1
4542.0 1
4545.0 1
4548.0 1
4549.0 1
4551.0 1
4555.0 1
4556.0 1
4557.0 1
4558.0 1
4560.0 1
4564.0 1
4565.0 1
4567.0 1
4568.0 1
4572.0 1
4573.0 1
4574.0 2
4575.0 1
4577.0 1
4580.0 2
4581.0 2
4582.0 1
4589.0 1
4591.0 1
4592.0 1
4593.0 1
4595.0 1
4598.0 1
4600.0 3
4604.0 1
4608.0 1
4609.0 1
4615.0 1
4621.0 1
4625.0 2
4633.0 1
4634.0 1
4635.0 1
4637.0 1
4638.0 1
4646.0 1
4651.0 1
4655.0 1
4657.0 1
4660.0 1
4665.0 1
4666.0 2
4668.0 1
4672.0 1
4673.0 1
4677.0 1
4679.0 1
4682.0 1
4686.0 1
4687.0 1
4696.0 1
4697.0 1
4698.0 2
4703.0 2
4709.0 1
4710.0 1
4712.0 1
4715.0 2
4716.0 1
4717.0 1
4718.0 2
4724.0 1
4725.0 3
4727.0 1
4729.0 1
4730.0 1
4732.0 1
4736.0 1
4737.0 2
4738.0 1
4750.0 1
4756.0 1
4758.0 1
4765.0 2
4768.0 1
4769.0 1
4771.0 2
4775.0 1
4777.0 2
4785.0 1
4791.0 1
4793.0 1
4798.0 1
4804.0 1
4807.0 1
4817.0 1
4824.0 2
4826.0 1
4830.0 1
4831.0 1
4832.0 1
4833.0 1
4834.0 1
4835.0 1
4836.0 1
4848.0 1
4849.0 1
4853.0 1
4855.0 1
4862.0 2
4866.0 1
4867.0 2
4868.0 1
4871.0 1
4876.0 2
4877.0 1
4880.0 1
4882.0 2
4888.0 1
4889.0 1
4890.0 1
4891.0 1
4893.0 1
4900.0 1
4902.0 1
4905.0 1
4914.0 1
4915.0 2
4919.0 1
4928.0 2
4935.0 1
4936.0 1
4937.0 1
4938.0 1
4945.0 2
4950.0 1
4953.0 1
4955.0 1
4956.0 1
4958.0 1
4961.0 1
4962.0 1
4963.0 1
4966.0 1
4975.0 2
4978.0 1
4982.0 1
4986.0 1
4991.0 2
4992.0 1
4994.0 1
4995.0 1
4996.0 1
5000.0 2
5010.0 1
5012.0 1
5014.0 2
5017.0 1
5024.0 1
5025.0 1
5026.0 1
5027.0 1
5028.0 2
5029.0 1
5030.0 1
5034.0 1
5036.0 1
5038.0 1
5044.0 1
5045.0 2
5052.0 1
5054.0 1
5056.0 1
5057.0 1
5061.0 1
5064.0 1
5067.0 2
5070.0 1
5072.0 1
5074.0 1
5075.0 2
5077.0 1
5078.0 2
5079.0 1
5084.0 1
5095.0 1
5096.0 2
5097.0 1
5104.0 1
5108.0 1
5111.0 1
5112.0 1
5113.0 1
5116.0 1
5117.0 1
5119.0 1
5122.0 1
5127.0 2
5129.0 1
5130.0 1
5135.0 1
5136.0 1
5137.0 2
5139.0 1
5146.0 1
5149.0 1
5150.0 1
5152.0 1
5156.0 1
5157.0 1
5159.0 1
5166.0 1
5167.0 1
5168.0 1
5169.0 1
5172.0 1
5173.0 1
5177.0 1
5180.0 2
5181.0 1
5188.0 1
5198.0 1
5203.0 2
5214.0 1
5217.0 1
5218.0 1
5221.0 1
5222.0 1
5223.0 1
5226.0 1
5230.0 1
5238.0 1
5242.0 1
5243.0 3
5247.0 1
5253.0 2
5254.0 1
5256.0 2
5261.0 1
5262.0 1
5264.0 1
5269.0 1
5287.0 1
5291.0 1
5292.0 1
5293.0 1
5297.0 1
5298.0 1
5299.0 1
5300.0 1
5303.0 1
5306.0 1
5307.0 1
5308.0 1
5312.0 2
5314.0 1
5317.0 1
5321.0 1
5331.0 1
5337.0 3
5338.0 1
5339.0 1
5343.0 1
5347.0 1
5350.0 1
5359.0 1
5364.0 1
5366.0 1
5378.0 1
5379.0 2
5385.0 1
5390.0 1
5392.0 1
5393.0 1
5394.0 1
5396.0 1
5401.0 1
5406.0 1
5407.0 1
5409.0 1
5410.0 1
5411.0 2
5420.0 2
5422.0 2
5430.0 1
5440.0 1
5441.0 2
5444.0 1
5447.0 1
5449.0 1
5451.0 1
5453.0 2
5454.0 1
5458.0 1
5466.0 2
5467.0 1
5469.0 1
5470.0 2
5471.0 1
5474.0 2
5476.0 1
5480.0 1
5481.0 1
5482.0 1
5496.0 1
5500.0 2
5510.0 1
5517.0 1
5525.0 1
5526.0 2
5528.0 1
5529.0 1
5530.0 1
5542.0 2
5557.0 1
5559.0 2
5564.0 1
5566.0 1
5570.0 1
5571.0 2
5575.0 1
5581.0 1
5585.0 1
5586.0 1
5591.0 1
5595.0 1
5604.0 1
5614.0 1
5615.0 1
5619.0 2
5627.0 1
5628.0 2
5633.0 2
5634.0 2
5641.0 1
5644.0 2
5646.0 1
5650.0 1
5651.0 1
5654.0 1
5656.0 2
5659.0 1
5660.0 1
5661.0 2
5663.0 1
5664.0 2
5666.0 1
5671.0 1
5674.0 1
5678.0 1
5680.0 1
5681.0 1
5684.0 1
5685.0 1
5691.0 1
5702.0 1
5710.0 3
5714.0 2
5716.0 3
5719.0 1
5722.0 1
5723.0 1
5726.0 1
5731.0 1
5737.0 1
5739.0 1
5742.0 1
5747.0 1
5748.0 3
5750.0 1
5754.0 1
5759.0 1
5761.0 1
5762.0 1
5763.0 1
5764.0 1
5766.0 1
5772.0 1
5776.0 1
5782.0 1
5790.0 1
5791.0 1
5792.0 1
5795.0 1
5803.0 1
5811.0 1
5814.0 1
5822.0 1
5825.0 1
5828.0 1
5836.0 1
5841.0 1
5844.0 2
5851.0 1
5854.0 1
5857.0 1
5863.0 1
5865.0 2
5868.0 2
5869.0 1
5870.0 1
5873.0 2
5875.0 2
5876.0 1
5879.0 1
5883.0 1
5884.0 1
5886.0 1
5887.0 1
5894.0 1
5896.0 1
5899.0 1
5900.0 1
5922.0 1
5929.0 1
5931.0 1
5932.0 1
5935.0 1
5945.0 1
5946.0 1
5947.0 1
5950.0 1
5952.0 1
5953.0 2
5967.0 1
5968.0 1
5980.0 1
5981.0 1
5989.0 1
5992.0 1
5993.0 1
5995.0 2
6001.0 1
6003.0 1
6006.0 1
6011.0 1
6014.0 1
6022.0 1
6025.0 1
6029.0 1
6043.0 1
6049.0 1
6056.0 1
6058.0 1
6059.0 1
6062.0 1
6067.0 1
6068.0 2
6069.0 1
6073.0 1
6081.0 1
6084.0 1
6086.0 1
6088.0 2
6089.0 1
6090.0 1
6093.0 1
6095.0 1
6102.0 1
6106.0 1
6108.0 1
6116.0 1
6120.0 1
6121.0 1
6122.0 1
6124.0 1
6125.0 1
6132.0 1
6151.0 1
6157.0 1
6164.0 1
6165.0 1
6185.0 1
6190.0 1
6193.0 1
6198.0 1
6200.0 1
6207.0 2
6209.0 1
6214.0 1
6216.0 1
6223.0 2
6225.0 2
6228.0 1
6234.0 1
6237.0 1
6249.0 1
6254.0 1
6260.0 2
6265.0 2
6267.0 1
6270.0 1
6271.0 1
6280.0 1
6286.0 1
6291.0 1
6294.0 1
6300.0 1
6301.0 1
6311.0 1
6313.0 1
6324.0 1
6327.0 1
6333.0 2
6337.0 1
6338.0 1
6348.0 1
6351.0 1
6352.0 1
6356.0 1
6362.0 1
6374.0 2
6379.0 1
6381.0 1
6382.0 1
6385.0 1
6386.0 2
6389.0 1
6400.0 1
6405.0 1
6418.0 1
6422.0 1
6428.0 1
6429.0 1
6448.0 1
6449.0 1
6452.0 1
6454.0 1
6457.0 1
6460.0 1
6462.0 1
6464.0 1
6475.0 1
6481.0 1
6483.0 1
6484.0 1
6487.0 2
6492.0 1
6494.0 1
6497.0 2
6499.0 1
6510.0 1
6524.0 1
6530.0 1
6532.0 1
6546.0 2
6547.0 1
6551.0 1
6552.0 1
6562.0 1
6570.0 1
6580.0 3
6581.0 1
6590.0 1
6591.0 2
6605.0 1
6612.0 1
6617.0 2
6618.0 1
6625.0 1
6629.0 1
6632.0 1
6634.0 2
6635.0 1
6663.0 1
6666.0 1
6672.0 1
6684.0 1
6688.0 1
6694.0 1
6702.0 1
6704.0 1
6705.0 1
6706.0 1
6708.0 1
6713.0 1
6716.0 1
6717.0 1
6723.0 1
6735.0 1
6741.0 1
6749.0 1
6755.0 1
6772.0 1
6780.0 1
6783.0 1
6797.0 1
6799.0 1
6800.0 1
6801.0 1
6807.0 1
6809.0 1
6821.0 1
6822.0 1
6827.0 1
6830.0 1
6831.0 1
6832.0 1
6834.0 1
6851.0 1
6853.0 1
6864.0 1
6873.0 1
6876.0 1
6877.0 1
6883.0 1
6884.0 1
6885.0 1
6895.0 3
6910.0 2
6911.0 1
6912.0 1
6924.0 1
6935.0 1
6944.0 1
6950.0 1
6951.0 1
6969.0 1
6972.0 1
6973.0 1
6974.0 1
6993.0 1
6994.0 1
7003.0 1
7017.0 1
7019.0 2
7021.0 1
7022.0 1
7050.0 1
7051.0 1
7056.0 1
7060.0 1
7061.0 1
7065.0 1
7070.0 1
7090.0 1
7097.0 1
7099.0 1
7102.0 1
7105.0 1
7106.0 1
7113.0 1
7131.0 1
7141.0 3
7145.0 1
7166.0 2
7167.0 1
7168.0 1
7170.0 1
7172.0 1
7174.0 2
7188.0 1
7189.0 1
7201.0 3
7204.0 1
7207.0 1
7212.0 1
7223.0 1
7227.0 2
7232.0 1
7233.0 1
7239.0 1
7241.0 1
7242.0 1
7247.0 2
7250.0 1
7251.0 1
7253.0 1
7258.0 2
7262.0 1
7267.0 1
7291.0 1
7298.0 1
7300.0 1
7303.0 1
7311.0 1
7312.0 1
7316.0 1
7319.0 1
7322.0 1
7326.0 1
7328.0 1
7329.0 1
7343.0 1
7353.0 1
7357.0 2
7365.0 1
7371.0 2
7376.0 1
7382.0 1
7385.0 1
7388.0 1
7396.0 1
7397.0 1
7405.0 1
7422.0 1
7424.0 3
7437.0 1
7439.0 1
7442.0 1
7450.0 1
7452.0 1
7453.0 1
7456.0 1
7473.0 1
7476.0 1
7482.0 1
7486.0 1
7492.0 1
7497.0 1
7499.0 1
7503.0 2
7507.0 2
7508.0 1
7509.0 1
7511.0 1
7513.0 1
7530.0 1
7531.0 1
7540.0 1
7552.0 2
7554.0 1
7557.0 2
7559.0 2
7561.0 1
7570.0 1
7573.0 2
7589.0 1
7601.0 1
7603.0 1
7609.0 1
7612.0 1
7624.0 2
7625.0 1
7626.0 1
7629.0 1
7635.0 2
7638.0 1
7639.0 2
7640.0 1
7662.0 1
7669.0 1
7677.0 2
7681.0 1
7682.0 2
7689.0 2
7692.0 1
7694.0 2
7695.0 1
7706.0 2
7710.0 2
7712.0 1
7713.0 1
7717.0 1
7724.0 1
7732.0 1
7739.0 1
7741.0 1
7744.0 1
7752.0 1
7764.0 1
7767.0 1
7778.0 1
7781.0 1
7782.0 1
7795.0 1
7800.0 2
7809.0 1
7831.0 1
7833.0 1
7836.0 1
7839.0 2
7840.0 1
7845.0 1
7846.0 1
7852.0 1
7854.0 2
7856.0 1
7868.0 1
7888.0 1
7903.0 1
7904.0 1
7911.0 1
7912.0 1
7920.0 1
7922.0 1
7928.0 1
7934.0 2
7947.0 1
7948.0 1
7950.0 1
7956.0 1
7959.0 1
7962.0 1
7975.0 1
7984.0 1
7986.0 1
7988.0 1
7990.0 1
7998.0 2
8012.0 1
8031.0 1
8038.0 1
8052.0 1
8056.0 1
8057.0 1
8060.0 1
8077.0 1
8082.0 1
8091.0 1
8104.0 1
8110.0 1
8115.0 1
8119.0 1
8121.0 1
8123.0 1
8131.0 2
8133.0 1
8136.0 1
8140.0 1
8143.0 1
8153.0 1
8155.0 1
8160.0 1
8169.0 1
8170.0 1
8188.0 1
8193.0 1
8199.0 1
8203.0 1
8210.0 1
8213.0 1
8232.0 1
8243.0 1
8251.0 1
8258.0 1
8260.0 1
8266.0 1
8267.0 1
8269.0 1
8270.0 1
8285.0 1
8289.0 1
8302.0 1
8306.0 1
8307.0 1
8309.0 1
8310.0 1
8314.0 1
8329.0 2
8331.0 1
8332.0 1
8333.0 1
8350.0 3
8360.0 1
8364.0 1
8376.0 1
8378.0 1
8382.0 1
8385.0 1
8390.0 1
8400.0 1
8405.0 1
8418.0 1
8419.0 1
8428.0 1
8429.0 1
8432.0 1
8437.0 2
8439.0 1
8440.0 1
8442.0 1
8448.0 1
8453.0 1
8456.0 1
8457.0 1
8463.0 1
8465.0 1
8473.0 1
8488.0 1
8495.0 1
8502.0 1
8505.0 1
8514.0 1
8516.0 1
8532.0 1
8536.0 1
8539.0 1
8541.0 1
8542.0 1
8550.0 1
8555.0 2
8568.0 2
8575.0 1
8579.0 1
8593.0 1
8599.0 1
8604.0 1
8607.0 1
8614.0 1
8618.0 1
8624.0 2
8631.0 1
8632.0 1
8634.0 1
8635.0 1
8645.0 1
8659.0 1
8661.0 1
8668.0 2
8673.0 1
8674.0 1
8676.0 1
8684.0 1
8693.0 1
8695.0 1
8696.0 1
8702.0 1
8706.0 1
8712.0 1
8722.0 1
8726.0 1
8735.0 1
8740.0 1
8762.0 1
8763.0 1
8778.0 1
8784.0 1
8785.0 2
8787.0 1
8793.0 2
8803.0 1
8817.0 1
8818.0 1
8822.0 1
8824.0 1
8826.0 1
8827.0 1
8848.0 1
8850.0 1
8851.0 2
8854.0 2
8855.0 1
8856.0 1
8881.0 2
8885.0 1
8889.0 1
8902.0 1
8908.0 1
8911.0 1
8912.0 1
8918.0 1
8921.0 1
8935.0 1
8942.0 1
8965.0 1
8984.0 1
8989.0 1
9003.0 1
9020.0 1
9028.0 1
9029.0 1
9046.0 1
9050.0 1
9064.0 1
9066.0 1
9089.0 1
9094.0 1
9097.0 1
9105.0 1
9115.0 1
9116.0 1
9127.0 1
9147.0 1
9154.0 2
9156.0 2
9169.0 1
9170.0 1
9175.0 1
9176.0 1
9202.0 1
9209.0 2
9222.0 1
9231.0 1
9251.0 1
9258.0 1
9259.0 1
9261.0 1
9262.0 1
9263.0 1
9264.0 1
9266.0 1
9273.0 1
9304.0 1
9305.0 1
9312.0 1
9314.0 1
9325.0 1
9337.0 1
9344.0 1
9366.0 1
9372.0 1
9373.0 1
9377.0 1
9384.0 1
9387.0 1
9391.0 1
9393.0 1
9399.0 1
9403.0 1
9407.0 1
9419.0 1
9421.0 1
9423.0 1
9429.0 1
9432.0 1
9433.0 2
9451.0 1
9459.0 1
9460.0 1
9464.0 1
9473.0 1
9481.0 1
9482.0 1
9486.0 1
9493.0 1
9514.0 1
9519.0 1
9521.0 1
9524.0 1
9528.0 1
9534.0 1
9548.0 1
9556.0 1
9557.0 2
9560.0 1
9583.0 1
9588.0 1
9597.0 1
9600.0 1
9617.0 1
9630.0 1
9632.0 1
9633.0 1
9637.0 1
9642.0 1
9643.0 1
9648.0 1
9654.0 1
9656.0 1
9657.0 1
9664.0 1
9681.0 1
9684.0 1
9688.0 1
9696.0 1
9699.0 1
9701.0 1
9707.0 1
9722.0 1
9724.0 1
9725.0 1
9752.0 1
9753.0 1
9770.0 1
9777.0 1
9779.0 1
9793.0 1
9798.0 1
9809.0 1
9819.0 1
9827.0 1
9830.0 1
9833.0 1
9837.0 1
9843.0 1
9845.0 1
9847.0 1
9867.0 1
9868.0 1
9881.0 1
9883.0 1
9902.0 1
9921.0 1
9923.0 1
9928.0 1
9936.0 1
9937.0 1
9949.0 2
9951.0 1
9952.0 1
9966.0 1
9970.0 1
9979.0 1
9983.0 1
9985.0 1
9993.0 1
9994.0 1
9997.0 1
10004.0 1
10009.0 1
10013.0 1
10057.0 1
10064.0 1
10089.0 2
10093.0 1
10109.0 1
10115.0 1
10117.0 1
10121.0 1
10123.0 1
10133.0 1
10144.0 1
10146.0 1
10150.0 1
10160.0 1
10162.0 1
10179.0 1
10185.0 1
10197.0 1
10198.0 1
10205.0 1
10222.0 1
10225.0 1
10246.0 1
10254.0 2
10260.0 1
10286.0 1
10287.0 1
10333.0 1
10335.0 1
10344.0 1
10363.0 1
10369.0 1
10381.0 1
10383.0 1
10394.0 1
10395.0 1
10407.0 1
10412.0 1
10419.0 1
10420.0 1
10427.0 1
10452.0 1
10457.0 1
10464.0 1
10502.0 1
10505.0 1
10506.0 1
10519.0 2
10525.0 1
10544.0 1
10545.0 1
10552.0 1
10561.0 2
10580.0 1
10581.0 1
10583.0 1
10585.0 1
10587.0 1
10601.0 1
10614.0 1
10639.0 1
10642.0 1
10661.0 1
10662.0 2
10668.0 2
10670.0 1
10672.0 1
10673.0 1
10681.0 1
10684.0 1
10690.0 1
10695.0 1
10704.0 1
10708.0 1
10723.0 1
10728.0 1
10745.0 1
10755.0 1
10758.0 1
10760.0 1
10764.0 1
10771.0 1
10773.0 1
10777.0 1
10780.0 1
10782.0 1
10788.0 1
10792.0 1
10800.0 1
10802.0 1
10850.0 1
10857.0 1
10864.0 1
10890.0 1
10902.0 1
10907.0 1
10938.0 1
10956.0 1
10965.0 1
10999.0 1
11000.0 1
11025.0 1
11043.0 1
11045.0 1
11048.0 1
11054.0 1
11076.0 1
11077.0 1
11092.0 1
11095.0 1
11102.0 1
11103.0 1
11122.0 1
11142.0 1
11145.0 1
11153.0 1
11165.0 1
11181.0 1
11182.0 1
11184.0 1
11193.0 2
11206.0 1
11211.0 1
11213.0 1
11216.0 1
11229.0 1
11230.0 1
11234.0 1
11239.0 1
11245.0 1
11246.0 1
11248.0 1
11255.0 1
11265.0 1
11266.0 1
11270.0 1
11276.0 1
11280.0 1
11281.0 2
11287.0 1
11296.0 1
11305.0 1
11323.0 1
11324.0 1
11357.0 1
11365.0 1
11366.0 1
11367.0 1
11370.0 1
11379.0 1
11390.0 1
11391.0 1
11398.0 1
11402.0 1
11403.0 1
11405.0 1
11409.0 1
11442.0 1
11443.0 1
11447.0 1
11452.0 1
11454.0 1
11457.0 2
11460.0 1
11476.0 1
11481.0 1
11492.0 1
11494.0 1
11520.0 1
11541.0 1
11548.0 1
11562.0 1
11574.0 1
11577.0 1
11584.0 1
11604.0 1
11611.0 2
11616.0 1
11621.0 1
11623.0 1
11638.0 1
11644.0 1
11663.0 1
11665.0 2
11694.0 1
11697.0 1
11704.0 1
11753.0 1
11756.0 1
11761.0 1
11765.0 1
11800.0 1
11803.0 1
11808.0 1
11811.0 1
11828.0 1
11851.0 1
11858.0 1
11864.0 1
11870.0 1
11878.0 1
11880.0 1
11888.0 1
11910.0 1
11916.0 1
11924.0 1
11926.0 2
11936.0 1
11943.0 1
11968.0 1
11978.0 1
11980.0 1
11984.0 1
11989.0 1
11997.0 1
12002.0 1
12009.0 1
12015.0 1
12017.0 1
12018.0 1
12058.0 1
12067.0 1
12078.0 1
12097.0 1
12103.0 1
12113.0 1
12118.0 1
12124.0 1
12125.0 1
12147.0 1
12151.0 1
12167.0 1
12170.0 1
12177.0 1
12178.0 1
12179.0 1
12181.0 1
12187.0 1
12192.0 1
12194.0 1
12204.0 1
12222.0 1
12223.0 1
12226.0 1
12258.0 2
12260.0 1
12264.0 1
12268.0 1
12272.0 1
12281.0 1
12285.0 1
12290.0 1
12302.0 1
12304.0 1
12357.0 1
12371.0 1
12382.0 1
12385.0 2
12387.0 1
12388.0 1
12389.0 1
12392.0 1
12402.0 1
12414.0 1
12418.0 1
12430.0 1
12443.0 1
12455.0 1
12456.0 1
12461.0 1
12475.0 1
12489.0 1
12493.0 1
12539.0 1
12551.0 1
12575.0 1
12586.0 1
12588.0 1
12592.0 1
12596.0 1
12635.0 1
12641.0 1
12659.0 1
12661.0 1
12667.0 1
12684.0 1
12700.0 1
12722.0 1
12738.0 1
12749.0 2
12775.0 1
12778.0 1
12783.0 1
12814.0 1
12820.0 1
12822.0 1
12854.0 1
12860.0 1
12917.0 1
12920.0 2
12936.0 1
12939.0 1
12963.0 1
12970.0 1
12978.0 1
12982.0 2
12990.0 1
12993.0 1
12996.0 1
13000.0 1
13001.0 1
13007.0 1
13008.0 1
13017.0 1
13018.0 1
13019.0 1
13031.0 1
13037.0 1
13042.0 1
13051.0 1
13056.0 2
13057.0 1
13062.0 1
13065.0 1
13075.0 1
13093.0 1
13097.0 1
13135.0 1
13141.0 1
13146.0 2
13168.0 1
13169.0 1
13183.0 1
13193.0 1
13194.0 2
13217.0 1
13235.0 1
13238.0 1
13247.0 1
13257.0 1
13259.0 1
13301.0 1
13320.0 1
13337.0 1
13384.0 1
13444.0 1
13449.0 1
13460.0 1
13467.0 1
13478.0 1
13491.0 1
13515.0 1
13520.0 1
13529.0 1
13535.0 1
13540.0 1
13563.0 1
13583.0 1
13586.0 1
13587.0 1
13600.0 1
13617.0 1
13623.0 1
13645.0 1
13652.0 2
13664.0 1
13671.0 1
13682.0 1
13683.0 1
13732.0 1
13747.0 1
13751.0 1
13774.0 1
13800.0 1
13808.0 1
13823.0 1
13834.0 2
13865.0 1
13884.0 1
13926.0 1
13940.0 1
13958.0 1
13972.0 1
13987.0 1
13988.0 1
13990.0 1
13992.0 2
13993.0 1
13995.0 1
13996.0 1
14026.0 1
14049.0 1
14077.0 1
14086.0 1
14096.0 1
14127.0 1
14130.0 1
14138.0 1
14139.0 1
14143.0 1
14149.0 1
14167.0 1
14173.0 1
14174.0 1
14192.0 1
14206.0 2
14215.0 1
14217.0 1
14227.0 1
14248.0 1
14251.0 1
14263.0 1
14273.0 1
14298.0 1
14304.0 1
14324.0 1
14326.0 1
14332.0 1
14353.0 1
14365.0 1
14384.0 1
14387.0 1
14393.0 1
14399.0 1
14404.0 1
14435.0 1
14441.0 1
14457.0 1
14510.0 1
14512.0 1
14542.0 1
14555.0 1
14564.0 1
14576.0 1
14632.0 1
14633.0 1
14636.0 1
14645.0 1
14670.0 1
14673.0 1
14687.0 1
14698.0 1
14708.0 1
14729.0 1
14731.0 1
14759.0 1
14770.0 1
14782.0 1
14802.0 1
14811.0 1
14812.0 1
14827.0 1
14895.0 1
14898.0 1
14903.0 1
14917.0 1
14920.0 1
14921.0 1
14955.0 1
14965.0 1
14968.0 1
15005.0 1
15019.0 1
15023.0 1
15049.0 1
15059.0 1
15071.0 1
15083.0 1
15093.0 1
15155.0 1
15156.0 1
15186.0 1
15190.0 1
15204.0 1
15211.0 1
15224.0 1
15242.0 1
15244.0 1
15248.0 1
15253.0 1
15257.0 1
15270.0 1
15281.0 1
15307.0 1
15404.0 1
15407.0 1
15435.0 1
15441.0 1
15455.0 1
15459.0 1
15481.0 1
15497.0 1
15500.0 1
15502.0 1
15509.0 1
15510.0 1
15527.0 1
15539.0 1
15543.0 1
15546.0 1
15570.0 1
15571.0 1
15592.0 1
15595.0 1
15622.0 1
15624.0 1
15648.0 1
15652.0 2
15657.0 1
15661.0 1
15666.0 1
15678.0 1
15688.0 1
15700.0 1
15721.0 1
15726.0 1
15772.0 1
15800.0 1
15814.0 1
15832.0 1
15836.0 1
15845.0 1
15873.0 1
15895.0 1
15902.0 1
15915.0 1
15999.0 1
16036.0 1
16044.0 1
16051.0 1
16067.0 1
16128.0 1
16134.0 1
16160.0 1
16164.0 1
16167.0 1
16208.0 1
16217.0 1
16228.0 1
16239.0 1
16280.0 1
16283.0 1
16294.0 2
16305.0 1
16322.0 1
16341.0 1
16364.0 1
16367.0 1
16370.0 1
16371.0 2
16381.0 1
16386.0 1
16398.0 1
16421.0 1
16431.0 1
16467.0 1
16483.0 1
16492.0 1
16497.0 1
16515.0 1
16533.0 1
16541.0 1
16543.0 1
16549.0 1
16559.0 1
16577.0 1
16582.0 1
16605.0 1
16617.0 1
16622.0 1
16627.0 1
16629.0 1
16654.0 1
16656.0 1
16670.0 1
16681.0 1
16704.0 1
16739.0 1
16750.0 1
16760.0 1
16809.0 1
16813.0 1
16814.0 1
16846.0 1
16848.0 1
16872.0 1
16892.0 1
16913.0 1
16924.0 1
16927.0 1
16933.0 1
16934.0 1
16944.0 1
16961.0 1
16996.0 1
17000.0 1
17011.0 1
17017.0 1
17066.0 1
17137.0 1
17139.0 1
17144.0 1
17149.0 1
17199.0 1
17241.0 1
17253.0 1
17273.0 1
17277.0 1
17289.0 1
17293.0 3
17324.0 1
17367.0 1
17407.0 1
17426.0 1
17460.0 1
17475.0 1
17485.0 1
17506.0 1
17509.0 1
17515.0 1
17542.0 1
17548.0 1
17566.0 1
17665.0 1
17677.0 1
17707.0 1
17712.0 1
17717.0 1
17725.0 1
17729.0 1
17746.0 1
17783.0 1
17844.0 1
17873.0 1
17899.0 1
17936.0 1
17944.0 1
17957.0 1
17967.0 1
18016.0 1
18040.0 1
18063.0 1
18068.0 1
18078.0 1
18093.0 1
18108.0 1
18119.0 1
18137.0 1
18145.0 1
18147.0 1
18175.0 1
18177.0 1
18179.0 1
18188.0 1
18235.0 1
18251.0 1
18260.0 1
18274.0 1
18282.0 1
18301.0 1
18323.0 1
18329.0 1
18333.0 1
18366.0 1
18376.0 1
18381.0 1
18406.0 1
18464.0 1
18478.0 1
18486.0 1
18501.0 1
18516.0 1
18537.0 1
18559.0 1
18577.0 1
18593.0 1
18626.0 1
18628.0 1
18631.0 1
18681.0 1
18682.0 1
18693.0 1
18717.0 1
18728.0 1
18752.0 1
18768.0 1
18775.0 1
18801.0 1
18831.0 1
18835.0 1
18847.0 1
18873.0 1
18956.0 1
18961.0 1
18980.0 1
18990.0 1
19004.0 1
19007.0 1
19021.0 1
19063.0 1
19074.0 1
19077.0 2
19110.0 1
19118.0 1
19148.0 1
19149.0 1
19165.0 1
19193.0 1
19199.0 1
19233.0 1
19258.0 1
19283.0 1
19301.0 1
19303.0 1
19367.0 1
19404.0 1
19415.0 1
19459.0 1
19468.0 1
19519.0 1
19528.0 1
19582.0 1
19584.0 1
19586.0 1
19590.0 1
19613.0 1
19636.0 1
19659.0 1
19698.0 1
19707.0 1
19726.0 1
19734.0 1
19736.0 1
19753.0 1
19775.0 2
19805.0 1
19809.0 1
19854.0 1
19862.0 1
19880.0 1
19900.0 1
19930.0 1
19948.0 1
19994.0 1
20001.0 1
20030.0 1
20033.0 1
20034.0 1
20035.0 1
20049.0 1
20068.0 1
20071.0 1
20076.0 1
20088.0 1
20158.0 1
20166.0 1
20171.0 2
20198.0 1
20247.0 1
20258.0 1
20367.0 1
20372.0 1
20383.0 1
20402.0 1
20423.0 1
20437.0 1
20482.0 1
20501.0 1
20567.0 1
20589.0 1
20595.0 1
20599.0 1
20608.0 1
20616.0 1
20630.0 1
20639.0 1
20640.0 1
20644.0 1
20673.0 1
20696.0 1
20701.0 1
20710.0 1
20715.0 1
20744.0 2
20747.0 1
20761.0 1
20780.0 1
20818.0 1
20831.0 1
20834.0 1
20844.0 1
20864.0 1
20879.0 1
20900.0 1
20907.0 1
20922.0 1
20968.0 1
21002.0 1
21008.0 1
21044.0 1
21056.0 1
21099.0 1
21144.0 1
21168.0 1
21175.0 1
21193.0 1
21218.0 1
21246.0 1
21292.0 1
21385.0 1
21409.0 1
21511.0 1
21553.0 1
21598.0 1
21601.0 1
21611.0 1
21663.0 1
21740.0 1
21781.0 2
21792.0 1
21865.0 1
21888.0 1
21892.0 1
21907.0 1
21920.0 1
21948.0 1
21953.0 1
21962.0 1
21973.0 1
21977.0 2
21996.0 1
21997.0 1
22001.0 1
22028.0 1
22036.0 1
22039.0 1
22137.0 1
22228.0 1
22259.0 1
22289.0 1
22321.0 1
22342.0 1
22352.0 1
22359.0 1
22376.0 1
22385.0 1
22393.0 1
22432.0 1
22470.0 1
22473.0 1
22512.0 1
22514.0 1
22525.0 1
22589.0 1
22590.0 1
22644.0 1
22679.0 1
22718.0 1
22831.0 2
22838.0 1
22853.0 1
22874.0 1
22928.0 1
22947.0 1
22951.0 1
23038.0 1
23061.0 1
23071.0 1
23183.0 1
23217.0 1
23224.0 1
23284.0 2
23296.0 1
23319.0 1
23333.0 1
23392.0 1
23420.0 1
23432.0 1
23455.0 1
23586.0 1
23603.0 1
23608.0 1
23616.0 1
23650.0 1
23704.0 1
23706.0 1
23748.0 2
23780.0 1
23794.0 1
23824.0 1
23849.0 1
23959.0 1
23987.0 1
24003.0 1
24016.0 1
24023.0 1
24033.0 1
24083.0 1
24149.0 1
24151.0 1
24153.0 1
24238.0 1
24280.0 1
24308.0 1
24311.0 1
24316.0 1
24320.0 1
24400.0 1
24447.0 1
24448.0 1
24474.0 1
24537.0 1
24583.0 1
24610.0 1
24733.0 1
24744.0 1
24750.0 1
24759.0 1
24802.0 1
24833.0 1
24878.0 1
24880.0 1
24894.0 1
24900.0 1
25005.0 1
25016.0 1
25083.0 1
25089.0 1
25104.0 1
25175.0 1
25186.0 1
25193.0 1
25216.0 1
25288.0 1
25298.0 1
25331.0 1
25338.0 1
25343.0 1
25378.0 1
25461.0 1
25496.0 1
25514.0 1
25523.0 1
25560.0 1
25577.0 1
25657.0 1
25664.0 1
25727.0 1
25729.0 1
25754.0 1
25797.0 1
25846.0 1
25854.0 1
25856.0 1
25857.0 1
25936.0 1
25951.0 1
25985.0 1
26011.0 1
26098.0 1
26116.0 1
26132.0 1
26157.0 1
26162.0 1
26195.0 1
26199.0 1
26256.0 1
26326.0 1
26354.0 1
26366.0 1
26378.0 1
26393.0 1
26395.0 1
26425.0 1
26490.0 1
26504.0 1
26507.0 1
26540.0 1
26574.0 1
26602.0 1
26645.0 1
26647.0 1
26791.0 1
26803.0 1
26835.0 1
26904.0 1
26919.0 1
26949.0 1
26967.0 1
26975.0 1
27000.0 1
27011.0 1
27023.0 1
27069.0 1
27073.0 1
27186.0 1
27211.0 1
27275.0 1
27276.0 1
27308.0 1
27343.0 1
27369.0 1
27432.0 1
27504.0 1
27513.0 1
27526.0 1
27542.0 1
27548.0 1
27566.0 1
27581.0 1
27596.0 1
27612.0 1
27647.0 1
27722.0 1
27775.0 1
27805.0 1
27820.0 1
27843.0 1
27893.0 1
27978.0 1
28006.0 1
28027.0 1
28030.0 1
28052.0 1
28061.0 1
28072.0 1
28080.0 1
28120.0 1
28147.0 1
28170.0 1
28198.0 1
28211.0 1
28231.0 1
28280.0 1
28336.0 1
28362.0 1
28364.0 1
28390.0 1
28432.0 1
28445.0 1
28533.0 1
28543.0 2
28582.0 1
28615.0 1
28718.0 1
28865.0 1
28904.0 1
28981.0 1
28986.0 1
29013.0 1
29032.0 1
29091.0 1
29105.0 1
29112.0 1
29149.0 1
29160.0 1
29231.0 1
29264.0 1
29284.0 1
29301.0 1
29322.0 1
29331.0 1
29365.0 1
29383.0 1
29419.0 1
29434.0 1
29519.0 1
29522.0 1
29532.0 1
29616.0 1
29668.0 1
29677.0 2
29760.0 1
29776.0 1
29922.0 1
29967.0 1
29991.0 1
30045.0 1
30056.0 1
30068.0 1
30103.0 1
30104.0 1
30252.0 1
30341.0 1
30350.0 1
30351.0 1
30399.0 1
30412.0 1
30534.0 1
30569.0 1
30607.0 1
30615.0 1
30663.0 1
30695.0 1
30728.0 1
30792.0 1
30823.0 1
31008.0 1
31013.0 1
31073.0 1
31094.0 1
31113.0 1
31126.0 1
31127.0 1
31131.0 1
31178.0 1
31196.0 1
31313.0 1
31347.0 1
31357.0 1
31433.0 1
31591.0 1
31592.0 1
31630.0 1
31763.0 1
31803.0 1
31814.0 1
31824.0 1
31827.0 1
31837.0 1
31855.0 1
31859.0 1
31866.0 1
31893.0 1
31927.0 1
31970.0 1
32094.0 1
32154.0 1
32217.0 1
32237.0 1
32258.0 1
32310.0 1
32380.0 1
32440.0 1
32496.0 1
32552.0 1
32574.0 1
32669.0 1
32675.0 1
32720.0 1
32758.0 1
32801.0 1
32805.0 1
32827.0 1
32834.0 1
32853.0 1
32870.0 1
32932.0 1
32947.0 1
32962.0 1
32997.0 1
33016.0 1
33340.0 1
33342.0 1
33351.0 1
33389.0 1
33415.0 1
33541.0 1
33557.0 1
33572.0 1
33595.0 1
33710.0 1
33739.0 1
33742.0 1
33797.0 1
33842.0 1
33883.0 1
33943.0 1
34017.0 1
34023.0 1
34048.0 1
34080.0 1
34167.0 1
34202.0 1
34213.0 1
34275.0 1
34438.0 1
34486.0 1
34512.0 1
34532.0 1
34533.0 1
34547.0 1
34553.0 1
34734.0 1
34821.0 1
34822.0 2
34860.0 1
34893.0 1
35008.0 1
35054.0 1
35091.0 1
35149.0 1
35169.0 1
35171.0 1
35274.0 1
35302.0 1
35378.0 1
35406.0 1
35472.0 1
35626.0 1
35686.0 1
35704.0 1
35754.0 1
35760.0 1
35777.0 1
35820.0 1
35842.0 1
35902.0 1
36027.0 1
36047.0 1
36091.0 1
36107.0 1
36160.0 1
36287.0 1
36376.0 1
36387.0 1
36468.0 1
36516.0 1
36767.0 1
36820.0 1
36881.0 1
36920.0 1
36975.0 1
37029.0 1
37043.0 1
37077.0 1
37122.0 1
37156.0 1
37157.0 1
37181.0 1
37197.0 1
37225.0 1
37319.0 1
37397.0 1
37628.0 1
37791.0 1
37822.0 1
37854.0 1
37932.0 1
38027.0 1
38205.0 1
38215.0 1
38264.0 1
38309.0 1
38372.0 1
38396.0 1
38497.0 1
38536.0 1
38654.0 1
38667.0 1
38789.0 1
38807.0 1
38891.0 1
38946.0 1
38982.0 1
39074.0 1
39141.0 1
39156.0 1
39287.0 1
39301.0 1
39315.0 1
39432.0 1
39580.0 1
39627.0 1
39659.0 1
39768.0 1
39788.0 1
39845.0 1
39860.0 1
39871.0 1
39928.0 1
39977.0 1
40033.0 1
40047.0 1
40063.0 1
40137.0 1
40243.0 1
40301.0 1
40367.0 1
40409.0 1
40525.0 1
40573.0 1
40852.0 1
40888.0 1
40977.0 1
41015.0 1
41036.0 1
41037.0 1
41067.0 1
41230.0 1
41302.0 1
41303.0 1
41397.0 1
41476.0 1
41481.0 1
41577.0 1
41582.0 1
41641.0 1
41808.0 1
41811.0 1
41881.0 1
41900.0 1
41968.0 1
41973.0 1
42013.0 1
42101.0 1
42241.0 1
42471.0 1
42497.0 1
42513.0 1
42537.0 1
42704.0 1
42883.0 1
42918.0 1
42974.0 1
42992.0 1
43071.0 1
43105.0 1
43155.0 1
43404.0 1
43535.0 1
43635.0 1
43682.0 1
43735.0 1
43815.0 1
43873.0 1
44054.0 1
44184.0 1
44346.0 1
44352.0 1
44361.0 1
44445.0 1
44477.0 1
44494.0 1
44536.0 1
44695.0 1
44883.0 1
45108.0 1
45139.0 1
45315.0 1
45331.0 1
45629.0 1
45664.0 1
45779.0 1
45911.0 1
45947.0 1
46103.0 1
46120.0 1
46382.0 1
46480.0 1
46489.0 1
46516.0 1
46560.0 1
46592.0 1
46733.0 1
46885.0 1
47007.0 1
47170.0 1
47257.0 1
47403.0 1
47531.0 1
47668.0 1
47714.0 1
48056.0 1
48325.0 1
48517.0 1
48526.0 1
48987.0 1
49057.0 1
49174.0 1
49228.0 1
49253.0 1
49257.0 1
49389.0 1
49472.0 1
49486.0 1
49568.0 1
49643.0 1
49663.0 1
49792.0 1
49819.0 1
49837.0 1
50029.0 1
50137.0 1
50382.0 1
50450.0 1
50520.0 1
50583.0 1
51024.0 1
51114.0 1
51138.0 1
51361.0 1
51425.0 1
51476.0 1
51494.0 1
51538.0 1
51609.0 1
52008.0 1
52148.0 1
52173.0 1
52271.0 1
52630.0 1
52785.0 1
52814.0 1
52986.0 1
53034.0 1
53081.0 1
53163.0 1
53453.0 1
53514.0 1
53536.0 1
53717.0 1
54082.0 1
54099.0 1
54176.0 1
54177.0 1
54394.0 1
54506.0 1
54631.0 1
54675.0 1
54713.0 1
54985.0 1
55064.0 1
55433.0 1
55543.0 1
55787.0 1
55817.0 1
55910.0 1
56039.0 1
56079.0 1
56090.0 1
56154.0 1
56155.0 1
56175.0 1
56291.0 1
56382.0 1
56402.0 1
56719.0 1
57105.0 1
57211.0 1
57216.0 1
57250.0 1
57258.0 2
57285.0 1
57617.0 1
57637.0 1
58177.0 1
58380.0 1
58600.0 1
58975.0 1
58977.0 1
59102.0 1
59123.0 1
59226.0 1
59455.0 1
59599.0 1
59630.0 1
59686.0 1
60076.0 1
60589.0 1
60611.0 1
60834.0 1
60916.0 1
60955.0 1
61213.0 1
61466.0 1
61689.0 1
61796.0 1
61816.0 1
61942.0 1
62010.0 1
62066.0 1
62219.0 1
62518.0 1
62845.0 1
63179.0 1
63300.0 1
63333.0 1
63359.0 1
63366.0 1
63451.0 1
63511.0 1
63593.0 1
63651.0 1
63825.0 1
63845.0 1
63880.0 1
64130.0 1
64227.0 1
64340.0 1
64667.0 1
64686.0 1
64813.0 1
65094.0 1
65173.0 1
65337.0 1
65338.0 1
65344.0 1
65806.0 1
66054.0 1
66588.0 1
66679.0 1
67257.0 1
67301.0 1
67594.0 1
67638.0 1
67641.0 1
67826.0 1
67975.0 1
68003.0 1
68449.0 1
68494.0 1
68711.0 1
68943.0 1
69088.0 1
69273.0 1
69616.0 1
69770.0 1
70760.0 1
71159.0 1
71464.0 1
71704.0 1
72304.0 1
72318.0 1
72835.0 1
72873.0 1
72942.0 1
73230.0 1
73374.0 1
73462.0 1
73510.0 1
73557.0 1
73573.0 1
74501.0 1
74624.0 1
74723.0 1
74874.0 1
74975.0 1
76000.0 1
76106.0 1
76608.0 1
76836.0 1
77034.0 1
77235.0 1
77572.0 1
77668.0 1
78001.0 1
78003.0 1
78931.0 1
79082.0 1
79089.0 1
79408.0 1
79430.0 2
79438.0 1
80051.0 1
80213.0 1
80279.0 1
80958.0 1
81827.0 1
82100.0 1
82216.0 1
82220.0 1
83084.0 1
83193.0 1
83707.0 1
83812.0 1
84733.0 1
84772.0 1
84872.0 1
84965.0 1
84997.0 1
85154.0 1
85231.0 1
85378.0 1
85571.0 1
85611.0 1
86103.0 1
86406.0 1
86746.0 1
86783.0 1
87265.0 1
87406.0 1
87722.0 1
87726.0 1
87734.0 1
88277.0 1
89460.0 1
89763.0 1
90847.0 1
91522.0 1
91543.0 1
91646.0 1
93204.0 1
93800.0 1
94381.0 1
94679.0 1
94782.0 1
95576.0 1
98355.0 1
98731.0 1
99200.0 1
99586.0 1
99592.0 1
99620.0 1
99655.0 1
99993.0 1
100097.0 1
100461.0 1
100759.0 1
101975.0 1
102024.0 1
102146.0 1
102801.0 1
102959.0 1
103813.0 1
104278.0 1
105849.0 1
105882.0 1
106094.0 1
107068.0 1
108596.0 1
110733.0 1
111213.0 1
111675.0 1
111994.0 1
115181.0 1
115261.0 1
116358.0 1
117189.0 1
118112.0 1
119412.0 1
120505.0 1
121394.0 1
122437.0 1
124225.0 1
124619.0 1
125852.0 1
128174.0 1
129154.0 1
131582.0 1
132560.0 1
134241.0 1
136457.0 1
137120.0 1
140992.0 1
141763.0 1
148382.0 1
148944.0 1
152161.0 1
152372.0 1
154141.0 1
156775.0 1
176705.0 1
188780.0 1
192696.0 1
216705.0 1
224943.0 1
259035.0 1
457437.0 1
