1.0 1
2.0 2
3.0 21
4.0 92
5.0 201
6.0 255
7.0 335
8.0 530
9.0 682
10.0 1018
11.0 1333
12.0 1166
13.0 1286
14.0 1387
15.0 1491
16.0 1609
17.0 1715
18.0 1541
19.0 1770
20.0 1619
21.0 1633
22.0 1611
23.0 1673
24.0 1779
25.0 1762
26.0 1890
27.0 2006
28.0 2061
29.0 2065
30.0 2214
31.0 2185
32.0 2242
33.0 2326
34.0 2417
35.0 2433
36.0 2462
37.0 2561
38.0 2594
39.0 2591
40.0 2677
41.0 2727
42.0 2935
43.0 2881
44.0 2867
45.0 2859
46.0 2785
47.0 2908
48.0 2947
49.0 3016
50.0 2914
51.0 3034
52.0 2956
53.0 2989
54.0 3023
55.0 3087
56.0 3091
57.0 3117
58.0 3029
59.0 3023
60.0 2982
61.0 2924
62.0 2876
63.0 2906
64.0 2958
65.0 2840
66.0 2847
67.0 2926
68.0 2925
69.0 2809
70.0 2920
71.0 2854
72.0 2830
73.0 2890
74.0 2956
75.0 2826
76.0 2838
77.0 2866
78.0 2901
79.0 2915
80.0 2769
81.0 2845
82.0 2902
83.0 2712
84.0 2841
85.0 2838
86.0 2780
87.0 2863
88.0 2802
89.0 2700
90.0 2790
91.0 2758
92.0 2697
93.0 2739
94.0 2665
95.0 2814
96.0 2696
97.0 2805
98.0 2667
99.0 2706
100.0 2688
101.0 2671
102.0 2590
103.0 2579
104.0 2617
105.0 2717
106.0 2589
107.0 2537
108.0 2674
109.0 2593
110.0 2528
111.0 2604
112.0 2592
113.0 2509
114.0 2461
115.0 2475
116.0 2491
117.0 2467
118.0 2469
119.0 2537
120.0 2381
121.0 2439
122.0 2345
123.0 2361
124.0 2383
125.0 2248
126.0 2279
127.0 2284
128.0 2245
129.0 2270
130.0 2273
131.0 2222
132.0 2223
133.0 2287
134.0 2192
135.0 2076
136.0 2108
137.0 2147
138.0 2060
139.0 2040
140.0 2102
141.0 2043
142.0 2076
143.0 2046
144.0 2010
145.0 1962
146.0 1958
147.0 1906
148.0 1867
149.0 1946
150.0 1925
151.0 1878
152.0 1733
153.0 1816
154.0 1755
155.0 1744
156.0 1807
157.0 1668
158.0 1773
159.0 1724
160.0 1712
161.0 1637
162.0 1622
163.0 1592
164.0 1621
165.0 1620
166.0 1622
167.0 1604
168.0 1512
169.0 1582
170.0 1501
171.0 1574
172.0 1548
173.0 1427
174.0 1463
175.0 1416
176.0 1419
177.0 1330
178.0 1369
179.0 1332
180.0 1369
181.0 1378
182.0 1301
183.0 1342
184.0 1355
185.0 1294
186.0 1327
187.0 1252
188.0 1239
189.0 1293
190.0 1267
191.0 1208
192.0 1239
193.0 1219
194.0 1175
195.0 1220
196.0 1187
197.0 1173
198.0 1135
199.0 1094
200.0 1163
201.0 1080
202.0 1091
203.0 1142
204.0 1093
205.0 1092
206.0 1095
207.0 1094
208.0 1090
209.0 969
210.0 1015
211.0 1000
212.0 1065
213.0 967
214.0 1009
215.0 973
216.0 988
217.0 997
218.0 970
219.0 962
220.0 940
221.0 932
222.0 902
223.0 930
224.0 882
225.0 901
226.0 924
227.0 882
228.0 894
229.0 863
230.0 868
231.0 926
232.0 870
233.0 864
234.0 861
235.0 827
236.0 797
237.0 841
238.0 839
239.0 843
240.0 842
241.0 733
242.0 801
243.0 754
244.0 742
245.0 759
246.0 773
247.0 748
248.0 742
249.0 761
250.0 716
251.0 720
252.0 733
253.0 711
254.0 703
255.0 736
256.0 743
257.0 698
258.0 780
259.0 709
260.0 715
261.0 680
262.0 679
263.0 708
264.0 683
265.0 708
266.0 704
267.0 672
268.0 672
269.0 658
270.0 673
271.0 661
272.0 639
273.0 624
274.0 666
275.0 570
276.0 633
277.0 639
278.0 636
279.0 625
280.0 624
281.0 618
282.0 651
283.0 638
284.0 606
285.0 559
286.0 579
287.0 631
288.0 559
289.0 569
290.0 544
291.0 579
292.0 613
293.0 578
294.0 564
295.0 570
296.0 529
297.0 525
298.0 526
299.0 518
300.0 516
301.0 514
302.0 505
303.0 502
304.0 556
305.0 478
306.0 517
307.0 493
308.0 464
309.0 490
310.0 436
311.0 463
312.0 475
313.0 431
314.0 473
315.0 482
316.0 439
317.0 458
318.0 436
319.0 420
320.0 436
321.0 419
322.0 390
323.0 406
324.0 406
325.0 389
326.0 388
327.0 427
328.0 363
329.0 369
330.0 380
331.0 359
332.0 378
333.0 385
334.0 369
335.0 375
336.0 354
337.0 356
338.0 314
339.0 347
340.0 333
341.0 294
342.0 302
343.0 316
344.0 327
345.0 309
346.0 300
347.0 318
348.0 292
349.0 281
350.0 300
351.0 283
352.0 324
353.0 292
354.0 284
355.0 298
356.0 293
357.0 269
358.0 288
359.0 263
360.0 281
361.0 276
362.0 282
363.0 279
364.0 227
365.0 239
366.0 262
367.0 246
368.0 243
369.0 235
370.0 246
371.0 225
372.0 241
373.0 232
374.0 215
375.0 217
376.0 210
377.0 207
378.0 231
379.0 204
380.0 240
381.0 222
382.0 219
383.0 214
384.0 177
385.0 200
386.0 248
387.0 183
388.0 203
389.0 206
390.0 204
391.0 180
392.0 192
393.0 173
394.0 155
395.0 165
396.0 189
397.0 164
398.0 171
399.0 185
400.0 147
401.0 184
402.0 186
403.0 166
404.0 165
405.0 151
406.0 156
407.0 158
408.0 162
409.0 147
410.0 153
411.0 118
412.0 173
413.0 133
414.0 140
415.0 157
416.0 150
417.0 147
418.0 138
419.0 127
420.0 124
421.0 113
422.0 129
423.0 105
424.0 109
425.0 123
426.0 143
427.0 128
428.0 129
429.0 146
430.0 116
431.0 132
432.0 135
433.0 113
434.0 114
435.0 105
436.0 108
437.0 106
438.0 124
439.0 96
440.0 113
441.0 116
442.0 122
443.0 110
444.0 131
445.0 101
446.0 109
447.0 89
448.0 105
449.0 114
450.0 117
451.0 89
452.0 91
453.0 88
454.0 85
455.0 93
456.0 111
457.0 93
458.0 105
459.0 98
460.0 81
461.0 94
462.0 91
463.0 96
464.0 88
465.0 85
466.0 79
467.0 99
468.0 86
469.0 71
470.0 95
471.0 99
472.0 79
473.0 68
474.0 84
475.0 75
476.0 76
477.0 89
478.0 77
479.0 81
480.0 85
481.0 71
482.0 85
483.0 60
484.0 76
485.0 92
486.0 95
487.0 92
488.0 81
489.0 85
490.0 74
491.0 82
492.0 84
493.0 76
494.0 78
495.0 70
496.0 66
497.0 52
498.0 87
499.0 61
500.0 66
501.0 70
502.0 67
503.0 47
504.0 61
505.0 60
506.0 67
507.0 54
508.0 64
509.0 61
510.0 62
511.0 60
512.0 57
513.0 59
514.0 65
515.0 63
516.0 58
517.0 59
518.0 64
519.0 52
520.0 74
521.0 58
522.0 54
523.0 57
524.0 52
525.0 58
526.0 52
527.0 50
528.0 47
529.0 44
530.0 59
531.0 56
532.0 62
533.0 48
534.0 49
535.0 54
536.0 38
537.0 48
538.0 53
539.0 45
540.0 55
541.0 38
542.0 50
543.0 46
544.0 47
545.0 46
546.0 47
547.0 47
548.0 37
549.0 43
550.0 44
551.0 39
552.0 51
553.0 40
554.0 49
555.0 46
556.0 48
557.0 34
558.0 40
559.0 51
560.0 40
561.0 30
562.0 37
563.0 36
564.0 35
565.0 43
566.0 37
567.0 39
568.0 37
569.0 34
570.0 52
571.0 37
572.0 30
573.0 34
574.0 33
575.0 40
576.0 47
577.0 29
578.0 40
579.0 35
580.0 43
581.0 33
582.0 34
583.0 45
584.0 40
585.0 38
586.0 35
587.0 42
588.0 39
589.0 30
590.0 33
591.0 29
592.0 52
593.0 43
594.0 34
595.0 35
596.0 29
597.0 36
598.0 39
599.0 17
600.0 39
601.0 24
602.0 37
603.0 21
604.0 28
605.0 44
606.0 38
607.0 30
608.0 38
609.0 26
610.0 32
611.0 30
612.0 22
613.0 31
614.0 27
615.0 23
616.0 33
617.0 34
618.0 29
619.0 21
620.0 25
621.0 31
622.0 23
623.0 35
624.0 28
625.0 33
626.0 23
627.0 20
628.0 34
629.0 18
630.0 34
631.0 24
632.0 21
633.0 29
634.0 20
635.0 25
636.0 27
637.0 32
638.0 25
639.0 18
640.0 29
641.0 27
642.0 24
643.0 28
644.0 26
645.0 31
646.0 27
647.0 22
648.0 33
649.0 33
650.0 21
651.0 29
652.0 20
653.0 10
654.0 34
655.0 15
656.0 18
657.0 22
658.0 21
659.0 24
660.0 19
661.0 19
662.0 19
663.0 20
664.0 17
665.0 18
666.0 19
667.0 29
668.0 18
669.0 17
670.0 14
671.0 17
672.0 24
673.0 17
674.0 22
675.0 25
676.0 19
677.0 15
678.0 29
679.0 18
680.0 29
681.0 20
682.0 18
683.0 17
684.0 20
685.0 23
686.0 13
687.0 12
688.0 16
689.0 14
690.0 24
691.0 21
692.0 19
693.0 18
694.0 21
695.0 16
696.0 19
697.0 29
698.0 14
699.0 22
700.0 20
701.0 18
702.0 16
703.0 12
704.0 14
705.0 17
706.0 14
707.0 7
708.0 14
709.0 13
710.0 18
711.0 15
712.0 15
713.0 15
714.0 10
715.0 14
716.0 12
717.0 14
718.0 15
719.0 10
720.0 20
721.0 12
722.0 11
723.0 11
724.0 19
725.0 14
726.0 15
727.0 9
728.0 12
729.0 14
730.0 11
731.0 7
732.0 6
733.0 8
734.0 12
735.0 16
736.0 13
737.0 15
738.0 19
739.0 11
740.0 12
741.0 13
742.0 15
743.0 10
744.0 19
745.0 12
746.0 18
747.0 17
748.0 7
749.0 17
750.0 10
751.0 13
752.0 9
753.0 11
754.0 16
755.0 11
756.0 16
757.0 14
758.0 11
759.0 14
760.0 14
761.0 9
762.0 10
763.0 13
764.0 14
765.0 11
766.0 8
767.0 17
768.0 11
769.0 6
770.0 10
771.0 11
772.0 8
773.0 7
774.0 9
775.0 6
776.0 11
777.0 11
778.0 11
779.0 8
780.0 12
781.0 8
782.0 10
783.0 12
784.0 8
785.0 11
786.0 4
787.0 11
788.0 16
789.0 9
790.0 12
791.0 14
792.0 11
793.0 7
794.0 11
795.0 12
796.0 8
797.0 5
798.0 8
799.0 13
800.0 4
801.0 8
802.0 12
803.0 10
804.0 9
805.0 9
806.0 4
807.0 3
808.0 12
809.0 12
810.0 9
811.0 4
812.0 9
813.0 12
814.0 7
815.0 7
816.0 11
817.0 7
818.0 12
819.0 8
820.0 7
821.0 10
822.0 8
823.0 7
824.0 11
825.0 6
826.0 10
827.0 8
828.0 7
829.0 7
830.0 4
831.0 4
832.0 8
833.0 10
834.0 8
835.0 8
836.0 6
837.0 6
838.0 9
839.0 4
840.0 8
841.0 9
842.0 7
843.0 7
844.0 2
845.0 11
846.0 6
847.0 10
848.0 10
849.0 6
850.0 6
851.0 5
852.0 7
853.0 6
854.0 8
855.0 6
856.0 3
857.0 8
858.0 4
859.0 7
860.0 7
861.0 14
862.0 14
863.0 6
864.0 7
865.0 7
866.0 6
867.0 13
868.0 6
869.0 6
870.0 6
871.0 3
872.0 6
873.0 4
874.0 7
875.0 5
876.0 8
877.0 6
878.0 8
879.0 7
880.0 4
881.0 4
882.0 2
883.0 4
884.0 2
885.0 11
886.0 7
887.0 9
888.0 2
889.0 9
890.0 1
891.0 4
892.0 7
893.0 2
894.0 2
895.0 4
896.0 3
897.0 6
898.0 5
899.0 5
900.0 7
901.0 1
902.0 5
903.0 6
904.0 1
905.0 4
906.0 6
907.0 8
908.0 4
909.0 4
910.0 7
911.0 3
912.0 8
913.0 3
914.0 1
915.0 3
916.0 4
917.0 10
918.0 11
919.0 7
920.0 7
921.0 7
922.0 7
923.0 4
924.0 5
925.0 3
926.0 7
927.0 5
928.0 3
929.0 1
930.0 4
931.0 7
932.0 8
933.0 3
934.0 7
935.0 5
936.0 4
937.0 5
938.0 4
939.0 5
940.0 4
941.0 5
942.0 4
943.0 3
944.0 5
945.0 2
946.0 5
947.0 2
948.0 4
949.0 3
950.0 9
952.0 4
953.0 7
954.0 5
955.0 5
956.0 5
957.0 9
958.0 2
959.0 1
960.0 6
961.0 4
962.0 6
963.0 3
964.0 2
965.0 2
966.0 2
967.0 1
968.0 3
969.0 2
970.0 5
971.0 1
972.0 2
973.0 7
974.0 6
975.0 2
976.0 3
977.0 5
978.0 2
979.0 2
980.0 5
981.0 6
982.0 6
983.0 1
984.0 2
985.0 6
986.0 4
987.0 2
988.0 3
989.0 3
990.0 5
991.0 5
992.0 1
993.0 4
994.0 7
995.0 3
996.0 6
997.0 3
998.0 6
999.0 1
1000.0 3
1001.0 4
1002.0 2
1003.0 3
1004.0 2
1005.0 7
1006.0 2
1007.0 2
1008.0 3
1009.0 4
1010.0 2
1011.0 4
1012.0 2
1013.0 1
1014.0 2
1015.0 5
1016.0 2
1017.0 2
1018.0 3
1019.0 2
1020.0 3
1021.0 5
1022.0 4
1023.0 5
1024.0 1
1025.0 5
1026.0 1
1027.0 6
1029.0 5
1030.0 4
1031.0 6
1032.0 5
1033.0 3
1034.0 2
1035.0 7
1037.0 5
1038.0 1
1039.0 2
1040.0 2
1041.0 4
1043.0 2
1044.0 2
1045.0 5
1046.0 4
1047.0 3
1049.0 8
1050.0 1
1052.0 1
1053.0 4
1054.0 1
1055.0 3
1056.0 3
1057.0 4
1058.0 2
1059.0 4
1060.0 2
1062.0 2
1063.0 3
1064.0 5
1065.0 3
1066.0 5
1067.0 3
1068.0 1
1069.0 3
1070.0 1
1071.0 1
1072.0 4
1074.0 1
1075.0 1
1076.0 3
1077.0 2
1078.0 3
1079.0 1
1080.0 3
1081.0 1
1082.0 1
1084.0 2
1086.0 3
1088.0 5
1089.0 5
1090.0 2
1091.0 2
1092.0 2
1093.0 2
1094.0 2
1095.0 2
1096.0 3
1097.0 1
1098.0 5
1099.0 1
1100.0 1
1101.0 1
1102.0 3
1104.0 2
1105.0 2
1106.0 5
1107.0 1
1108.0 1
1109.0 3
1110.0 1
1111.0 2
1112.0 2
1113.0 1
1114.0 2
1117.0 3
1118.0 2
1120.0 4
1122.0 4
1123.0 2
1124.0 3
1127.0 1
1128.0 5
1129.0 3
1130.0 1
1131.0 2
1132.0 5
1133.0 2
1134.0 3
1135.0 1
1136.0 3
1137.0 5
1138.0 1
1140.0 2
1141.0 1
1142.0 1
1143.0 2
1144.0 2
1145.0 3
1146.0 2
1149.0 1
1150.0 3
1151.0 2
1152.0 1
1154.0 3
1155.0 2
1156.0 3
1157.0 1
1158.0 2
1160.0 2
1161.0 1
1162.0 4
1163.0 3
1164.0 3
1166.0 2
1167.0 3
1168.0 1
1169.0 3
1170.0 1
1171.0 6
1172.0 1
1173.0 3
1174.0 2
1176.0 3
1177.0 1
1178.0 1
1179.0 5
1180.0 2
1181.0 3
1182.0 2
1183.0 2
1184.0 2
1185.0 3
1186.0 5
1188.0 1
1189.0 3
1190.0 1
1191.0 2
1192.0 2
1194.0 2
1196.0 5
1197.0 3
1198.0 2
1200.0 2
1201.0 4
1202.0 4
1203.0 2
1204.0 6
1205.0 1
1206.0 1
1207.0 4
1208.0 2
1209.0 1
1210.0 3
1211.0 2
1212.0 1
1213.0 1
1214.0 2
1215.0 2
1216.0 3
1218.0 1
1219.0 1
1220.0 1
1221.0 1
1222.0 2
1224.0 2
1225.0 2
1227.0 1
1228.0 1
1230.0 1
1232.0 1
1234.0 1
1236.0 2
1237.0 3
1238.0 1
1239.0 2
1240.0 3
1241.0 2
1243.0 1
1244.0 1
1245.0 2
1246.0 1
1247.0 3
1248.0 1
1249.0 2
1250.0 1
1251.0 1
1253.0 1
1254.0 1
1257.0 1
1259.0 1
1260.0 3
1262.0 2
1263.0 1
1264.0 1
1265.0 1
1266.0 1
1267.0 1
1269.0 1
1273.0 1
1274.0 2
1275.0 1
1276.0 1
1277.0 2
1278.0 1
1279.0 1
1280.0 1
1282.0 3
1283.0 1
1284.0 3
1286.0 3
1288.0 2
1289.0 2
1291.0 1
1292.0 1
1293.0 1
1294.0 2
1295.0 2
1297.0 1
1298.0 3
1301.0 1
1302.0 1
1305.0 1
1306.0 2
1308.0 4
1312.0 3
1313.0 2
1314.0 1
1315.0 2
1316.0 1
1318.0 2
1319.0 1
1320.0 2
1321.0 3
1322.0 1
1324.0 1
1325.0 2
1326.0 2
1327.0 2
1329.0 1
1330.0 1
1331.0 4
1332.0 2
1333.0 1
1334.0 1
1335.0 1
1336.0 2
1337.0 4
1339.0 1
1342.0 2
1344.0 1
1346.0 1
1347.0 3
1348.0 2
1349.0 1
1351.0 1
1353.0 5
1355.0 3
1358.0 3
1359.0 1
1360.0 2
1362.0 1
1363.0 1
1365.0 1
1367.0 2
1368.0 2
1369.0 2
1370.0 1
1371.0 1
1373.0 1
1375.0 1
1376.0 2
1377.0 1
1380.0 2
1381.0 1
1385.0 1
1386.0 2
1388.0 1
1389.0 1
1390.0 1
1391.0 1
1392.0 1
1393.0 2
1394.0 2
1395.0 1
1396.0 1
1397.0 1
1399.0 2
1401.0 2
1402.0 1
1403.0 2
1405.0 1
1406.0 1
1407.0 1
1409.0 1
1410.0 3
1413.0 3
1414.0 3
1415.0 1
1416.0 1
1419.0 1
1420.0 1
1421.0 3
1423.0 5
1424.0 2
1425.0 1
1427.0 2
1428.0 1
1430.0 1
1431.0 1
1432.0 1
1433.0 2
1435.0 2
1436.0 1
1438.0 1
1439.0 2
1442.0 1
1443.0 1
1445.0 3
1447.0 1
1448.0 2
1450.0 1
1451.0 1
1452.0 3
1454.0 2
1458.0 1
1459.0 1
1460.0 1
1461.0 1
1464.0 1
1465.0 4
1466.0 2
1467.0 1
1468.0 1
1469.0 4
1470.0 1
1471.0 1
1472.0 1
1474.0 1
1475.0 2
1476.0 2
1478.0 3
1479.0 3
1480.0 1
1481.0 2
1482.0 1
1483.0 1
1484.0 3
1487.0 1
1488.0 3
1489.0 2
1490.0 1
1491.0 1
1492.0 1
1495.0 1
1497.0 1
1501.0 1
1502.0 1
1503.0 2
1504.0 1
1505.0 1
1506.0 2
1507.0 2
1508.0 1
1510.0 1
1512.0 1
1514.0 2
1518.0 2
1519.0 2
1521.0 1
1522.0 1
1526.0 1
1527.0 1
1529.0 1
1532.0 1
1533.0 1
1534.0 1
1535.0 1
1536.0 1
1537.0 1
1538.0 1
1541.0 1
1543.0 2
1544.0 3
1545.0 1
1546.0 1
1547.0 1
1551.0 1
1552.0 2
1556.0 1
1557.0 2
1558.0 1
1560.0 1
1562.0 1
1565.0 3
1566.0 1
1568.0 2
1569.0 1
1571.0 2
1572.0 1
1573.0 2
1576.0 2
1577.0 1
1581.0 3
1585.0 1
1586.0 2
1587.0 1
1588.0 1
1590.0 1
1591.0 1
1593.0 1
1594.0 1
1597.0 1
1598.0 2
1599.0 2
1601.0 1
1602.0 1
1603.0 2
1604.0 1
1607.0 2
1609.0 1
1612.0 1
1613.0 1
1615.0 1
1617.0 3
1619.0 1
1621.0 2
1623.0 2
1625.0 1
1626.0 2
1627.0 1
1628.0 1
1630.0 1
1632.0 1
1633.0 1
1637.0 1
1642.0 1
1645.0 2
1647.0 2
1649.0 2
1650.0 1
1652.0 1
1653.0 1
1663.0 1
1664.0 1
1670.0 1
1672.0 1
1674.0 1
1676.0 1
1680.0 3
1681.0 1
1682.0 1
1686.0 2
1687.0 1
1689.0 3
1690.0 1
1701.0 2
1704.0 2
1709.0 1
1710.0 2
1711.0 1
1713.0 1
1714.0 1
1718.0 2
1719.0 4
1720.0 1
1721.0 1
1724.0 1
1730.0 1
1732.0 1
1737.0 1
1738.0 1
1739.0 1
1740.0 1
1741.0 2
1744.0 2
1747.0 1
1748.0 1
1750.0 2
1754.0 1
1756.0 3
1758.0 1
1759.0 1
1760.0 1
1763.0 1
1764.0 2
1767.0 2
1769.0 1
1773.0 2
1777.0 2
1778.0 1
1779.0 3
1782.0 2
1783.0 1
1784.0 1
1786.0 1
1787.0 1
1788.0 1
1789.0 1
1793.0 1
1795.0 1
1796.0 1
1800.0 2
1802.0 1
1805.0 1
1822.0 1
1824.0 2
1825.0 3
1826.0 1
1827.0 1
1828.0 1
1831.0 1
1833.0 1
1837.0 1
1841.0 1
1848.0 1
1850.0 1
1852.0 1
1861.0 1
1869.0 1
1871.0 2
1878.0 2
1879.0 1
1880.0 1
1887.0 1
1889.0 1
1891.0 1
1893.0 1
1895.0 1
1910.0 1
1913.0 2
1915.0 1
1918.0 1
1923.0 1
1925.0 1
1928.0 1
1929.0 1
1940.0 1
1944.0 1
1948.0 1
1950.0 1
1951.0 2
1952.0 1
1953.0 2
1958.0 1
1965.0 1
1968.0 2
1971.0 1
1977.0 1
1980.0 2
1981.0 2
1987.0 1
1988.0 1
1992.0 1
1994.0 1
1996.0 1
2006.0 1
2013.0 2
2024.0 1
2025.0 1
2027.0 2
2029.0 1
2032.0 1
2035.0 1
2036.0 1
2037.0 1
2038.0 1
2046.0 2
2047.0 1
2050.0 1
2054.0 1
2055.0 1
2056.0 1
2060.0 1
2062.0 1
2064.0 1
2070.0 1
2073.0 1
2074.0 1
2078.0 1
2079.0 1
2091.0 3
2112.0 1
2117.0 1
2118.0 1
2121.0 2
2122.0 1
2129.0 1
2132.0 1
2142.0 1
2144.0 2
2145.0 3
2148.0 1
2151.0 1
2156.0 1
2160.0 1
2163.0 1
2165.0 1
2167.0 1
2168.0 1
2174.0 1
2175.0 1
2181.0 1
2187.0 1
2188.0 1
2189.0 3
2190.0 2
2191.0 1
2210.0 1
2216.0 1
2218.0 1
2228.0 1
2236.0 1
2237.0 1
2244.0 1
2250.0 2
2255.0 1
2257.0 1
2259.0 3
2261.0 2
2265.0 2
2268.0 1
2272.0 2
2280.0 1
2283.0 1
2287.0 1
2289.0 1
2293.0 1
2296.0 1
2304.0 1
2306.0 1
2311.0 2
2312.0 1
2314.0 1
2320.0 1
2322.0 1
2325.0 1
2326.0 1
2327.0 1
2330.0 1
2331.0 1
2333.0 1
2338.0 2
2342.0 1
2343.0 1
2346.0 1
2348.0 1
2370.0 1
2378.0 1
2379.0 1
2380.0 1
2382.0 1
2389.0 2
2393.0 1
2398.0 1
2399.0 1
2400.0 2
2402.0 1
2404.0 1
2406.0 1
2409.0 1
2411.0 1
2417.0 2
2421.0 1
2423.0 1
2424.0 1
2434.0 1
2441.0 1
2445.0 2
2458.0 1
2459.0 1
2465.0 1
2477.0 1
2482.0 2
2483.0 2
2494.0 1
2498.0 1
2510.0 1
2520.0 1
2522.0 1
2524.0 1
2529.0 1
2554.0 1
2569.0 1
2570.0 1
2581.0 1
2582.0 1
2584.0 1
2585.0 1
2594.0 1
2601.0 1
2606.0 1
2607.0 1
2609.0 1
2613.0 1
2614.0 1
2625.0 1
2628.0 1
2634.0 1
2640.0 1
2659.0 1
2662.0 1
2667.0 1
2671.0 1
2675.0 1
2677.0 1
2678.0 1
2681.0 1
2683.0 1
2692.0 1
2696.0 1
2697.0 1
2699.0 1
2708.0 1
2714.0 1
2720.0 1
2736.0 1
2742.0 1
2746.0 1
2759.0 1
2769.0 1
2772.0 1
2782.0 2
2783.0 1
2789.0 1
2793.0 2
2794.0 1
2803.0 1
2821.0 1
2823.0 1
2828.0 1
2830.0 1
2831.0 1
2839.0 1
2848.0 1
2852.0 1
2858.0 2
2863.0 2
2879.0 1
2890.0 1
2895.0 1
2900.0 1
2905.0 1
2910.0 1
2933.0 2
2935.0 1
2945.0 1
2956.0 1
2963.0 1
2968.0 1
2976.0 1
2979.0 1
2983.0 1
2988.0 1
3006.0 1
3017.0 1
3019.0 1
3020.0 1
3027.0 2
3060.0 1
3070.0 1
3074.0 1
3091.0 1
3096.0 1
3098.0 1
3103.0 1
3108.0 1
3122.0 1
3137.0 1
3144.0 1
3146.0 1
3153.0 1
3172.0 2
3185.0 1
3193.0 1
3194.0 1
3198.0 1
3203.0 1
3207.0 1
3209.0 1
3217.0 1
3223.0 1
3230.0 1
3253.0 1
3271.0 1
3274.0 1
3306.0 1
3316.0 1
3320.0 1
3325.0 1
3328.0 2
3329.0 1
3332.0 1
3350.0 1
3363.0 1
3393.0 1
3399.0 1
3401.0 1
3402.0 1
3409.0 2
3425.0 1
3432.0 1
3472.0 1
3480.0 1
3481.0 1
3495.0 1
3497.0 2
3511.0 1
3518.0 1
3548.0 1
3549.0 1
3562.0 1
3566.0 1
3571.0 1
3578.0 1
3583.0 1
3584.0 1
3602.0 1
3616.0 1
3623.0 1
3631.0 1
3641.0 1
3656.0 1
3669.0 1
3720.0 1
3727.0 1
3737.0 1
3766.0 1
3768.0 1
3784.0 1
3787.0 1
3809.0 1
3811.0 1
3846.0 1
3849.0 2
3854.0 1
3855.0 1
3927.0 1
3934.0 1
3937.0 1
3945.0 1
3955.0 1
4000.0 1
4001.0 1
4005.0 1
4008.0 1
4013.0 1
4017.0 1
4028.0 1
4060.0 1
4069.0 1
4077.0 1
4097.0 1
4115.0 1
4122.0 1
4126.0 1
4134.0 1
4155.0 1
4167.0 1
4177.0 1
4187.0 1
4200.0 1
4223.0 1
4231.0 1
4237.0 1
4244.0 1
4259.0 1
4280.0 1
4320.0 1
4323.0 1
4359.0 1
4369.0 1
4384.0 1
4422.0 1
4473.0 1
4479.0 1
4490.0 1
4534.0 1
4612.0 1
4640.0 1
4673.0 1
4690.0 1
4770.0 1
4772.0 1
4817.0 1
4819.0 1
4820.0 1
4877.0 1
4971.0 1
4981.0 1
5130.0 1
5142.0 1
5174.0 1
5180.0 1
5259.0 1
5336.0 1
5371.0 1
5374.0 1
5461.0 1
5689.0 1
5855.0 1
6236.0 1
6263.0 1
6482.0 1
6516.0 1
6628.0 1
6947.0 1
7013.0 1
7555.0 1
8236.0 1
8259.0 1
8355.0 1
30701.0 1
