1.0 1658
2.0 1124
3.0 907
4.0 765
5.0 602
6.0 507
7.0 485
8.0 376
9.0 345
10.0 317
11.0 295
12.0 272
13.0 262
14.0 231
15.0 198
16.0 204
17.0 182
18.0 181
19.0 143
20.0 160
21.0 148
22.0 128
23.0 187
24.0 842
25.0 129
26.0 118
27.0 103
28.0 87
29.0 70
30.0 68
31.0 79
32.0 61
33.0 67
34.0 68
35.0 61
36.0 57
37.0 58
38.0 54
39.0 52
40.0 60
41.0 50
42.0 45
43.0 45
44.0 30
45.0 36
46.0 39
47.0 67
48.0 309
49.0 60
50.0 48
51.0 50
52.0 44
53.0 42
54.0 46
55.0 43
56.0 38
57.0 43
58.0 31
59.0 28
60.0 27
61.0 19
62.0 29
63.0 22
64.0 22
65.0 22
66.0 26
67.0 25
68.0 28
69.0 24
70.0 21
71.0 43
72.0 167
73.0 41
74.0 27
75.0 28
76.0 31
77.0 21
78.0 24
79.0 20
80.0 19
81.0 17
82.0 21
83.0 16
84.0 19
85.0 19
86.0 27
87.0 16
88.0 12
89.0 18
90.0 27
91.0 20
92.0 15
93.0 26
94.0 29
95.0 37
96.0 138
97.0 25
98.0 19
99.0 19
100.0 17
101.0 20
102.0 19
103.0 21
104.0 12
105.0 18
106.0 13
107.0 17
108.0 7
109.0 11
110.0 17
111.0 16
112.0 15
113.0 7
114.0 9
115.0 13
116.0 12
117.0 13
118.0 18
119.0 29
120.0 98
121.0 13
122.0 15
123.0 15
124.0 13
125.0 11
126.0 10
127.0 6
128.0 9
129.0 17
130.0 11
131.0 12
132.0 10
133.0 8
134.0 6
135.0 5
136.0 15
137.0 15
138.0 13
139.0 6
140.0 10
141.0 14
142.0 7
143.0 32
144.0 86
145.0 18
146.0 5
147.0 6
148.0 9
149.0 10
150.0 5
151.0 10
152.0 12
153.0 8
154.0 4
155.0 10
156.0 8
157.0 8
158.0 6
159.0 5
160.0 4
161.0 12
163.0 14
164.0 5
165.0 8
166.0 6
167.0 11
168.0 11
169.0 7
170.0 8
171.0 2
172.0 5
173.0 9
174.0 4
175.0 3
176.0 5
177.0 3
178.0 4
179.0 6
180.0 2
181.0 4
182.0 4
183.0 4
184.0 3
185.0 6
186.0 4
187.0 10
188.0 6
189.0 5
190.0 8
191.0 17
192.0 38
193.0 10
194.0 6
195.0 7
196.0 5
197.0 9
198.0 4
199.0 8
200.0 10
201.0 5
202.0 8
203.0 7
204.0 3
205.0 8
206.0 6
207.0 2
208.0 5
209.0 4
210.0 2
211.0 5
212.0 7
213.0 8
214.0 11
215.0 13
216.0 34
217.0 7
218.0 6
219.0 4
220.0 5
221.0 3
222.0 3
223.0 1
224.0 4
225.0 4
226.0 5
227.0 2
228.0 3
229.0 6
230.0 6
231.0 8
232.0 6
233.0 2
234.0 3
235.0 3
236.0 6
237.0 3
238.0 3
239.0 9
240.0 20
241.0 10
242.0 5
243.0 6
244.0 8
245.0 4
246.0 7
247.0 4
248.0 4
249.0 1
250.0 8
251.0 5
252.0 5
253.0 1
254.0 4
255.0 1
256.0 9
257.0 4
258.0 2
259.0 7
260.0 2
261.0 8
262.0 4
263.0 5
264.0 20
265.0 6
266.0 8
267.0 4
268.0 4
269.0 3
270.0 2
271.0 3
272.0 3
273.0 8
274.0 6
275.0 4
276.0 2
277.0 4
278.0 4
279.0 4
280.0 6
281.0 1
282.0 3
283.0 2
284.0 3
285.0 8
286.0 6
287.0 5
288.0 15
289.0 3
290.0 2
291.0 3
292.0 3
293.0 6
294.0 4
295.0 1
297.0 3
298.0 3
299.0 5
300.0 3
301.0 6
302.0 1
303.0 1
304.0 1
305.0 2
306.0 3
307.0 3
308.0 3
309.0 2
310.0 2
311.0 8
312.0 13
313.0 4
314.0 2
315.0 5
317.0 2
318.0 3
319.0 2
320.0 5
321.0 1
322.0 3
323.0 4
324.0 1
325.0 6
326.0 3
327.0 1
328.0 2
329.0 6
330.0 1
331.0 3
332.0 4
333.0 3
334.0 3
335.0 3
336.0 12
337.0 2
338.0 3
339.0 1
340.0 4
341.0 3
342.0 5
343.0 2
344.0 4
345.0 1
346.0 2
347.0 2
348.0 1
349.0 2
350.0 4
351.0 3
352.0 4
353.0 1
354.0 2
355.0 2
356.0 2
357.0 2
358.0 2
359.0 2
360.0 14
361.0 1
362.0 1
363.0 3
364.0 1
365.0 3
366.0 1
367.0 1
368.0 1
369.0 2
370.0 1
371.0 1
372.0 2
373.0 2
374.0 1
375.0 2
376.0 1
377.0 3
378.0 2
379.0 3
380.0 1
381.0 3
382.0 3
383.0 5
384.0 7
385.0 1
386.0 3
387.0 5
388.0 3
389.0 2
391.0 3
392.0 2
393.0 3
394.0 1
395.0 2
396.0 1
397.0 3
399.0 2
400.0 5
401.0 3
402.0 1
403.0 1
404.0 2
405.0 3
406.0 1
407.0 6
408.0 4
409.0 3
410.0 3
411.0 1
412.0 3
413.0 2
414.0 1
415.0 2
416.0 2
417.0 3
418.0 2
420.0 1
421.0 2
422.0 1
423.0 2
424.0 2
425.0 3
426.0 2
427.0 6
428.0 2
429.0 2
430.0 3
431.0 4
432.0 6
433.0 3
434.0 1
435.0 1
436.0 2
438.0 2
439.0 2
440.0 3
441.0 2
442.0 2
443.0 1
444.0 2
445.0 2
446.0 2
447.0 3
448.0 2
449.0 2
450.0 3
451.0 2
452.0 1
453.0 1
454.0 7
455.0 7
456.0 10
457.0 1
458.0 1
459.0 1
460.0 3
461.0 2
462.0 3
464.0 2
465.0 4
466.0 4
467.0 3
468.0 4
469.0 6
470.0 1
471.0 2
473.0 2
474.0 1
475.0 1
476.0 1
477.0 4
478.0 3
479.0 5
480.0 7
481.0 2
482.0 2
483.0 1
484.0 3
485.0 3
486.0 1
487.0 2
488.0 3
490.0 1
491.0 2
492.0 1
493.0 3
494.0 1
495.0 1
496.0 3
497.0 5
499.0 1
500.0 1
503.0 6
504.0 2
505.0 1
507.0 2
508.0 3
509.0 3
510.0 1
511.0 3
512.0 2
513.0 2
514.0 1
515.0 4
516.0 1
517.0 3
518.0 1
519.0 1
520.0 1
521.0 2
522.0 1
523.0 3
524.0 3
525.0 3
526.0 2
528.0 5
529.0 1
530.0 3
531.0 2
532.0 1
534.0 1
535.0 2
536.0 2
538.0 4
543.0 4
545.0 1
547.0 4
548.0 2
549.0 1
550.0 4
551.0 2
552.0 6
553.0 1
554.0 1
556.0 1
557.0 2
558.0 2
559.0 2
560.0 1
562.0 3
563.0 3
564.0 2
565.0 2
568.0 1
569.0 1
570.0 1
571.0 1
572.0 3
575.0 5
576.0 1
577.0 2
579.0 1
580.0 4
582.0 3
583.0 1
584.0 1
587.0 2
588.0 2
590.0 1
593.0 1
594.0 1
595.0 3
597.0 3
598.0 2
599.0 1
600.0 3
602.0 1
603.0 1
605.0 1
606.0 1
607.0 2
613.0 2
615.0 2
616.0 1
619.0 1
620.0 1
622.0 2
623.0 1
624.0 1
625.0 1
627.0 3
628.0 1
629.0 1
632.0 1
633.0 1
634.0 1
635.0 1
638.0 2
639.0 1
640.0 1
641.0 3
642.0 1
644.0 1
646.0 2
647.0 2
648.0 1
652.0 1
654.0 1
655.0 2
656.0 1
658.0 1
660.0 1
661.0 1
662.0 1
663.0 2
664.0 1
667.0 1
668.0 2
670.0 3
671.0 2
672.0 3
673.0 1
674.0 1
676.0 1
677.0 1
678.0 1
681.0 1
682.0 1
683.0 4
684.0 3
686.0 1
687.0 2
688.0 1
689.0 1
693.0 2
694.0 2
695.0 3
696.0 3
697.0 1
702.0 1
706.0 1
707.0 1
708.0 2
710.0 2
713.0 2
714.0 1
715.0 1
717.0 1
719.0 2
720.0 2
727.0 1
728.0 1
729.0 1
730.0 2
733.0 1
736.0 2
737.0 1
739.0 1
740.0 1
743.0 1
744.0 1
745.0 2
746.0 1
747.0 1
748.0 1
750.0 1
751.0 2
752.0 1
753.0 1
757.0 1
758.0 1
759.0 2
762.0 1
763.0 1
764.0 1
766.0 1
767.0 1
768.0 2
770.0 1
773.0 1
774.0 1
775.0 1
777.0 3
779.0 1
780.0 1
781.0 1
785.0 1
788.0 1
789.0 1
790.0 1
791.0 1
792.0 1
793.0 2
796.0 1
797.0 1
802.0 2
806.0 3
807.0 1
808.0 1
809.0 1
811.0 1
812.0 1
815.0 1
816.0 2
818.0 1
819.0 1
820.0 1
821.0 1
824.0 1
825.0 1
826.0 2
827.0 2
828.0 1
830.0 1
831.0 3
832.0 1
833.0 1
835.0 3
836.0 1
838.0 2
839.0 1
841.0 1
842.0 1
844.0 1
847.0 1
848.0 1
849.0 1
850.0 2
851.0 1
853.0 1
855.0 1
859.0 1
862.0 2
863.0 1
864.0 1
865.0 1
867.0 2
874.0 1
875.0 1
877.0 3
879.0 1
883.0 1
884.0 1
885.0 1
888.0 2
889.0 1
891.0 1
893.0 4
894.0 1
895.0 1
896.0 2
897.0 1
899.0 1
900.0 1
906.0 1
907.0 1
908.0 1
909.0 1
910.0 1
911.0 1
912.0 1
913.0 1
915.0 2
916.0 1
918.0 1
920.0 1
921.0 2
922.0 4
923.0 1
925.0 1
927.0 1
930.0 1
931.0 1
936.0 1
944.0 2
952.0 1
954.0 1
957.0 1
958.0 1
961.0 1
963.0 2
967.0 1
968.0 1
971.0 2
972.0 2
973.0 1
975.0 1
976.0 1
977.0 1
980.0 1
984.0 1
985.0 1
986.0 2
987.0 1
996.0 1
998.0 1
999.0 1
1000.0 1
1005.0 1
1007.0 1
1008.0 3
1010.0 1
1013.0 2
1014.0 1
1015.0 2
1016.0 1
1017.0 2
1021.0 1
1022.0 1
1025.0 1
1028.0 1
1029.0 1
1030.0 1
1032.0 2
1039.0 1
1040.0 1
1047.0 1
1052.0 1
1056.0 1
1059.0 1
1066.0 1
1069.0 1
1073.0 1
1075.0 1
1080.0 1
1083.0 1
1087.0 1
1091.0 1
1093.0 1
1094.0 1
1095.0 1
1097.0 1
1098.0 1
1100.0 2
1101.0 1
1102.0 1
1103.0 2
1104.0 1
1107.0 1
1111.0 2
1119.0 1
1121.0 1
1123.0 1
1124.0 1
1135.0 1
1136.0 1
1139.0 1
1140.0 1
1144.0 1
1145.0 1
1146.0 2
1147.0 1
1149.0 2
1151.0 1
1153.0 1
1154.0 1
1155.0 2
1156.0 1
1157.0 1
1158.0 1
1161.0 2
1167.0 2
1175.0 1
1179.0 1
1187.0 1
1191.0 1
1193.0 2
1199.0 1
1201.0 1
1207.0 2
1221.0 1
1226.0 1
1227.0 2
1231.0 2
1232.0 1
1234.0 1
1238.0 1
1239.0 1
1242.0 1
1246.0 1
1260.0 1
1261.0 1
1265.0 1
1271.0 1
1273.0 1
1275.0 1
1277.0 1
1285.0 1
1286.0 1
1287.0 2
1292.0 1
1299.0 1
1301.0 1
1304.0 1
1311.0 1
1312.0 1
1313.0 1
1316.0 1
1317.0 1
1324.0 1
1330.0 1
1333.0 1
1335.0 1
1337.0 1
1343.0 1
1345.0 1
1347.0 1
1348.0 1
1349.0 1
1350.0 2
1353.0 1
1360.0 1
1363.0 1
1367.0 1
1371.0 1
1374.0 1
1377.0 1
1379.0 1
1380.0 1
1385.0 1
1386.0 1
1398.0 1
1401.0 1
1409.0 1
1436.0 1
1439.0 1
1440.0 1
1447.0 1
1459.0 1
1462.0 2
1464.0 1
1477.0 1
1483.0 1
1484.0 1
1485.0 1
1486.0 1
1487.0 2
1498.0 1
1501.0 1
1504.0 1
1505.0 1
1509.0 1
1513.0 1
1519.0 1
1520.0 1
1531.0 1
1533.0 1
1536.0 1
1539.0 1
1543.0 1
1560.0 1
1561.0 1
1562.0 2
1576.0 1
1577.0 1
1582.0 1
1593.0 1
1621.0 1
1624.0 1
1635.0 1
1639.0 2
1640.0 1
1648.0 1
1651.0 1
1652.0 1
1653.0 1
1655.0 1
1662.0 1
1675.0 1
1682.0 1
1684.0 1
1686.0 1
1691.0 1
1695.0 1
1697.0 2
1703.0 1
1709.0 1
1711.0 1
1718.0 2
1730.0 3
1731.0 1
1741.0 1
1743.0 1
1744.0 1
1746.0 1
1761.0 1
1762.0 1
1774.0 1
1777.0 1
1785.0 1
1793.0 1
1800.0 1
1810.0 1
1812.0 1
1816.0 1
1817.0 1
1820.0 1
1821.0 1
1822.0 2
1832.0 1
1856.0 1
1875.0 1
1880.0 1
1881.0 1
1901.0 1
1918.0 1
1923.0 2
1925.0 1
1927.0 1
1929.0 1
1947.0 1
1975.0 1
1978.0 1
1992.0 1
1993.0 1
1995.0 1
2002.0 1
2010.0 1
2012.0 1
2030.0 1
2031.0 1
2056.0 1
2067.0 1
2078.0 1
2087.0 1
2118.0 1
2120.0 1
2129.0 1
2135.0 1
2180.0 1
2183.0 1
2185.0 1
2191.0 1
2235.0 1
2247.0 1
2267.0 1
2276.0 2
2281.0 1
2288.0 1
2334.0 1
2341.0 1
2342.0 1
2377.0 2
2378.0 1
2402.0 1
2423.0 2
2436.0 1
2442.0 1
2447.0 1
2456.0 1
2463.0 1
2470.0 1
2478.0 1
2512.0 1
2534.0 1
2549.0 2
2584.0 1
2586.0 1
2590.0 1
2612.0 1
2622.0 1
2625.0 1
2636.0 1
2658.0 1
2687.0 1
2716.0 1
2730.0 1
2746.0 1
2762.0 1
2770.0 1
2816.0 1
2850.0 1
2853.0 1
2871.0 1
2878.0 1
2888.0 1
2894.0 1
2907.0 1
2918.0 1
2974.0 1
2995.0 1
3011.0 1
3019.0 1
3058.0 1
3076.0 1
3098.0 1
3119.0 1
3131.0 1
3155.0 1
3187.0 1
3188.0 1
3194.0 1
3196.0 1
3200.0 1
3204.0 1
3205.0 1
3206.0 1
3237.0 1
3242.0 1
3278.0 1
3281.0 1
3283.0 1
3329.0 1
3385.0 1
3396.0 1
3470.0 1
3490.0 1
3593.0 1
3733.0 1
3735.0 1
3737.0 1
3746.0 1
3854.0 1
3972.0 1
3983.0 1
4042.0 1
4049.0 1
4059.0 1
4178.0 1
4190.0 1
4230.0 1
4264.0 1
4276.0 1
4283.0 1
4311.0 1
4402.0 1
4406.0 1
4440.0 1
4486.0 1
4619.0 1
4734.0 1
4806.0 1
4808.0 1
4851.0 1
4929.0 1
5132.0 1
5134.0 1
5264.0 1
5464.0 1
5517.0 1
5600.0 1
5826.0 1
6010.0 1
6216.0 1
6255.0 1
6305.0 1
6432.0 1
6529.0 1
6537.0 1
7085.0 1
7276.0 1
7299.0 1
7473.0 1
7782.0 1
7835.0 1
8104.0 1
8144.0 1
8208.0 1
8294.0 1
8329.0 1
8430.0 1
8808.0 1
8920.0 1
9070.0 1
9250.0 1
9314.0 1
10389.0 1
10629.0 1
11095.0 1
11854.0 1
13966.0 1
14038.0 1
14269.0 1
14684.0 1
15872.0 1
16257.0 1
16644.0 1
18162.0 1
19822.0 1
25828.0 1
46571.0 1
