1.0 7809545
2.0 1977136
3.0 862464
4.0 470193
5.0 293714
6.0 207800
7.0 148033
8.0 113898
9.0 90455
10.0 78595
11.0 61586
12.0 51474
13.0 43661
14.0 37446
15.0 32972
16.0 29477
17.0 25735
18.0 23044
19.0 20633
20.0 18871
21.0 17199
22.0 15704
23.0 14345
24.0 13161
25.0 11970
26.0 11086
27.0 10484
28.0 9546
29.0 8725
30.0 8183
31.0 8000
32.0 7281
33.0 7011
34.0 6730
35.0 6090
36.0 5853
37.0 5542
38.0 5303
39.0 5108
40.0 4844
41.0 4516
42.0 4240
43.0 4022
44.0 3909
45.0 3558
46.0 3507
47.0 3350
48.0 3332
49.0 3196
50.0 3096
51.0 2785
52.0 2611
53.0 2679
54.0 2524
55.0 2452
56.0 2346
57.0 2354
58.0 2280
59.0 2099
60.0 1991
61.0 1958
62.0 1899
63.0 2615
64.0 1824
65.0 1688
66.0 1659
67.0 2788
68.0 1790
69.0 1545
70.0 1549
71.0 1295
72.0 1426
73.0 1240
74.0 1327
75.0 1261
76.0 1210
77.0 1224
78.0 1213
79.0 1061
80.0 1248
81.0 1071
82.0 985
83.0 1003
84.0 1059
85.0 1126
86.0 924
87.0 903
88.0 909
89.0 865
90.0 852
91.0 844
92.0 761
93.0 754
94.0 723
95.0 785
96.0 733
97.0 656
98.0 666
99.0 687
100.0 673
101.0 618
102.0 648
103.0 598
104.0 632
105.0 573
106.0 559
107.0 568
108.0 596
109.0 517
110.0 527
111.0 518
112.0 541
113.0 508
114.0 440
115.0 593
116.0 506
117.0 518
118.0 447
119.0 478
120.0 449
121.0 457
122.0 464
123.0 413
124.0 425
125.0 428
126.0 420
127.0 692
128.0 468
129.0 417
130.0 430
131.0 399
132.0 398
133.0 395
134.0 401
135.0 359
136.0 358
137.0 343
138.0 325
139.0 341
140.0 347
141.0 371
142.0 334
143.0 334
144.0 336
145.0 299
146.0 315
147.0 291
148.0 307
149.0 318
150.0 269
151.0 275
152.0 257
153.0 264
154.0 261
155.0 258
156.0 264
157.0 238
158.0 262
159.0 231
160.0 248
161.0 241
162.0 228
163.0 245
164.0 232
165.0 294
166.0 446
167.0 234
168.0 241
169.0 371
170.0 203
171.0 243
172.0 195
173.0 196
174.0 219
175.0 205
176.0 217
177.0 198
178.0 186
179.0 191
180.0 180
181.0 189
182.0 215
183.0 177
184.0 368
185.0 1229
186.0 266
187.0 178
188.0 182
189.0 172
190.0 174
191.0 161
192.0 152
193.0 163
194.0 172
195.0 144
196.0 171
197.0 147
198.0 158
199.0 162
200.0 153
201.0 183
202.0 130
203.0 167
204.0 152
205.0 143
206.0 158
207.0 159
208.0 165
209.0 172
210.0 159
211.0 166
212.0 164
213.0 189
214.0 328
215.0 179
216.0 142
217.0 131
218.0 129
219.0 138
220.0 135
221.0 115
222.0 125
223.0 123
224.0 124
225.0 133
226.0 125
227.0 126
228.0 131
229.0 128
230.0 119
231.0 159
232.0 131
233.0 107
234.0 152
235.0 139
236.0 141
237.0 130
238.0 130
239.0 125
240.0 111
241.0 117
242.0 123
243.0 125
244.0 125
245.0 112
246.0 112
247.0 119
248.0 109
249.0 89
250.0 76
251.0 100
252.0 95
253.0 91
254.0 94
255.0 87
256.0 98
257.0 127
258.0 125
259.0 133
260.0 109
261.0 93
262.0 103
263.0 113
264.0 89
265.0 75
266.0 106
267.0 222
268.0 435
269.0 79
270.0 83
271.0 89
272.0 80
273.0 81
274.0 72
275.0 75
276.0 76
277.0 79
278.0 77
279.0 98
280.0 88
281.0 75
282.0 75
283.0 63
284.0 71
285.0 81
286.0 93
287.0 73
288.0 65
289.0 71
290.0 67
291.0 65
292.0 66
293.0 65
294.0 64
295.0 71
296.0 72
297.0 49
298.0 74
299.0 70
300.0 65
301.0 54
302.0 62
303.0 76
304.0 70
305.0 78
306.0 65
307.0 71
308.0 71
309.0 67
310.0 63
311.0 64
312.0 75
313.0 54
314.0 69
315.0 65
316.0 67
317.0 60
318.0 66
319.0 54
320.0 65
321.0 57
322.0 60
323.0 43
324.0 63
325.0 48
326.0 57
327.0 51
328.0 50
329.0 55
330.0 56
331.0 52
332.0 47
333.0 52
334.0 49
335.0 58
336.0 52
337.0 59
338.0 58
339.0 43
340.0 58
341.0 57
342.0 49
343.0 54
344.0 46
345.0 51
346.0 68
347.0 52
348.0 62
349.0 48
350.0 52
351.0 49
352.0 41
353.0 49
354.0 47
355.0 51
356.0 58
357.0 47
358.0 49
359.0 54
360.0 59
361.0 39
362.0 48
363.0 47
364.0 48
365.0 40
366.0 47
367.0 41
368.0 50
369.0 52
370.0 44
371.0 45
372.0 51
373.0 34
374.0 40
375.0 44
376.0 42
377.0 43
378.0 51
379.0 51
380.0 38
381.0 35
382.0 37
383.0 49
384.0 47
385.0 40
386.0 36
387.0 50
388.0 35
389.0 38
390.0 40
391.0 31
392.0 43
393.0 34
394.0 41
395.0 41
396.0 42
397.0 36
398.0 47
399.0 38
400.0 45
401.0 42
402.0 43
403.0 41
404.0 51
405.0 47
406.0 53
407.0 46
408.0 45
409.0 47
410.0 55
411.0 61
412.0 53
413.0 56
414.0 54
415.0 57
416.0 56
417.0 56
418.0 61
419.0 66
420.0 57
421.0 52
422.0 53
423.0 40
424.0 60
425.0 50
426.0 39
427.0 40
428.0 45
429.0 23
430.0 37
431.0 34
432.0 38
433.0 24
434.0 44
435.0 56
436.0 101
437.0 895
438.0 482
439.0 43
440.0 35
441.0 33
442.0 19
443.0 30
444.0 26
445.0 31
446.0 39
447.0 22
448.0 22
449.0 28
450.0 31
451.0 30
452.0 22
453.0 23
454.0 33
455.0 30
456.0 21
457.0 26
458.0 19
459.0 36
460.0 35
461.0 32
462.0 34
463.0 28
464.0 31
465.0 30
466.0 35
467.0 31
468.0 21
469.0 31
470.0 26
471.0 29
472.0 29
473.0 36
474.0 22
475.0 24
476.0 25
477.0 24
478.0 30
479.0 22
480.0 27
481.0 23
482.0 29
483.0 24
484.0 31
485.0 26
486.0 21
487.0 17
488.0 24
489.0 20
490.0 19
491.0 31
492.0 23
493.0 30
494.0 22
495.0 27
496.0 25
497.0 22
498.0 33
499.0 23
500.0 15
501.0 20
502.0 26
503.0 26
504.0 27
505.0 26
506.0 23
507.0 24
508.0 32
509.0 32
510.0 26
511.0 18
512.0 30
513.0 32
514.0 28
515.0 28
516.0 22
517.0 24
518.0 22
519.0 20
520.0 30
521.0 16
522.0 21
523.0 21
524.0 20
525.0 22
526.0 23
527.0 24
528.0 17
529.0 17
530.0 15
531.0 22
532.0 18
533.0 25
534.0 21
535.0 32
536.0 20
537.0 18
538.0 25
539.0 18
540.0 17
541.0 18
542.0 17
543.0 26
544.0 30
545.0 22
546.0 21
547.0 16
548.0 19
549.0 15
550.0 18
551.0 22
552.0 18
553.0 10
554.0 19
555.0 18
556.0 29
557.0 20
558.0 19
559.0 20
560.0 11
561.0 20
562.0 20
563.0 12
564.0 13
565.0 14
566.0 23
567.0 15
568.0 16
569.0 25
570.0 17
571.0 20
572.0 16
573.0 14
574.0 25
575.0 20
576.0 20
577.0 17
578.0 15
579.0 15
580.0 15
581.0 27
582.0 17
583.0 14
584.0 17
585.0 16
586.0 15
587.0 23
588.0 11
589.0 19
590.0 12
591.0 21
592.0 21
593.0 23
594.0 16
595.0 12
596.0 15
597.0 16
598.0 20
599.0 18
600.0 19
601.0 8
602.0 24
603.0 17
604.0 16
605.0 17
606.0 19
607.0 18
608.0 16
609.0 16
610.0 21
611.0 14
612.0 10
613.0 18
614.0 21
615.0 12
616.0 16
617.0 21
618.0 13
619.0 16
620.0 19
621.0 18
622.0 17
623.0 19
624.0 13
625.0 18
626.0 19
627.0 13
628.0 15
629.0 14
630.0 13
631.0 14
632.0 13
633.0 17
634.0 15
635.0 17
636.0 16
637.0 11
638.0 17
639.0 10
640.0 14
641.0 15
642.0 12
643.0 19
644.0 13
645.0 8
646.0 11
647.0 19
648.0 17
649.0 14
650.0 18
651.0 16
652.0 16
653.0 12
654.0 16
655.0 13
656.0 14
657.0 9
658.0 16
659.0 11
660.0 11
661.0 8
662.0 12
663.0 13
664.0 16
665.0 19
666.0 11
667.0 9
668.0 10
669.0 13
670.0 17
671.0 13
672.0 17
673.0 9
674.0 9
675.0 15
676.0 16
677.0 11
678.0 16
679.0 9
680.0 12
681.0 16
682.0 13
683.0 16
684.0 11
685.0 12
686.0 16
687.0 12
688.0 16
689.0 13
690.0 11
691.0 13
692.0 11
693.0 18
694.0 16
695.0 14
696.0 6
697.0 7
698.0 16
699.0 13
700.0 14
701.0 12
702.0 11
703.0 15
704.0 14
705.0 6
706.0 9
707.0 7
708.0 8
709.0 14
710.0 7
711.0 7
712.0 17
713.0 10
714.0 10
715.0 19
716.0 9
717.0 7
718.0 13
719.0 11
720.0 10
721.0 11
722.0 12
723.0 15
724.0 18
725.0 11
726.0 12
727.0 13
728.0 11
729.0 8
730.0 8
731.0 9
732.0 7
733.0 10
734.0 15
735.0 16
736.0 11
737.0 11
738.0 11
739.0 9
740.0 9
741.0 11
742.0 12
743.0 5
744.0 15
745.0 8
746.0 12
747.0 15
748.0 12
749.0 5
750.0 7
751.0 12
752.0 8
753.0 13
754.0 12
755.0 11
756.0 10
757.0 16
758.0 17
759.0 15
760.0 9
761.0 11
762.0 12
763.0 8
764.0 7
765.0 9
766.0 13
767.0 13
768.0 13
769.0 14
770.0 7
771.0 16
772.0 20
773.0 11
774.0 13
775.0 20
776.0 15
777.0 12
778.0 9
779.0 7
780.0 9
781.0 8
782.0 13
783.0 10
784.0 7
785.0 9
786.0 9
787.0 7
788.0 18
789.0 16
790.0 7
791.0 6
792.0 9
793.0 12
794.0 9
795.0 12
796.0 4
797.0 14
798.0 9
799.0 10
800.0 4
801.0 10
802.0 9
803.0 10
804.0 9
805.0 9
806.0 12
807.0 13
808.0 4
809.0 11
810.0 6
811.0 12
812.0 11
813.0 11
814.0 8
815.0 10
816.0 15
817.0 15
818.0 12
819.0 8
820.0 10
821.0 18
822.0 12
823.0 17
824.0 9
825.0 5
826.0 11
827.0 5
828.0 7
829.0 11
830.0 12
831.0 8
832.0 5
833.0 6
834.0 12
835.0 15
836.0 8
837.0 10
838.0 9
839.0 8
840.0 7
841.0 7
842.0 5
843.0 10
844.0 14
845.0 10
846.0 6
847.0 5
848.0 9
849.0 6
850.0 8
851.0 19
852.0 6
853.0 5
854.0 11
855.0 8
856.0 9
857.0 15
858.0 4
859.0 10
860.0 14
861.0 8
862.0 5
863.0 10
864.0 9
865.0 8
866.0 13
867.0 5
868.0 11
869.0 6
870.0 6
871.0 8
872.0 8
873.0 7
874.0 9
875.0 4
876.0 15
877.0 10
878.0 7
879.0 7
880.0 7
881.0 9
882.0 8
883.0 5
884.0 10
885.0 7
886.0 8
887.0 5
888.0 9
889.0 8
890.0 7
891.0 7
892.0 12
893.0 10
894.0 8
895.0 10
896.0 6
897.0 8
898.0 7
899.0 14
900.0 6
901.0 12
902.0 7
903.0 3
904.0 9
905.0 13
906.0 6
907.0 4
908.0 9
909.0 9
910.0 14
911.0 7
912.0 5
913.0 8
914.0 10
915.0 9
916.0 8
917.0 3
918.0 9
919.0 3
920.0 8
921.0 6
922.0 4
923.0 9
924.0 8
925.0 4
926.0 8
927.0 11
928.0 9
929.0 12
930.0 2
931.0 11
932.0 6
933.0 7
934.0 8
935.0 3
936.0 13
937.0 9
938.0 4
939.0 11
940.0 7
941.0 8
942.0 7
943.0 6
944.0 6
945.0 4
946.0 5
947.0 11
948.0 9
949.0 9
950.0 5
951.0 6
952.0 8
953.0 13
954.0 7
955.0 3
956.0 8
957.0 9
958.0 7
959.0 4
960.0 2
961.0 12
962.0 4
963.0 1
964.0 8
965.0 2
966.0 5
967.0 5
968.0 2
969.0 11
970.0 6
971.0 9
972.0 5
973.0 7
974.0 6
975.0 3
976.0 7
977.0 9
978.0 6
979.0 8
980.0 5
981.0 4
982.0 4
983.0 7
984.0 5
985.0 5
986.0 7
987.0 3
988.0 4
989.0 3
990.0 6
991.0 6
992.0 7
993.0 6
994.0 3
995.0 6
996.0 9
997.0 7
998.0 3
999.0 11
1000.0 6
1001.0 8
1002.0 5
1003.0 8
1004.0 4
1005.0 5
1006.0 1
1007.0 8
1008.0 3
1009.0 7
1010.0 5
1011.0 5
1012.0 5
1013.0 3
1014.0 4
1015.0 3
1016.0 7
1017.0 6
1018.0 6
1019.0 7
1020.0 5
1021.0 6
1022.0 7
1023.0 8
1024.0 9
1025.0 5
1026.0 5
1027.0 9
1028.0 6
1029.0 6
1030.0 4
1031.0 8
1032.0 4
1033.0 3
1034.0 11
1035.0 7
1036.0 2
1037.0 8
1038.0 6
1039.0 4
1040.0 8
1041.0 4
1042.0 3
1043.0 8
1044.0 6
1045.0 6
1046.0 2
1047.0 7
1048.0 4
1049.0 5
1050.0 9
1051.0 2
1052.0 4
1053.0 5
1054.0 5
1055.0 4
1056.0 3
1057.0 9
1058.0 6
1059.0 10
1060.0 2
1061.0 9
1062.0 1
1063.0 6
1064.0 6
1065.0 10
1066.0 10
1067.0 5
1068.0 5
1069.0 5
1070.0 6
1071.0 9
1072.0 7
1073.0 6
1074.0 6
1075.0 8
1076.0 4
1077.0 6
1078.0 5
1079.0 6
1080.0 3
1081.0 6
1082.0 5
1083.0 8
1084.0 7
1085.0 9
1086.0 2
1087.0 8
1088.0 11
1089.0 3
1090.0 5
1091.0 3
1092.0 8
1093.0 5
1094.0 5
1095.0 2
1096.0 2
1097.0 8
1098.0 9
1099.0 8
1100.0 8
1101.0 3
1102.0 13
1103.0 2
1104.0 6
1105.0 3
1106.0 7
1107.0 9
1108.0 4
1109.0 7
1110.0 7
1111.0 5
1112.0 5
1113.0 5
1114.0 3
1115.0 6
1116.0 4
1117.0 4
1118.0 4
1119.0 5
1120.0 5
1121.0 5
1122.0 7
1123.0 3
1124.0 8
1125.0 3
1126.0 1
1127.0 1
1128.0 2
1129.0 1
1130.0 8
1131.0 5
1132.0 6
1133.0 4
1134.0 4
1135.0 8
1136.0 4
1137.0 6
1138.0 2
1139.0 3
1140.0 2
1141.0 2
1142.0 3
1143.0 4
1144.0 3
1145.0 7
1146.0 8
1147.0 9
1148.0 3
1149.0 2
1150.0 3
1151.0 3
1152.0 7
1153.0 2
1154.0 8
1155.0 7
1156.0 5
1157.0 7
1158.0 4
1159.0 6
1160.0 4
1161.0 3
1162.0 2
1163.0 5
1164.0 4
1165.0 3
1166.0 5
1167.0 7
1168.0 4
1169.0 5
1170.0 1
1171.0 3
1172.0 3
1173.0 4
1174.0 3
1175.0 5
1176.0 3
1177.0 2
1178.0 6
1179.0 4
1180.0 3
1181.0 7
1183.0 6
1184.0 1
1185.0 6
1186.0 5
1187.0 5
1188.0 4
1189.0 2
1191.0 7
1192.0 1
1193.0 3
1194.0 1
1195.0 5
1196.0 2
1197.0 2
1198.0 4
1199.0 6
1200.0 3
1201.0 5
1202.0 2
1203.0 5
1204.0 4
1205.0 3
1206.0 5
1207.0 2
1208.0 4
1209.0 5
1210.0 2
1211.0 5
1212.0 3
1213.0 6
1214.0 3
1215.0 3
1216.0 2
1217.0 3
1218.0 4
1219.0 2
1220.0 4
1221.0 5
1222.0 4
1223.0 6
1224.0 5
1225.0 4
1226.0 4
1227.0 5
1228.0 4
1229.0 3
1230.0 6
1231.0 2
1232.0 7
1233.0 3
1234.0 3
1235.0 4
1236.0 2
1237.0 3
1238.0 5
1239.0 2
1240.0 4
1241.0 6
1242.0 4
1243.0 7
1244.0 3
1245.0 5
1246.0 3
1247.0 3
1248.0 3
1249.0 3
1250.0 2
1251.0 6
1252.0 5
1253.0 3
1254.0 2
1255.0 7
1256.0 3
1257.0 7
1258.0 3
1259.0 7
1260.0 4
1261.0 2
1262.0 5
1263.0 4
1264.0 3
1265.0 3
1266.0 7
1267.0 6
1268.0 2
1269.0 3
1270.0 4
1271.0 4
1273.0 3
1275.0 4
1276.0 1
1277.0 5
1278.0 2
1279.0 5
1280.0 1
1281.0 5
1282.0 6
1283.0 5
1284.0 4
1285.0 4
1286.0 7
1287.0 5
1288.0 3
1289.0 3
1290.0 4
1291.0 6
1292.0 3
1293.0 4
1294.0 3
1295.0 2
1296.0 4
1297.0 1
1298.0 5
1299.0 4
1300.0 3
1301.0 3
1302.0 1
1304.0 4
1305.0 1
1306.0 5
1307.0 5
1308.0 2
1309.0 2
1310.0 4
1311.0 4
1312.0 2
1313.0 1
1314.0 2
1315.0 5
1317.0 8
1318.0 5
1319.0 4
1320.0 5
1321.0 5
1322.0 4
1323.0 4
1324.0 1
1325.0 2
1326.0 3
1327.0 5
1328.0 3
1329.0 4
1330.0 2
1331.0 1
1332.0 3
1333.0 3
1334.0 5
1335.0 2
1336.0 4
1337.0 3
1338.0 2
1339.0 4
1340.0 5
1341.0 3
1342.0 3
1343.0 2
1344.0 2
1345.0 3
1346.0 2
1347.0 1
1348.0 6
1349.0 2
1350.0 2
1351.0 1
1352.0 3
1353.0 9
1354.0 4
1355.0 1
1356.0 7
1357.0 5
1360.0 3
1361.0 4
1362.0 3
1363.0 1
1364.0 3
1366.0 4
1367.0 8
1369.0 4
1370.0 7
1371.0 2
1372.0 2
1373.0 2
1374.0 1
1375.0 4
1376.0 1
1377.0 5
1378.0 7
1379.0 5
1380.0 9
1381.0 2
1382.0 2
1383.0 2
1384.0 6
1385.0 4
1386.0 2
1387.0 3
1388.0 3
1389.0 3
1390.0 1
1391.0 3
1392.0 2
1393.0 4
1394.0 4
1395.0 1
1396.0 2
1397.0 2
1398.0 3
1399.0 3
1400.0 5
1401.0 1
1402.0 4
1403.0 1
1404.0 1
1405.0 1
1406.0 1
1407.0 2
1408.0 1
1409.0 3
1410.0 3
1411.0 2
1412.0 1
1413.0 3
1414.0 2
1415.0 6
1416.0 1
1417.0 1
1418.0 6
1419.0 3
1420.0 2
1421.0 2
1422.0 5
1423.0 4
1424.0 1
1425.0 1
1426.0 2
1427.0 4
1428.0 3
1429.0 6
1430.0 3
1431.0 2
1432.0 1
1433.0 3
1434.0 2
1435.0 7
1438.0 4
1439.0 3
1440.0 1
1441.0 4
1442.0 1
1443.0 4
1444.0 2
1446.0 3
1447.0 8
1448.0 2
1449.0 2
1450.0 3
1451.0 1
1452.0 4
1453.0 5
1454.0 1
1455.0 2
1456.0 2
1457.0 3
1458.0 8
1459.0 4
1460.0 4
1461.0 4
1462.0 4
1463.0 3
1465.0 1
1466.0 4
1467.0 1
1468.0 4
1470.0 2
1471.0 1
1472.0 1
1473.0 1
1474.0 3
1475.0 2
1476.0 1
1477.0 4
1478.0 1
1479.0 3
1480.0 4
1481.0 2
1482.0 3
1483.0 1
1484.0 3
1485.0 2
1486.0 3
1487.0 2
1488.0 4
1489.0 3
1490.0 4
1491.0 5
1492.0 4
1493.0 5
1494.0 6
1496.0 1
1497.0 2
1498.0 1
1499.0 2
1500.0 1
1501.0 4
1502.0 2
1503.0 1
1504.0 1
1505.0 3
1506.0 1
1507.0 3
1508.0 2
1509.0 1
1510.0 1
1511.0 3
1512.0 3
1514.0 1
1515.0 3
1516.0 2
1517.0 3
1518.0 3
1519.0 1
1520.0 6
1521.0 4
1522.0 3
1523.0 2
1524.0 4
1525.0 1
1526.0 2
1527.0 1
1528.0 3
1529.0 3
1530.0 5
1531.0 2
1532.0 3
1533.0 2
1534.0 4
1535.0 3
1536.0 3
1537.0 1
1538.0 5
1540.0 2
1541.0 3
1542.0 3
1544.0 1
1545.0 1
1547.0 2
1548.0 1
1549.0 5
1550.0 4
1551.0 3
1553.0 1
1554.0 2
1555.0 4
1556.0 1
1557.0 2
1559.0 2
1560.0 4
1561.0 2
1562.0 4
1563.0 1
1564.0 1
1565.0 2
1566.0 2
1567.0 2
1568.0 1
1569.0 5
1570.0 3
1571.0 1
1572.0 5
1573.0 2
1577.0 2
1578.0 2
1579.0 3
1580.0 2
1581.0 3
1582.0 1
1583.0 2
1584.0 3
1585.0 1
1586.0 6
1587.0 5
1588.0 1
1589.0 3
1590.0 1
1591.0 3
1592.0 2
1594.0 3
1595.0 6
1596.0 2
1598.0 1
1599.0 1
1600.0 3
1601.0 1
1602.0 3
1603.0 1
1604.0 3
1605.0 1
1607.0 4
1608.0 5
1611.0 4
1612.0 1
1614.0 1
1615.0 1
1617.0 2
1619.0 2
1620.0 2
1621.0 3
1622.0 2
1623.0 1
1624.0 1
1625.0 4
1626.0 2
1627.0 1
1628.0 3
1629.0 2
1630.0 1
1631.0 2
1632.0 1
1634.0 1
1635.0 2
1636.0 4
1638.0 2
1639.0 2
1641.0 4
1642.0 1
1644.0 1
1645.0 4
1646.0 1
1648.0 2
1649.0 3
1650.0 3
1651.0 2
1652.0 5
1653.0 5
1654.0 1
1655.0 1
1656.0 1
1657.0 3
1658.0 1
1659.0 1
1660.0 3
1661.0 2
1662.0 2
1664.0 2
1665.0 3
1666.0 3
1667.0 2
1668.0 4
1669.0 2
1671.0 1
1672.0 2
1673.0 3
1674.0 2
1675.0 3
1677.0 3
1678.0 1
1680.0 2
1681.0 1
1682.0 2
1683.0 4
1684.0 3
1686.0 2
1687.0 3
1688.0 2
1689.0 1
1690.0 2
1691.0 3
1692.0 3
1693.0 2
1694.0 2
1695.0 2
1696.0 2
1699.0 2
1700.0 7
1701.0 1
1702.0 3
1703.0 3
1704.0 3
1705.0 3
1707.0 2
1708.0 2
1709.0 1
1710.0 4
1711.0 1
1713.0 1
1714.0 3
1715.0 2
1716.0 2
1717.0 1
1718.0 2
1720.0 2
1721.0 3
1722.0 1
1723.0 2
1724.0 3
1725.0 1
1727.0 4
1728.0 1
1730.0 2
1731.0 1
1732.0 1
1733.0 1
1734.0 1
1735.0 3
1736.0 4
1737.0 2
1738.0 1
1739.0 2
1740.0 2
1741.0 1
1742.0 3
1744.0 3
1745.0 2
1746.0 1
1747.0 2
1748.0 2
1749.0 1
1750.0 2
1752.0 2
1753.0 1
1754.0 1
1755.0 4
1756.0 2
1757.0 3
1758.0 3
1759.0 2
1760.0 1
1762.0 2
1763.0 2
1764.0 2
1768.0 1
1769.0 2
1770.0 3
1771.0 2
1772.0 2
1773.0 2
1774.0 3
1775.0 1
1776.0 2
1777.0 4
1778.0 1
1781.0 2
1782.0 1
1783.0 3
1784.0 3
1786.0 1
1787.0 1
1788.0 4
1789.0 3
1790.0 2
1791.0 3
1792.0 4
1793.0 1
1794.0 1
1795.0 3
1796.0 1
1797.0 2
1798.0 2
1799.0 1
1800.0 1
1801.0 1
1802.0 5
1803.0 3
1804.0 2
1806.0 2
1808.0 4
1809.0 2
1810.0 2
1811.0 1
1812.0 2
1814.0 1
1815.0 2
1816.0 6
1818.0 2
1819.0 1
1820.0 2
1821.0 2
1823.0 1
1824.0 3
1825.0 2
1827.0 4
1828.0 1
1829.0 3
1830.0 5
1831.0 2
1832.0 1
1833.0 1
1834.0 3
1835.0 1
1836.0 4
1838.0 1
1839.0 4
1840.0 2
1841.0 2
1842.0 3
1843.0 1
1844.0 1
1845.0 1
1846.0 1
1848.0 3
1850.0 3
1851.0 1
1852.0 2
1853.0 3
1854.0 6
1855.0 1
1856.0 2
1857.0 2
1858.0 3
1859.0 1
1860.0 3
1861.0 3
1862.0 1
1863.0 1
1864.0 2
1865.0 3
1866.0 4
1867.0 1
1868.0 3
1869.0 1
1870.0 2
1871.0 4
1872.0 3
1875.0 1
1876.0 2
1878.0 3
1880.0 1
1881.0 4
1882.0 2
1883.0 1
1884.0 2
1885.0 2
1886.0 1
1888.0 1
1889.0 1
1890.0 1
1891.0 3
1893.0 2
1894.0 4
1896.0 2
1898.0 1
1899.0 4
1901.0 2
1902.0 1
1903.0 3
1904.0 1
1906.0 2
1907.0 5
1908.0 1
1909.0 1
1911.0 2
1912.0 3
1914.0 3
1915.0 1
1916.0 4
1917.0 4
1918.0 2
1919.0 1
1920.0 2
1921.0 1
1923.0 2
1925.0 2
1927.0 3
1928.0 2
1929.0 2
1930.0 3
1932.0 2
1933.0 3
1934.0 1
1936.0 1
1939.0 1
1940.0 1
1941.0 2
1942.0 4
1943.0 1
1944.0 1
1945.0 3
1947.0 1
1948.0 2
1949.0 2
1950.0 3
1952.0 2
1953.0 1
1954.0 1
1955.0 1
1956.0 3
1958.0 2
1959.0 2
1960.0 2
1961.0 2
1963.0 1
1964.0 2
1965.0 2
1967.0 2
1968.0 1
1969.0 4
1971.0 1
1972.0 2
1974.0 3
1975.0 1
1977.0 1
1978.0 3
1981.0 2
1984.0 1
1985.0 4
1986.0 2
1990.0 1
1992.0 3
1993.0 1
1994.0 1
1995.0 2
1997.0 2
1998.0 2
1999.0 1
2000.0 4
2001.0 2
2002.0 2
2003.0 1
2005.0 4
2006.0 3
2007.0 1
2011.0 1
2012.0 1
2013.0 1
2014.0 2
2015.0 2
2016.0 3
2017.0 1
2018.0 1
2019.0 1
2021.0 1
2022.0 2
2023.0 1
2025.0 1
2026.0 1
2028.0 1
2029.0 1
2031.0 1
2032.0 2
2035.0 1
2036.0 1
2037.0 1
2038.0 2
2040.0 2
2041.0 1
2043.0 3
2044.0 1
2045.0 1
2047.0 2
2048.0 1
2049.0 1
2053.0 1
2054.0 1
2056.0 3
2057.0 1
2062.0 2
2064.0 2
2065.0 1
2067.0 1
2068.0 1
2070.0 1
2071.0 3
2072.0 1
2074.0 4
2075.0 2
2076.0 2
2078.0 2
2079.0 1
2081.0 2
2082.0 2
2085.0 1
2086.0 1
2087.0 1
2088.0 1
2089.0 2
2090.0 1
2091.0 2
2092.0 1
2093.0 1
2095.0 1
2096.0 2
2097.0 3
2098.0 2
2099.0 1
2100.0 2
2101.0 1
2102.0 2
2103.0 2
2104.0 1
2105.0 1
2106.0 2
2107.0 2
2109.0 2
2110.0 2
2111.0 1
2112.0 1
2113.0 1
2114.0 3
2115.0 2
2116.0 2
2117.0 2
2118.0 2
2119.0 3
2120.0 3
2121.0 5
2122.0 3
2125.0 2
2127.0 1
2128.0 1
2129.0 1
2130.0 1
2131.0 1
2132.0 2
2133.0 5
2135.0 1
2137.0 2
2140.0 1
2141.0 2
2142.0 1
2143.0 1
2146.0 1
2147.0 4
2148.0 1
2149.0 1
2152.0 1
2153.0 2
2154.0 4
2155.0 1
2156.0 1
2158.0 1
2159.0 2
2160.0 3
2164.0 3
2165.0 3
2166.0 1
2167.0 3
2171.0 5
2172.0 1
2174.0 1
2175.0 1
2176.0 3
2178.0 1
2180.0 1
2181.0 2
2182.0 1
2185.0 1
2187.0 2
2188.0 4
2190.0 1
2193.0 1
2194.0 1
2195.0 1
2196.0 2
2197.0 1
2199.0 1
2203.0 1
2204.0 1
2205.0 1
2208.0 1
2209.0 2
2214.0 2
2215.0 1
2216.0 2
2218.0 1
2219.0 1
2220.0 2
2222.0 3
2224.0 1
2225.0 2
2226.0 3
2227.0 2
2228.0 2
2230.0 1
2231.0 2
2232.0 1
2233.0 1
2235.0 3
2237.0 3
2238.0 1
2240.0 1
2242.0 1
2243.0 2
2244.0 2
2245.0 1
2246.0 1
2248.0 1
2253.0 2
2254.0 1
2256.0 2
2257.0 1
2258.0 3
2259.0 1
2260.0 2
2263.0 1
2265.0 3
2266.0 1
2269.0 1
2270.0 1
2271.0 1
2273.0 2
2274.0 1
2276.0 1
2277.0 2
2279.0 1
2280.0 2
2282.0 2
2283.0 2
2284.0 3
2287.0 1
2288.0 1
2290.0 1
2292.0 1
2296.0 1
2297.0 2
2298.0 1
2300.0 2
2301.0 1
2302.0 1
2303.0 2
2305.0 1
2306.0 2
2307.0 1
2308.0 1
2314.0 1
2315.0 1
2316.0 2
2322.0 3
2323.0 2
2324.0 3
2325.0 1
2327.0 1
2328.0 1
2330.0 2
2331.0 1
2332.0 3
2333.0 1
2334.0 2
2335.0 1
2336.0 3
2339.0 3
2341.0 1
2346.0 1
2349.0 1
2352.0 1
2355.0 1
2357.0 2
2361.0 1
2362.0 1
2363.0 4
2366.0 1
2367.0 1
2370.0 1
2372.0 1
2373.0 2
2374.0 1
2375.0 1
2379.0 1
2381.0 1
2382.0 1
2383.0 1
2387.0 1
2388.0 5
2389.0 1
2391.0 1
2393.0 2
2395.0 1
2396.0 1
2397.0 1
2398.0 1
2399.0 1
2400.0 1
2401.0 1
2402.0 3
2403.0 2
2404.0 1
2405.0 3
2406.0 1
2407.0 3
2408.0 1
2413.0 3
2415.0 2
2416.0 1
2417.0 3
2418.0 2
2419.0 3
2421.0 1
2422.0 2
2423.0 1
2424.0 1
2425.0 1
2427.0 1
2428.0 1
2433.0 1
2436.0 1
2437.0 2
2439.0 1
2440.0 1
2442.0 1
2443.0 2
2444.0 1
2445.0 1
2446.0 1
2448.0 1
2449.0 1
2452.0 1
2454.0 1
2455.0 1
2460.0 1
2461.0 3
2462.0 1
2463.0 1
2472.0 2
2473.0 2
2476.0 1
2478.0 1
2479.0 1
2480.0 2
2482.0 1
2483.0 1
2484.0 2
2485.0 1
2488.0 5
2489.0 1
2490.0 2
2491.0 1
2492.0 1
2494.0 1
2496.0 1
2497.0 1
2498.0 1
2499.0 1
2500.0 1
2501.0 2
2502.0 1
2503.0 1
2505.0 1
2506.0 2
2508.0 2
2510.0 1
2511.0 2
2512.0 1
2513.0 1
2514.0 2
2515.0 1
2516.0 4
2517.0 1
2518.0 3
2521.0 4
2523.0 1
2525.0 1
2526.0 2
2527.0 1
2529.0 2
2531.0 1
2532.0 1
2534.0 1
2540.0 1
2541.0 4
2542.0 3
2544.0 1
2546.0 2
2552.0 1
2553.0 1
2554.0 2
2555.0 1
2556.0 2
2558.0 1
2560.0 2
2561.0 3
2564.0 1
2566.0 2
2567.0 2
2569.0 2
2573.0 1
2575.0 1
2578.0 1
2580.0 1
2584.0 1
2585.0 1
2587.0 1
2590.0 1
2591.0 2
2592.0 1
2593.0 1
2594.0 2
2598.0 1
2599.0 1
2600.0 1
2601.0 2
2602.0 1
2603.0 1
2604.0 2
2605.0 2
2606.0 1
2607.0 1
2608.0 1
2609.0 1
2610.0 2
2611.0 1
2613.0 1
2615.0 1
2616.0 1
2617.0 1
2618.0 1
2619.0 1
2620.0 1
2621.0 1
2623.0 1
2624.0 1
2626.0 2
2629.0 1
2630.0 1
2634.0 1
2637.0 1
2640.0 2
2642.0 2
2645.0 1
2647.0 1
2651.0 1
2652.0 1
2658.0 1
2660.0 1
2662.0 2
2663.0 1
2669.0 2
2674.0 3
2677.0 1
2679.0 1
2681.0 2
2683.0 1
2685.0 3
2689.0 1
2690.0 1
2692.0 1
2693.0 1
2701.0 2
2702.0 1
2705.0 1
2707.0 2
2708.0 1
2709.0 1
2711.0 2
2713.0 1
2714.0 2
2715.0 2
2718.0 1
2721.0 2
2722.0 2
2723.0 1
2725.0 1
2728.0 1
2729.0 3
2731.0 1
2733.0 1
2734.0 1
2736.0 1
2738.0 1
2740.0 1
2744.0 2
2745.0 1
2746.0 1
2750.0 3
2752.0 2
2754.0 3
2757.0 1
2758.0 1
2760.0 1
2762.0 1
2764.0 1
2767.0 1
2768.0 1
2769.0 2
2772.0 1
2773.0 2
2774.0 1
2775.0 1
2777.0 2
2778.0 1
2779.0 2
2781.0 1
2782.0 5
2783.0 1
2785.0 1
2790.0 3
2791.0 1
2792.0 1
2793.0 1
2794.0 2
2795.0 1
2797.0 1
2798.0 2
2799.0 2
2801.0 2
2805.0 1
2806.0 1
2807.0 2
2811.0 3
2813.0 2
2814.0 2
2815.0 1
2816.0 1
2819.0 2
2822.0 3
2824.0 3
2827.0 1
2829.0 1
2832.0 1
2833.0 2
2834.0 1
2835.0 3
2836.0 4
2838.0 2
2839.0 1
2840.0 1
2844.0 2
2845.0 1
2847.0 1
2848.0 1
2851.0 1
2852.0 1
2853.0 1
2856.0 2
2860.0 1
2862.0 1
2863.0 1
2866.0 2
2867.0 1
2869.0 1
2871.0 1
2872.0 1
2873.0 1
2874.0 2
2876.0 2
2879.0 2
2880.0 1
2882.0 1
2883.0 2
2884.0 2
2887.0 1
2889.0 1
2892.0 1
2894.0 1
2895.0 1
2896.0 1
2897.0 1
2902.0 1
2903.0 3
2906.0 1
2909.0 3
2910.0 1
2913.0 1
2917.0 2
2919.0 1
2920.0 1
2921.0 2
2922.0 1
2923.0 2
2932.0 1
2933.0 2
2934.0 1
2936.0 1
2938.0 1
2939.0 1
2940.0 2
2941.0 1
2943.0 1
2944.0 2
2945.0 1
2947.0 1
2951.0 2
2955.0 1
2956.0 2
2957.0 1
2960.0 2
2961.0 1
2962.0 2
2965.0 1
2968.0 2
2970.0 3
2971.0 1
2972.0 1
2973.0 1
2974.0 1
2975.0 2
2976.0 1
2977.0 1
2978.0 2
2980.0 3
2981.0 1
2985.0 1
2988.0 1
2989.0 1
2990.0 2
2992.0 1
2993.0 1
2994.0 3
2995.0 1
3005.0 1
3010.0 2
3012.0 1
3014.0 1
3016.0 2
3021.0 1
3022.0 3
3028.0 1
3032.0 1
3033.0 1
3036.0 2
3038.0 2
3041.0 1
3043.0 1
3044.0 1
3045.0 1
3047.0 1
3050.0 1
3051.0 1
3053.0 1
3054.0 1
3055.0 1
3061.0 2
3064.0 1
3067.0 1
3069.0 1
3070.0 1
3071.0 1
3077.0 1
3078.0 1
3080.0 1
3084.0 1
3089.0 1
3091.0 1
3092.0 1
3093.0 1
3095.0 1
3098.0 2
3099.0 2
3102.0 1
3104.0 3
3113.0 2
3114.0 1
3115.0 1
3116.0 1
3118.0 1
3119.0 1
3122.0 1
3123.0 1
3128.0 1
3129.0 1
3130.0 1
3132.0 1
3134.0 1
3136.0 1
3140.0 1
3141.0 2
3143.0 1
3147.0 2
3153.0 1
3154.0 1
3155.0 1
3156.0 1
3160.0 1
3161.0 1
3164.0 1
3165.0 2
3166.0 2
3168.0 1
3170.0 1
3171.0 2
3173.0 1
3174.0 1
3176.0 1
3178.0 1
3181.0 1
3183.0 1
3184.0 1
3185.0 1
3186.0 2
3189.0 1
3192.0 1
3193.0 1
3194.0 1
3199.0 1
3203.0 1
3207.0 2
3208.0 2
3213.0 1
3217.0 1
3218.0 1
3221.0 1
3222.0 1
3224.0 1
3227.0 1
3228.0 3
3233.0 1
3234.0 1
3237.0 2
3238.0 1
3241.0 1
3242.0 1
3243.0 2
3244.0 1
3245.0 1
3254.0 1
3255.0 1
3257.0 1
3259.0 1
3260.0 1
3261.0 2
3264.0 1
3267.0 1
3268.0 1
3271.0 2
3274.0 1
3275.0 1
3276.0 2
3280.0 1
3286.0 1
3287.0 2
3288.0 1
3290.0 1
3291.0 1
3299.0 1
3302.0 1
3306.0 2
3308.0 1
3310.0 1
3314.0 2
3315.0 1
3320.0 1
3321.0 1
3322.0 1
3323.0 1
3324.0 1
3327.0 1
3328.0 1
3338.0 1
3341.0 1
3345.0 1
3346.0 2
3349.0 1
3350.0 1
3352.0 1
3353.0 1
3355.0 1
3357.0 1
3359.0 1
3365.0 1
3366.0 1
3369.0 1
3372.0 1
3377.0 1
3382.0 2
3383.0 1
3385.0 1
3386.0 2
3388.0 1
3390.0 1
3393.0 2
3396.0 1
3399.0 1
3400.0 3
3401.0 1
3407.0 1
3408.0 1
3410.0 1
3416.0 1
3421.0 3
3422.0 1
3428.0 1
3429.0 1
3431.0 1
3432.0 1
3433.0 2
3434.0 1
3435.0 1
3437.0 1
3441.0 1
3442.0 1
3445.0 1
3446.0 2
3449.0 1
3451.0 1
3454.0 1
3460.0 1
3461.0 1
3462.0 1
3463.0 1
3465.0 1
3466.0 2
3467.0 1
3469.0 1
3471.0 1
3472.0 1
3475.0 1
3478.0 2
3483.0 1
3485.0 1
3487.0 1
3490.0 1
3492.0 1
3498.0 1
3500.0 1
3503.0 1
3510.0 1
3513.0 1
3514.0 2
3515.0 1
3516.0 2
3526.0 1
3532.0 1
3535.0 1
3537.0 1
3539.0 1
3540.0 1
3542.0 2
3544.0 1
3547.0 1
3548.0 2
3550.0 1
3552.0 1
3554.0 1
3556.0 1
3557.0 1
3558.0 1
3560.0 1
3564.0 1
3565.0 1
3567.0 1
3568.0 1
3570.0 2
3576.0 1
3580.0 1
3592.0 1
3595.0 1
3599.0 1
3602.0 1
3603.0 1
3604.0 1
3606.0 1
3609.0 1
3612.0 1
3614.0 2
3618.0 1
3620.0 1
3629.0 2
3631.0 1
3633.0 1
3634.0 2
3641.0 1
3645.0 1
3646.0 1
3648.0 1
3649.0 1
3653.0 2
3656.0 1
3658.0 2
3662.0 1
3663.0 1
3667.0 1
3670.0 1
3676.0 2
3680.0 1
3688.0 1
3695.0 2
3708.0 2
3710.0 1
3712.0 1
3713.0 1
3714.0 2
3715.0 1
3718.0 1
3722.0 1
3731.0 1
3732.0 1
3733.0 1
3734.0 2
3736.0 3
3737.0 1
3740.0 1
3745.0 1
3746.0 1
3750.0 1
3752.0 1
3753.0 1
3756.0 1
3762.0 1
3766.0 1
3772.0 1
3775.0 1
3776.0 1
3777.0 1
3780.0 2
3782.0 2
3787.0 1
3788.0 1
3789.0 1
3793.0 2
3798.0 1
3803.0 1
3805.0 1
3811.0 2
3812.0 1
3814.0 1
3818.0 2
3819.0 1
3822.0 1
3825.0 1
3826.0 1
3828.0 1
3829.0 1
3831.0 1
3841.0 1
3845.0 1
3849.0 2
3851.0 2
3852.0 1
3854.0 1
3856.0 1
3860.0 1
3864.0 1
3873.0 2
3884.0 1
3891.0 2
3906.0 1
3908.0 1
3914.0 1
3917.0 1
3922.0 1
3927.0 1
3936.0 1
3943.0 1
3944.0 2
3956.0 1
3957.0 1
3958.0 1
3960.0 1
3967.0 1
3971.0 1
3972.0 1
3974.0 1
3979.0 1
3981.0 1
3984.0 1
3993.0 1
4003.0 1
4004.0 1
4005.0 1
4008.0 1
4009.0 1
4010.0 1
4021.0 1
4027.0 1
4029.0 1
4030.0 1
4036.0 1
4045.0 2
4064.0 1
4066.0 1
4073.0 1
4075.0 1
4076.0 1
4079.0 2
4084.0 1
4085.0 1
4088.0 2
4091.0 1
4094.0 1
4095.0 1
4098.0 2
4099.0 1
4103.0 1
4105.0 1
4106.0 1
4112.0 2
4113.0 1
4114.0 1
4116.0 1
4117.0 1
4122.0 1
4126.0 1
4134.0 1
4137.0 2
4141.0 1
4143.0 1
4144.0 1
4157.0 1
4163.0 1
4164.0 1
4165.0 1
4169.0 1
4170.0 1
4172.0 1
4175.0 1
4179.0 1
4182.0 1
4187.0 1
4190.0 1
4192.0 1
4193.0 1
4198.0 1
4203.0 1
4205.0 1
4209.0 1
4212.0 1
4221.0 1
4222.0 1
4223.0 1
4226.0 1
4227.0 1
4230.0 1
4233.0 3
4234.0 1
4235.0 2
4238.0 1
4249.0 1
4257.0 1
4263.0 1
4267.0 1
4268.0 1
4269.0 1
4271.0 1
4292.0 1
4294.0 2
4297.0 1
4299.0 1
4302.0 2
4303.0 1
4307.0 2
4310.0 1
4313.0 1
4323.0 1
4324.0 1
4326.0 1
4336.0 1
4337.0 2
4339.0 2
4358.0 1
4359.0 1
4368.0 1
4371.0 1
4375.0 1
4381.0 1
4386.0 1
4389.0 1
4396.0 1
4401.0 1
4404.0 1
4417.0 1
4421.0 1
4422.0 3
4426.0 1
4428.0 1
4430.0 1
4439.0 1
4444.0 1
4445.0 1
4446.0 1
4449.0 1
4460.0 2
4468.0 2
4473.0 1
4475.0 1
4478.0 1
4479.0 1
4481.0 1
4485.0 1
4488.0 1
4493.0 1
4506.0 1
4517.0 1
4534.0 1
4548.0 1
4560.0 2
4563.0 1
4570.0 1
4575.0 1
4576.0 1
4579.0 1
4581.0 1
4583.0 1
4584.0 1
4588.0 1
4590.0 2
4593.0 2
4594.0 1
4595.0 1
4605.0 2
4611.0 1
4620.0 1
4622.0 1
4627.0 1
4649.0 2
4653.0 1
4655.0 1
4657.0 2
4663.0 1
4667.0 1
4683.0 1
4707.0 1
4708.0 1
4717.0 1
4721.0 1
4725.0 1
4728.0 1
4729.0 1
4731.0 1
4733.0 1
4734.0 1
4736.0 1
4741.0 2
4745.0 2
4751.0 2
4753.0 1
4754.0 1
4759.0 1
4761.0 1
4771.0 1
4777.0 1
4782.0 1
4787.0 1
4789.0 1
4796.0 1
4799.0 1
4807.0 1
4812.0 1
4815.0 1
4822.0 1
4825.0 1
4830.0 1
4834.0 1
4839.0 1
4844.0 1
4845.0 1
4852.0 1
4854.0 1
4855.0 1
4857.0 1
4865.0 1
4870.0 1
4871.0 1
4882.0 1
4884.0 1
4892.0 1
4895.0 1
4917.0 1
4922.0 1
4924.0 1
4931.0 1
4932.0 1
4937.0 1
4952.0 1
4961.0 1
4962.0 1
4968.0 1
4975.0 1
4981.0 1
4982.0 1
4983.0 2
4984.0 2
4987.0 1
4988.0 1
4991.0 1
4993.0 1
4994.0 1
4996.0 1
5000.0 2
5017.0 1
5021.0 1
5025.0 1
5028.0 1
5032.0 1
5041.0 1
5045.0 1
5049.0 1
5055.0 1
5060.0 1
5064.0 1
5070.0 1
5071.0 1
5079.0 1
5082.0 1
5084.0 1
5090.0 1
5092.0 2
5098.0 1
5100.0 1
5101.0 2
5113.0 1
5114.0 1
5116.0 1
5120.0 1
5121.0 1
5122.0 1
5125.0 1
5131.0 1
5140.0 1
5143.0 2
5152.0 1
5160.0 1
5161.0 1
5165.0 1
5166.0 1
5169.0 1
5171.0 1
5177.0 1
5186.0 1
5187.0 1
5191.0 1
5197.0 2
5204.0 1
5207.0 1
5210.0 1
5214.0 1
5226.0 1
5229.0 1
5231.0 1
5238.0 1
5239.0 1
5249.0 1
5251.0 2
5252.0 1
5253.0 1
5274.0 1
5280.0 2
5281.0 1
5284.0 1
5296.0 1
5300.0 1
5307.0 1
5308.0 1
5310.0 1
5325.0 1
5332.0 1
5336.0 1
5337.0 1
5338.0 1
5343.0 2
5350.0 1
5359.0 1
5380.0 1
5382.0 1
5387.0 1
5390.0 1
5395.0 1
5406.0 1
5407.0 2
5415.0 1
5422.0 1
5430.0 1
5442.0 1
5446.0 1
5454.0 1
5464.0 2
5488.0 1
5491.0 1
5493.0 1
5494.0 1
5496.0 1
5498.0 2
5510.0 2
5532.0 1
5540.0 1
5546.0 1
5547.0 1
5550.0 1
5553.0 2
5557.0 2
5571.0 1
5576.0 1
5578.0 1
5580.0 1
5584.0 1
5596.0 1
5606.0 2
5608.0 1
5611.0 1
5624.0 1
5630.0 1
5641.0 1
5644.0 1
5645.0 1
5652.0 1
5655.0 1
5657.0 1
5660.0 1
5663.0 1
5667.0 1
5685.0 1
5687.0 1
5689.0 1
5690.0 1
5693.0 1
5695.0 1
5701.0 1
5710.0 1
5722.0 1
5731.0 1
5734.0 1
5737.0 1
5741.0 1
5746.0 2
5750.0 1
5757.0 1
5768.0 1
5770.0 1
5771.0 1
5773.0 1
5787.0 1
5788.0 1
5791.0 1
5813.0 1
5824.0 1
5836.0 1
5841.0 1
5842.0 2
5850.0 1
5862.0 1
5863.0 1
5887.0 2
5892.0 1
5893.0 1
5907.0 1
5935.0 1
5936.0 1
5937.0 1
5940.0 1
5941.0 1
5952.0 1
5954.0 1
5955.0 1
5956.0 1
5972.0 1
5978.0 1
6012.0 1
6013.0 1
6015.0 1
6019.0 1
6050.0 1
6069.0 1
6075.0 1
6080.0 1
6082.0 1
6087.0 1
6101.0 1
6102.0 1
6104.0 1
6114.0 1
6115.0 1
6131.0 1
6142.0 2
6147.0 1
6156.0 1
6167.0 1
6177.0 1
6179.0 1
6184.0 2
6195.0 1
6196.0 1
6199.0 1
6211.0 1
6220.0 1
6222.0 1
6224.0 1
6232.0 1
6242.0 1
6248.0 1
6252.0 1
6253.0 1
6263.0 1
6268.0 1
6281.0 1
6285.0 1
6301.0 1
6309.0 1
6314.0 1
6317.0 1
6340.0 1
6341.0 1
6356.0 2
6361.0 1
6366.0 1
6368.0 1
6376.0 1
6382.0 1
6391.0 1
6393.0 1
6400.0 1
6403.0 1
6412.0 1
6424.0 1
6425.0 1
6429.0 1
6457.0 1
6461.0 1
6475.0 2
6482.0 1
6486.0 1
6489.0 2
6491.0 1
6492.0 1
6505.0 1
6507.0 1
6511.0 1
6519.0 1
6524.0 1
6526.0 2
6542.0 1
6558.0 2
6566.0 1
6569.0 1
6583.0 1
6592.0 1
6595.0 2
6605.0 1
6608.0 1
6612.0 1
6617.0 1
6618.0 1
6619.0 1
6622.0 1
6635.0 1
6644.0 1
6651.0 1
6659.0 1
6667.0 1
6672.0 1
6681.0 1
6683.0 1
6689.0 1
6691.0 1
6695.0 1
6700.0 1
6719.0 1
6740.0 1
6745.0 1
6755.0 1
6760.0 1
6768.0 1
6772.0 1
6783.0 1
6791.0 1
6797.0 1
6809.0 2
6829.0 1
6830.0 1
6838.0 1
6845.0 1
6848.0 1
6861.0 2
6864.0 1
6867.0 1
6884.0 1
6895.0 1
6907.0 1
6908.0 1
6910.0 1
6915.0 1
6916.0 1
6923.0 1
6928.0 1
6931.0 1
6938.0 1
6939.0 1
6947.0 1
6949.0 2
6961.0 1
7010.0 1
7018.0 1
7029.0 1
7048.0 1
7075.0 1
7099.0 1
7101.0 1
7102.0 1
7106.0 1
7109.0 1
7111.0 1
7112.0 1
7126.0 1
7139.0 1
7145.0 1
7159.0 1
7180.0 1
7181.0 1
7190.0 1
7209.0 1
7214.0 1
7227.0 2
7228.0 1
7229.0 2
7245.0 1
7248.0 1
7263.0 1
7267.0 1
7271.0 1
7272.0 1
7275.0 1
7280.0 1
7281.0 1
7299.0 1
7306.0 1
7307.0 1
7323.0 1
7328.0 1
7330.0 1
7333.0 1
7341.0 1
7347.0 1
7381.0 1
7399.0 1
7425.0 1
7427.0 1
7434.0 1
7435.0 1
7437.0 1
7439.0 1
7451.0 1
7465.0 1
7469.0 1
7485.0 1
7498.0 1
7500.0 1
7515.0 1
7517.0 1
7562.0 1
7600.0 1
7634.0 1
7675.0 1
7676.0 1
7679.0 1
7697.0 1
7705.0 1
7709.0 1
7722.0 1
7751.0 1
7763.0 1
7766.0 1
7779.0 1
7781.0 1
7785.0 1
7796.0 1
7803.0 1
7813.0 1
7834.0 1
7875.0 1
7877.0 1
7907.0 1
7910.0 1
7917.0 1
7918.0 1
7920.0 1
7944.0 1
7980.0 1
7989.0 1
8004.0 1
8025.0 1
8031.0 1
8034.0 1
8038.0 1
8057.0 1
8062.0 1
8083.0 1
8100.0 1
8113.0 1
8115.0 1
8118.0 1
8123.0 1
8128.0 1
8141.0 1
8143.0 1
8148.0 1
8156.0 1
8159.0 1
8163.0 1
8176.0 1
8193.0 1
8215.0 1
8239.0 1
8242.0 1
8249.0 1
8253.0 1
8266.0 1
8269.0 1
8273.0 1
8281.0 1
8295.0 2
8302.0 1
8321.0 1
8322.0 1
8339.0 1
8343.0 1
8368.0 1
8369.0 1
8402.0 1
8405.0 1
8416.0 1
8418.0 1
8427.0 1
8443.0 1
8458.0 1
8464.0 1
8469.0 1
8482.0 1
8490.0 1
8504.0 1
8505.0 1
8506.0 1
8518.0 1
8551.0 1
8579.0 1
8581.0 1
8590.0 1
8660.0 1
8674.0 2
8697.0 1
8705.0 1
8717.0 1
8742.0 1
8803.0 1
8812.0 1
8828.0 1
8865.0 1
8870.0 1
8877.0 1
8904.0 1
8938.0 1
8964.0 1
8970.0 1
8985.0 1
9007.0 1
9012.0 1
9031.0 1
9036.0 1
9050.0 2
9069.0 1
9071.0 1
9097.0 1
9100.0 1
9129.0 1
9141.0 1
9158.0 1
9167.0 1
9171.0 1
9190.0 1
9218.0 1
9220.0 1
9235.0 1
9282.0 1
9301.0 1
9331.0 1
9361.0 1
9390.0 1
9418.0 1
9443.0 1
9450.0 1
9497.0 1
9507.0 1
9515.0 1
9531.0 1
9538.0 1
9541.0 1
9542.0 1
9543.0 1
9550.0 1
9565.0 1
9602.0 1
9649.0 1
9676.0 1
9691.0 1
9739.0 1
9753.0 1
9778.0 1
9796.0 1
9829.0 1
9849.0 1
9854.0 1
9860.0 1
9862.0 1
9914.0 1
9978.0 1
9992.0 1
10012.0 1
10016.0 1
10029.0 1
10105.0 1
10130.0 1
10131.0 1
10133.0 1
10148.0 1
10171.0 1
10212.0 1
10227.0 1
10232.0 1
10240.0 1
10245.0 2
10265.0 1
10269.0 1
10337.0 2
10350.0 1
10352.0 1
10370.0 1
10400.0 2
10409.0 1
10417.0 1
10442.0 1
10480.0 1
10523.0 1
10530.0 1
10550.0 1
10578.0 1
10596.0 1
10606.0 1
10623.0 1
10625.0 1
10636.0 1
10638.0 1
10657.0 1
10660.0 1
10668.0 1
10706.0 1
10728.0 1
10747.0 1
10759.0 1
10781.0 1
10813.0 1
10831.0 1
10843.0 1
10850.0 1
10898.0 1
10901.0 1
10925.0 1
11001.0 1
11036.0 1
11074.0 1
11096.0 1
11100.0 1
11111.0 1
11118.0 1
11134.0 1
11145.0 1
11201.0 1
11228.0 1
11266.0 1
11348.0 1
11350.0 1
11388.0 1
11408.0 1
11413.0 2
11428.0 1
11449.0 1
11477.0 1
11524.0 2
11554.0 1
11582.0 1
11623.0 1
11663.0 1
11682.0 1
11687.0 1
11713.0 1
11743.0 1
11777.0 1
11803.0 1
11813.0 1
11888.0 1
11890.0 1
11912.0 1
11916.0 1
11922.0 1
11953.0 1
11973.0 1
11976.0 1
11983.0 1
12003.0 1
12009.0 1
12033.0 1
12056.0 1
12071.0 1
12093.0 1
12103.0 1
12170.0 1
12181.0 1
12246.0 1
12247.0 1
12299.0 1
12303.0 1
12310.0 1
12325.0 1
12329.0 1
12344.0 1
12386.0 1
12393.0 1
12432.0 1
12469.0 1
12529.0 1
12534.0 1
12548.0 1
12565.0 1
12590.0 1
12647.0 1
12669.0 1
12848.0 1
12849.0 1
12854.0 1
12864.0 1
12882.0 1
12899.0 1
12950.0 1
12954.0 1
12964.0 1
12971.0 1
13092.0 1
13197.0 1
13199.0 1
13210.0 1
13227.0 1
13255.0 1
13325.0 1
13406.0 1
13421.0 1
13451.0 1
13458.0 1
13499.0 1
13531.0 1
13545.0 1
13630.0 1
13644.0 1
13670.0 1
13677.0 1
13678.0 1
13694.0 1
13795.0 1
13808.0 1
13820.0 1
13982.0 1
13999.0 1
14006.0 1
14032.0 1
14127.0 1
14144.0 1
14157.0 1
14169.0 1
14260.0 1
14300.0 1
14308.0 1
14312.0 1
14314.0 1
14348.0 1
14444.0 1
14456.0 1
14585.0 1
14659.0 1
14684.0 1
14731.0 1
14781.0 1
14788.0 1
14830.0 1
14864.0 1
14969.0 1
15025.0 1
15028.0 1
15060.0 1
15062.0 1
15080.0 1
15097.0 1
15110.0 1
15156.0 1
15159.0 1
15274.0 1
15372.0 1
15470.0 1
15641.0 1
15699.0 1
15709.0 1
15792.0 1
15827.0 1
15870.0 1
15926.0 1
15943.0 1
15959.0 1
15984.0 1
15998.0 1
16015.0 1
16041.0 1
16278.0 1
16666.0 1
16700.0 1
16717.0 1
16731.0 1
16761.0 1
16774.0 1
16874.0 1
16915.0 1
16926.0 1
16981.0 1
17010.0 1
17107.0 1
17136.0 1
17182.0 1
17190.0 1
17208.0 1
17229.0 1
17297.0 1
17318.0 1
17339.0 1
17357.0 1
17387.0 1
17391.0 1
17477.0 1
17555.0 1
17734.0 1
17736.0 1
17834.0 1
17984.0 1
18070.0 1
18087.0 1
18155.0 1
18377.0 1
18379.0 1
18384.0 1
18409.0 1
18466.0 1
18510.0 1
18542.0 1
18665.0 1
18676.0 1
18729.0 2
18796.0 1
18917.0 1
18953.0 1
18977.0 1
19064.0 1
19186.0 1
19265.0 1
19275.0 1
19358.0 1
19486.0 1
19539.0 1
19553.0 1
19594.0 1
19689.0 1
19743.0 1
20031.0 1
20079.0 1
20164.0 1
20235.0 1
20319.0 1
20339.0 1
20695.0 1
20731.0 1
20784.0 1
20861.0 1
20938.0 1
20947.0 1
21042.0 1
21175.0 1
21242.0 1
21266.0 1
21314.0 1
21332.0 1
21335.0 1
21358.0 1
21385.0 1
21431.0 1
21442.0 1
21613.0 1
21640.0 1
21641.0 1
21730.0 1
21736.0 1
21891.0 1
21898.0 1
21969.0 1
22014.0 1
22015.0 1
22064.0 1
22177.0 1
22214.0 1
22257.0 1
22332.0 1
22459.0 1
22523.0 1
22530.0 1
22591.0 1
22904.0 1
23213.0 1
23280.0 1
23353.0 1
23495.0 1
23500.0 1
23703.0 1
23724.0 1
24125.0 1
24185.0 1
24312.0 1
24321.0 1
24339.0 1
24481.0 1
24645.0 1
24674.0 1
24746.0 1
24782.0 1
24871.0 1
25011.0 1
25041.0 1
25233.0 1
25304.0 1
25444.0 1
25983.0 1
26160.0 1
26195.0 1
26261.0 1
26466.0 1
26642.0 1
26737.0 1
26748.0 1
26871.0 1
26901.0 1
26917.0 1
27064.0 1
27071.0 1
27471.0 1
27529.0 1
27743.0 1
27752.0 1
28237.0 1
28535.0 1
28626.0 1
28719.0 1
28820.0 1
28911.0 1
28959.0 1
29180.0 1
29266.0 1
29408.0 1
29773.0 1
30061.0 1
30220.0 1
30408.0 1
30438.0 1
30459.0 1
30644.0 1
30737.0 1
30828.0 1
31008.0 1
31103.0 1
31149.0 1
31178.0 1
31402.0 1
31748.0 1
31785.0 1
31819.0 1
31873.0 1
31930.0 1
31975.0 1
32223.0 1
32649.0 1
32720.0 1
32767.0 1
32816.0 1
33458.0 1
33577.0 1
33614.0 1
33687.0 1
33737.0 1
33895.0 1
34032.0 1
34144.0 1
34260.0 1
34281.0 1
34384.0 1
34691.0 1
34966.0 1
35339.0 1
35643.0 1
35675.0 1
35756.0 1
35928.0 1
35961.0 1
36361.0 1
36510.0 1
36776.0 1
37002.0 1
37084.0 1
37154.0 1
37518.0 1
37602.0 1
37637.0 1
37905.0 1
37984.0 1
38335.0 1
38399.0 1
38541.0 1
39095.0 1
39687.0 1
39934.0 1
39942.0 1
40175.0 1
40219.0 1
40526.0 1
40641.0 1
40768.0 1
40772.0 1
41034.0 1
41149.0 1
41175.0 1
41250.0 1
41505.0 1
41507.0 1
41904.0 1
42150.0 1
42396.0 1
42448.0 1
42688.0 1
43069.0 1
43263.0 1
43368.0 1
43744.0 1
44105.0 1
44211.0 1
44684.0 1
44764.0 1
44768.0 1
45018.0 1
45125.0 1
45412.0 1
45661.0 1
45738.0 1
45751.0 1
45774.0 1
46235.0 1
46754.0 1
47472.0 1
48204.0 1
48642.0 1
49314.0 1
49711.0 1
49741.0 1
49890.0 1
51278.0 1
51989.0 1
52632.0 1
52889.0 1
52981.0 1
54409.0 1
54521.0 1
54775.0 1
54851.0 1
56771.0 1
57406.0 1
58358.0 1
60118.0 1
61993.0 1
62135.0 1
62145.0 1
65231.0 1
66541.0 1
67154.0 1
67469.0 1
69394.0 1
69662.0 1
70045.0 1
71583.0 1
72065.0 1
72097.0 1
72790.0 1
72914.0 1
73519.0 1
74156.0 1
75346.0 1
76891.0 1
77335.0 1
77458.0 1
78206.0 1
79139.0 1
79892.0 1
80942.0 1
80964.0 1
81511.0 1
83567.0 1
83857.0 1
86155.0 1
90649.0 1
90835.0 1
92707.0 1
92796.0 1
93808.0 1
94328.0 1
94394.0 1
95476.0 1
95861.0 1
96167.0 1
96526.0 1
97361.0 1
100687.0 1
101412.0 1
102290.0 1
107943.0 1
108858.0 1
110302.0 1
110362.0 1
110522.0 1
110818.0 1
111058.0 1
111915.0 1
112652.0 1
115239.0 1
115733.0 1
116355.0 1
116811.0 1
117536.0 1
118282.0 1
125347.0 1
126677.0 1
127352.0 1
128119.0 1
130213.0 1
132553.0 1
136381.0 1
136452.0 1
142114.0 1
142127.0 1
143515.0 1
151374.0 1
157130.0 1
159022.0 1
160334.0 1
161271.0 1
168440.0 1
170683.0 1
173353.0 1
183065.0 1
186319.0 1
198634.0 1
200127.0 1
203306.0 1
203646.0 1
206609.0 1
208473.0 1
224272.0 1
231513.0 1
231791.0 1
238485.0 1
244486.0 1
252039.0 1
252281.0 1
279858.0 1
286221.0 1
287643.0 1
298758.0 1
305219.0 1
320767.0 1
322265.0 1
333407.0 1
336235.0 1
338864.0 1
343234.0 1
361741.0 1
375658.0 1
380465.0 1
388797.0 1
420371.0 1
422833.0 1
428903.0 1
431646.0 1
441606.0 1
448250.0 1
455965.0 1
501639.0 1
520557.0 1
550014.0 1
557386.0 1
639237.0 1
690499.0 1
867270.0 1
925077.0 1
1025134.0 1
1032762.0 1
1147817.0 1
1187780.0 1
1303965.0 1
1489655.0 1
1590270.0 1
1636507.0 1
1986132.0 1
2146944.0 1
3085323.0 1
4223810.0 1
4331482.0 1
11571952.0 1
