1.0 8694756
2.0 5641848
3.0 3690272
4.0 2788655
5.0 1983564
6.0 1195289
7.0 796786
8.0 529210
9.0 401744
10.0 310144
11.0 239449
12.0 189637
13.0 150802
14.0 126216
15.0 104159
16.0 88171
17.0 71824
18.0 59376
19.0 50318
20.0 42953
21.0 37246
22.0 32165
23.0 28557
24.0 25508
25.0 22714
26.0 20264
27.0 18387
28.0 16687
29.0 15644
30.0 14431
31.0 13164
32.0 11778
33.0 10797
34.0 10108
35.0 9287
36.0 8652
37.0 7866
38.0 7340
39.0 6853
40.0 6352
41.0 6139
42.0 5721
43.0 5246
44.0 5271
45.0 4808
46.0 4418
47.0 4462
48.0 4025
49.0 3808
50.0 3601
51.0 3538
52.0 3168
53.0 3078
54.0 2820
55.0 2834
56.0 2765
57.0 2649
58.0 2568
59.0 2479
60.0 2351
61.0 2316
62.0 2343
63.0 2108
64.0 2021
65.0 2018
66.0 2031
67.0 1696
68.0 1698
69.0 1643
70.0 1572
71.0 1787
72.0 1543
73.0 1475
74.0 1474
75.0 1373
76.0 1240
77.0 1315
78.0 1255
79.0 1653
80.0 1658
81.0 1525
82.0 1420
83.0 1288
84.0 1320
85.0 1156
86.0 1212
87.0 1233
88.0 1041
89.0 1222
90.0 941
91.0 987
92.0 844
93.0 1149
94.0 870
95.0 811
96.0 809
97.0 774
98.0 711
99.0 711
100.0 681
101.0 682
102.0 614
103.0 600
104.0 602
105.0 628
106.0 649
107.0 564
108.0 586
109.0 540
110.0 561
111.0 539
112.0 483
113.0 503
114.0 460
115.0 473
116.0 486
117.0 485
118.0 466
119.0 411
120.0 489
121.0 445
122.0 441
123.0 353
124.0 368
125.0 420
126.0 458
127.0 398
128.0 441
129.0 373
130.0 366
131.0 366
132.0 428
133.0 366
134.0 330
135.0 358
136.0 320
137.0 340
138.0 314
139.0 292
140.0 252
141.0 276
142.0 276
143.0 267
144.0 262
145.0 283
146.0 261
147.0 296
148.0 245
149.0 262
150.0 241
151.0 237
152.0 246
153.0 247
154.0 245
155.0 247
156.0 226
157.0 229
158.0 202
159.0 220
160.0 202
161.0 188
162.0 209
163.0 221
164.0 198
165.0 220
166.0 195
167.0 194
168.0 204
169.0 192
170.0 205
171.0 170
172.0 186
173.0 189
174.0 196
175.0 157
176.0 204
177.0 201
178.0 197
179.0 174
180.0 175
181.0 176
182.0 201
183.0 181
184.0 166
185.0 157
186.0 162
187.0 180
188.0 148
189.0 150
190.0 159
191.0 148
192.0 127
193.0 118
194.0 142
195.0 181
196.0 130
197.0 140
198.0 142
199.0 140
200.0 141
201.0 131
202.0 135
203.0 132
204.0 138
205.0 155
206.0 151
207.0 129
208.0 110
209.0 106
210.0 111
211.0 97
212.0 110
213.0 136
214.0 138
215.0 95
216.0 127
217.0 120
218.0 152
219.0 152
220.0 130
221.0 131
222.0 101
223.0 107
224.0 92
225.0 105
226.0 109
227.0 101
228.0 109
229.0 95
230.0 102
231.0 79
232.0 94
233.0 102
234.0 82
235.0 87
236.0 85
237.0 88
238.0 86
239.0 82
240.0 72
241.0 81
242.0 95
243.0 90
244.0 69
245.0 87
246.0 88
247.0 105
248.0 88
249.0 86
250.0 92
251.0 75
252.0 112
253.0 94
254.0 80
255.0 77
256.0 67
257.0 127
258.0 67
259.0 70
260.0 83
261.0 85
262.0 70
263.0 78
264.0 71
265.0 66
266.0 68
267.0 78
268.0 69
269.0 76
270.0 66
271.0 65
272.0 58
273.0 58
274.0 62
275.0 61
276.0 85
277.0 70
278.0 68
279.0 52
280.0 80
281.0 66
282.0 56
283.0 66
284.0 59
285.0 63
286.0 60
287.0 67
288.0 51
289.0 65
290.0 89
291.0 52
292.0 53
293.0 50
294.0 52
295.0 63
296.0 49
297.0 47
298.0 54
299.0 57
300.0 56
301.0 53
302.0 53
303.0 45
304.0 50
305.0 47
306.0 50
307.0 52
308.0 56
309.0 32
310.0 46
311.0 55
312.0 119
313.0 52
314.0 59
315.0 69
316.0 54
317.0 62
318.0 70
319.0 56
320.0 57
321.0 59
322.0 50
323.0 50
324.0 49
325.0 47
326.0 51
327.0 58
328.0 54
329.0 55
330.0 60
331.0 49
332.0 57
333.0 62
334.0 41
335.0 42
336.0 64
337.0 42
338.0 38
339.0 39
340.0 45
341.0 60
342.0 35
343.0 35
344.0 26
345.0 43
346.0 46
347.0 36
348.0 41
349.0 45
350.0 40
351.0 51
352.0 30
353.0 41
354.0 40
355.0 38
356.0 40
357.0 42
358.0 31
359.0 44
360.0 35
361.0 50
362.0 49
363.0 30
364.0 34
365.0 40
366.0 37
367.0 46
368.0 42
369.0 37
370.0 36
371.0 28
372.0 38
373.0 49
374.0 37
375.0 36
376.0 34
377.0 48
378.0 37
379.0 38
380.0 27
381.0 42
382.0 34
383.0 42
384.0 39
385.0 33
386.0 22
387.0 39
388.0 34
389.0 22
390.0 24
391.0 30
392.0 34
393.0 18
394.0 25
395.0 39
396.0 34
397.0 30
398.0 46
399.0 16
400.0 30
401.0 32
402.0 21
403.0 42
404.0 31
405.0 26
406.0 24
407.0 25
408.0 29
409.0 28
410.0 38
411.0 24
412.0 30
413.0 34
414.0 29
415.0 23
416.0 21
417.0 20
418.0 35
419.0 32
420.0 49
421.0 43
422.0 38
423.0 56
424.0 43
425.0 36
426.0 36
427.0 34
428.0 26
429.0 23
430.0 33
431.0 25
432.0 26
433.0 26
434.0 38
435.0 24
436.0 30
437.0 21
438.0 29
439.0 29
440.0 28
441.0 20
442.0 30
443.0 32
444.0 25
445.0 34
446.0 28
447.0 85
448.0 32
449.0 15
450.0 29
451.0 25
452.0 22
453.0 24
454.0 29
455.0 31
456.0 25
457.0 32
458.0 112
459.0 31
460.0 24
461.0 28
462.0 23
463.0 22
464.0 17
465.0 27
466.0 24
467.0 19
468.0 23
469.0 27
470.0 27
471.0 16
472.0 15
473.0 23
474.0 25
475.0 27
476.0 19
477.0 39
478.0 52
479.0 50
480.0 51
481.0 28
482.0 28
483.0 28
484.0 27
485.0 129
486.0 183
487.0 19
488.0 20
489.0 18
490.0 12
491.0 23
492.0 20
493.0 15
494.0 23
495.0 19
496.0 21
497.0 20
498.0 20
499.0 17
500.0 25
501.0 17
502.0 22
503.0 20
504.0 25
505.0 14
506.0 22
507.0 18
508.0 18
509.0 16
510.0 22
511.0 30
512.0 92
513.0 70
514.0 33
515.0 19
516.0 15
517.0 20
518.0 16
519.0 16
520.0 22
521.0 17
522.0 14
523.0 16
524.0 22
525.0 17
526.0 10
527.0 12
528.0 23
529.0 20
530.0 16
531.0 17
532.0 7
533.0 12
534.0 11
535.0 11
536.0 17
537.0 23
538.0 14
539.0 19
540.0 22
541.0 17
542.0 10
543.0 11
544.0 18
545.0 16
546.0 23
547.0 19
548.0 22
549.0 16
550.0 18
551.0 11
552.0 25
553.0 19
554.0 18
555.0 22
556.0 16
557.0 15
558.0 12
559.0 14
560.0 20
561.0 14
562.0 18
563.0 12
564.0 9
565.0 22
566.0 23
567.0 14
568.0 21
569.0 17
570.0 14
571.0 14
572.0 21
573.0 23
574.0 19
575.0 10
576.0 14
577.0 17
578.0 18
579.0 11
580.0 16
581.0 13
582.0 16
583.0 15
584.0 11
585.0 12
586.0 13
587.0 10
588.0 14
589.0 11
590.0 9
591.0 10
592.0 17
593.0 8
594.0 7
595.0 17
596.0 6
597.0 20
598.0 9
599.0 17
600.0 10
601.0 13
602.0 11
603.0 5
604.0 17
605.0 15
606.0 13
607.0 12
608.0 11
609.0 15
610.0 12
611.0 14
612.0 6
613.0 16
614.0 10
615.0 12
616.0 13
617.0 15
618.0 19
619.0 12
620.0 9
621.0 12
622.0 13
623.0 16
624.0 13
625.0 11
626.0 12
627.0 13
628.0 7
629.0 9
630.0 14
631.0 10
632.0 8
633.0 13
634.0 7
635.0 16
636.0 16
637.0 11
638.0 10
639.0 9
640.0 13
641.0 11
642.0 8
643.0 10
644.0 12
645.0 9
646.0 9
647.0 8
648.0 8
649.0 20
650.0 13
651.0 11
652.0 8
653.0 14
654.0 10
655.0 8
656.0 5
657.0 11
658.0 6
659.0 19
660.0 13
661.0 10
662.0 14
663.0 15
664.0 8
665.0 10
666.0 13
667.0 9
668.0 10
669.0 15
670.0 7
671.0 7
672.0 10
673.0 13
674.0 12
675.0 7
676.0 8
677.0 12
678.0 13
679.0 10
680.0 8
681.0 8
682.0 9
683.0 13
684.0 13
685.0 15
686.0 7
687.0 7
688.0 4
689.0 9
690.0 9
691.0 10
692.0 7
693.0 6
694.0 16
695.0 13
696.0 6
697.0 7
698.0 7
699.0 16
700.0 9
701.0 12
702.0 10
703.0 12
704.0 4
705.0 10
706.0 10
707.0 10
708.0 10
709.0 3
710.0 12
711.0 9
712.0 8
713.0 8
714.0 8
715.0 13
716.0 12
717.0 7
718.0 7
719.0 7
720.0 5
721.0 9
722.0 5
723.0 7
724.0 9
725.0 5
726.0 7
727.0 9
728.0 9
729.0 11
730.0 7
731.0 9
732.0 8
733.0 7
734.0 6
735.0 9
736.0 4
737.0 11
738.0 4
739.0 14
740.0 6
741.0 6
742.0 11
743.0 12
744.0 9
745.0 12
746.0 11
747.0 7
748.0 11
749.0 7
750.0 9
751.0 11
752.0 8
753.0 4
754.0 8
755.0 7
756.0 8
757.0 8
758.0 7
759.0 3
760.0 7
761.0 6
762.0 11
763.0 7
764.0 8
765.0 7
766.0 7
767.0 6
768.0 8
769.0 4
770.0 10
771.0 11
772.0 10
773.0 9
774.0 10
775.0 9
776.0 8
777.0 11
778.0 9
779.0 13
780.0 7
781.0 6
782.0 7
783.0 8
784.0 10
785.0 7
786.0 7
787.0 11
788.0 8
789.0 5
790.0 10
791.0 9
792.0 12
793.0 11
794.0 8
795.0 8
796.0 5
797.0 5
798.0 3
799.0 5
800.0 10
801.0 9
802.0 7
803.0 6
804.0 4
805.0 7
806.0 8
807.0 6
808.0 9
809.0 10
810.0 4
811.0 8
812.0 10
813.0 6
814.0 4
815.0 7
816.0 8
817.0 2
818.0 3
819.0 5
820.0 10
821.0 9
822.0 12
823.0 7
824.0 7
825.0 11
826.0 7
827.0 2
828.0 8
829.0 8
830.0 6
831.0 3
832.0 4
833.0 8
834.0 6
835.0 9
836.0 3
837.0 3
838.0 6
839.0 4
840.0 1
841.0 8
842.0 8
843.0 6
844.0 6
845.0 10
846.0 6
847.0 10
848.0 13
849.0 13
850.0 10
851.0 11
852.0 8
853.0 11
854.0 6
855.0 6
856.0 8
857.0 8
858.0 8
859.0 8
860.0 8
861.0 8
862.0 10
863.0 32
864.0 29
865.0 16
866.0 19
867.0 12
868.0 16
869.0 11
870.0 11
871.0 9
872.0 7
873.0 11
874.0 6
875.0 7
876.0 8
877.0 8
878.0 5
879.0 3
880.0 3
881.0 8
882.0 8
883.0 7
884.0 3
885.0 2
886.0 7
887.0 4
888.0 4
889.0 6
890.0 4
891.0 4
892.0 6
893.0 4
894.0 7
895.0 6
896.0 2
897.0 5
898.0 4
899.0 5
900.0 4
901.0 3
902.0 2
903.0 10
904.0 3
905.0 6
906.0 1
907.0 4
908.0 4
909.0 5
910.0 5
911.0 4
912.0 4
913.0 10
914.0 4
915.0 9
916.0 4
917.0 4
918.0 3
919.0 5
920.0 8
921.0 3
922.0 8
923.0 8
924.0 6
925.0 6
926.0 4
927.0 4
928.0 8
929.0 1
930.0 3
931.0 4
932.0 1
934.0 4
935.0 5
936.0 2
937.0 3
938.0 4
939.0 7
940.0 2
941.0 7
943.0 3
944.0 3
945.0 6
946.0 2
947.0 4
948.0 4
949.0 1
950.0 7
951.0 4
952.0 9
953.0 1
955.0 6
956.0 9
957.0 3
958.0 2
959.0 5
960.0 3
961.0 7
962.0 4
963.0 2
964.0 8
965.0 6
966.0 3
967.0 7
968.0 4
969.0 7
970.0 4
971.0 4
972.0 6
973.0 7
974.0 7
975.0 2
976.0 2
977.0 2
978.0 3
979.0 6
980.0 6
981.0 2
982.0 4
983.0 5
984.0 7
985.0 4
986.0 5
987.0 7
988.0 5
989.0 4
990.0 6
991.0 9
992.0 4
993.0 2
994.0 4
995.0 2
996.0 4
997.0 7
998.0 7
999.0 3
1000.0 2
1001.0 2
1002.0 5
1003.0 6
1004.0 6
1005.0 5
1006.0 2
1007.0 6
1008.0 5
1009.0 7
1010.0 5
1011.0 3
1012.0 4
1013.0 4
1014.0 12
1015.0 4
1016.0 4
1017.0 3
1018.0 1
1019.0 5
1020.0 2
1021.0 2
1022.0 3
1023.0 2
1024.0 7
1025.0 8
1026.0 2
1027.0 9
1028.0 4
1029.0 1
1030.0 3
1031.0 1
1032.0 3
1033.0 3
1034.0 9
1035.0 5
1036.0 4
1037.0 6
1038.0 3
1039.0 2
1040.0 2
1041.0 9
1042.0 5
1043.0 6
1044.0 2
1045.0 6
1046.0 3
1047.0 4
1048.0 4
1049.0 7
1050.0 2
1051.0 5
1052.0 3
1053.0 11
1054.0 4
1055.0 3
1056.0 2
1057.0 2
1058.0 3
1059.0 7
1060.0 8
1061.0 3
1062.0 1
1063.0 5
1064.0 1
1065.0 4
1066.0 1
1067.0 3
1068.0 4
1069.0 4
1071.0 2
1072.0 5
1073.0 3
1074.0 4
1075.0 2
1076.0 7
1077.0 3
1078.0 3
1079.0 4
1080.0 1
1081.0 2
1082.0 2
1083.0 4
1085.0 2
1086.0 4
1087.0 3
1088.0 7
1089.0 2
1090.0 8
1091.0 5
1092.0 3
1093.0 4
1094.0 2
1095.0 6
1096.0 2
1097.0 4
1098.0 3
1099.0 3
1100.0 6
1101.0 5
1102.0 4
1103.0 5
1104.0 6
1105.0 1
1106.0 1
1107.0 6
1108.0 3
1109.0 3
1110.0 3
1111.0 3
1112.0 1
1113.0 5
1114.0 4
1116.0 2
1117.0 4
1118.0 5
1119.0 3
1121.0 2
1122.0 5
1123.0 4
1124.0 4
1125.0 1
1126.0 1
1127.0 2
1128.0 5
1129.0 7
1130.0 2
1131.0 4
1132.0 5
1133.0 4
1134.0 4
1135.0 5
1136.0 1
1137.0 2
1138.0 1
1139.0 3
1140.0 28
1141.0 45
1142.0 1
1143.0 3
1145.0 5
1146.0 2
1147.0 2
1148.0 4
1149.0 7
1150.0 4
1151.0 5
1152.0 6
1153.0 3
1154.0 3
1155.0 3
1156.0 3
1157.0 3
1158.0 5
1159.0 7
1160.0 3
1161.0 3
1164.0 1
1165.0 3
1166.0 3
1167.0 3
1168.0 3
1169.0 3
1170.0 5
1171.0 2
1172.0 3
1173.0 3
1174.0 2
1176.0 7
1177.0 1
1178.0 4
1179.0 5
1180.0 1
1181.0 3
1182.0 2
1183.0 4
1185.0 3
1186.0 2
1187.0 2
1188.0 4
1189.0 4
1190.0 3
1191.0 2
1192.0 3
1194.0 2
1195.0 4
1196.0 6
1197.0 2
1199.0 2
1200.0 2
1201.0 2
1202.0 1
1203.0 2
1204.0 1
1205.0 3
1206.0 2
1207.0 3
1208.0 3
1209.0 8
1210.0 1
1211.0 4
1212.0 4
1213.0 3
1214.0 4
1215.0 5
1217.0 1
1218.0 2
1219.0 5
1220.0 2
1222.0 2
1223.0 5
1224.0 3
1225.0 3
1226.0 5
1227.0 1
1228.0 3
1229.0 2
1230.0 3
1231.0 3
1232.0 1
1233.0 7
1236.0 1
1237.0 5
1238.0 4
1240.0 3
1241.0 7
1242.0 1
1243.0 2
1245.0 1
1246.0 1
1247.0 5
1248.0 3
1249.0 2
1250.0 5
1251.0 1
1253.0 3
1254.0 3
1255.0 2
1256.0 1
1257.0 2
1259.0 3
1260.0 4
1261.0 1
1262.0 1
1263.0 3
1264.0 2
1266.0 5
1267.0 2
1268.0 1
1269.0 4
1270.0 6
1271.0 5
1272.0 4
1273.0 2
1274.0 1
1275.0 1
1276.0 1
1278.0 2
1279.0 1
1280.0 3
1281.0 2
1282.0 4
1283.0 7
1284.0 2
1285.0 3
1286.0 1
1287.0 1
1288.0 1
1289.0 4
1290.0 1
1292.0 5
1293.0 6
1294.0 4
1295.0 186
1296.0 3
1297.0 1
1298.0 2
1299.0 2
1300.0 2
1301.0 2
1302.0 4
1303.0 4
1305.0 4
1306.0 2
1307.0 1
1308.0 2
1309.0 2
1310.0 3
1311.0 1
1312.0 1
1313.0 2
1314.0 3
1315.0 2
1316.0 2
1317.0 1
1318.0 3
1319.0 3
1320.0 4
1321.0 4
1323.0 3
1324.0 5
1326.0 3
1328.0 5
1329.0 3
1330.0 1
1331.0 2
1332.0 5
1333.0 1
1335.0 4
1336.0 4
1337.0 2
1338.0 3
1339.0 1
1340.0 5
1341.0 3
1343.0 3
1344.0 3
1346.0 2
1347.0 3
1348.0 3
1349.0 4
1350.0 1
1353.0 2
1354.0 2
1355.0 2
1356.0 2
1357.0 6
1358.0 2
1359.0 1
1361.0 2
1362.0 5
1363.0 2
1365.0 2
1366.0 1
1367.0 1
1368.0 1
1369.0 4
1370.0 1
1371.0 2
1372.0 2
1373.0 2
1374.0 1
1375.0 2
1376.0 3
1378.0 2
1379.0 2
1380.0 3
1381.0 3
1382.0 1
1383.0 1
1384.0 2
1385.0 3
1386.0 5
1388.0 1
1389.0 2
1390.0 3
1392.0 1
1393.0 1
1394.0 1
1395.0 1
1396.0 2
1397.0 5
1398.0 4
1399.0 3
1400.0 1
1401.0 1
1402.0 2
1403.0 3
1404.0 2
1405.0 1
1406.0 5
1407.0 3
1408.0 4
1409.0 2
1411.0 4
1412.0 3
1413.0 1
1414.0 2
1415.0 1
1416.0 31
1417.0 21
1418.0 164
1419.0 105
1420.0 83
1421.0 16
1422.0 25
1423.0 4
1424.0 2
1426.0 2
1427.0 1
1428.0 3
1429.0 3
1431.0 2
1432.0 1
1433.0 4
1434.0 3
1435.0 3
1436.0 2
1438.0 2
1439.0 3
1440.0 2
1441.0 3
1442.0 1
1443.0 2
1444.0 3
1445.0 3
1446.0 4
1447.0 1
1448.0 5
1449.0 4
1450.0 2
1451.0 3
1452.0 1
1454.0 3
1456.0 6
1457.0 3
1458.0 8
1459.0 4
1460.0 2
1461.0 2
1462.0 2
1463.0 4
1464.0 4
1465.0 1
1466.0 1
1467.0 2
1468.0 4
1469.0 4
1470.0 2
1471.0 1
1472.0 1
1473.0 2
1474.0 1
1475.0 2
1476.0 1
1477.0 3
1478.0 7
1480.0 3
1481.0 3
1482.0 1
1483.0 2
1484.0 5
1485.0 2
1486.0 4
1489.0 2
1490.0 4
1491.0 1
1492.0 5
1494.0 4
1495.0 3
1496.0 1
1498.0 1
1499.0 3
1500.0 2
1501.0 3
1502.0 2
1504.0 3
1505.0 1
1506.0 4
1507.0 1
1508.0 3
1511.0 3
1513.0 2
1514.0 3
1515.0 3
1516.0 1
1518.0 2
1519.0 1
1521.0 2
1522.0 2
1523.0 1
1524.0 4
1525.0 1
1526.0 2
1528.0 1
1529.0 2
1530.0 2
1531.0 4
1532.0 1
1534.0 2
1535.0 1
1537.0 1
1538.0 1
1539.0 2
1540.0 2
1541.0 1
1542.0 2
1543.0 2
1544.0 1
1545.0 2
1546.0 1
1547.0 3
1548.0 1
1549.0 3
1550.0 5
1551.0 1
1552.0 3
1553.0 2
1554.0 1
1556.0 2
1557.0 2
1558.0 3
1560.0 1
1561.0 2
1562.0 4
1564.0 2
1565.0 2
1568.0 3
1569.0 2
1570.0 2
1571.0 2
1572.0 3
1574.0 3
1575.0 5
1576.0 3
1577.0 2
1578.0 1
1579.0 2
1581.0 2
1582.0 1
1584.0 3
1585.0 2
1587.0 1
1588.0 1
1589.0 6
1590.0 1
1594.0 3
1596.0 1
1598.0 1
1599.0 4
1600.0 3
1601.0 2
1602.0 2
1603.0 1
1604.0 2
1606.0 1
1607.0 2
1609.0 1
1610.0 1
1611.0 1
1612.0 2
1613.0 2
1614.0 2
1615.0 1
1616.0 1
1617.0 1
1618.0 2
1619.0 2
1620.0 2
1621.0 1
1622.0 2
1623.0 2
1624.0 1
1625.0 3
1626.0 1
1627.0 3
1628.0 1
1629.0 1
1630.0 4
1631.0 3
1632.0 1
1633.0 2
1634.0 3
1635.0 1
1636.0 1
1637.0 1
1638.0 2
1640.0 1
1641.0 2
1642.0 2
1643.0 1
1644.0 1
1646.0 1
1647.0 3
1648.0 2
1649.0 1
1650.0 1
1651.0 1
1652.0 1
1653.0 1
1654.0 1
1655.0 1
1656.0 1
1658.0 1
1659.0 2
1660.0 2
1661.0 2
1662.0 2
1664.0 1
1667.0 1
1670.0 1
1671.0 1
1673.0 3
1674.0 1
1675.0 1
1677.0 1
1678.0 2
1679.0 5
1681.0 1
1682.0 3
1683.0 2
1684.0 1
1685.0 1
1687.0 1
1688.0 1
1689.0 2
1690.0 2
1691.0 1
1692.0 1
1693.0 3
1695.0 2
1696.0 1
1697.0 2
1699.0 1
1702.0 2
1703.0 1
1704.0 2
1705.0 1
1706.0 3
1707.0 1
1708.0 1
1709.0 1
1710.0 1
1711.0 1
1712.0 2
1713.0 1
1714.0 2
1715.0 3
1716.0 2
1717.0 1
1718.0 1
1719.0 2
1720.0 1
1721.0 2
1723.0 2
1724.0 3
1726.0 2
1727.0 3
1729.0 3
1730.0 2
1732.0 1
1733.0 2
1734.0 2
1735.0 1
1737.0 1
1740.0 2
1742.0 2
1743.0 1
1745.0 4
1746.0 1
1747.0 2
1748.0 2
1749.0 1
1750.0 1
1751.0 1
1752.0 1
1753.0 2
1754.0 1
1755.0 1
1757.0 1
1760.0 2
1761.0 1
1763.0 1
1764.0 3
1765.0 1
1768.0 1
1769.0 2
1770.0 2
1771.0 1
1773.0 1
1774.0 1
1776.0 1
1777.0 1
1778.0 1
1780.0 1
1781.0 3
1782.0 1
1783.0 1
1784.0 2
1785.0 1
1786.0 1
1787.0 2
1788.0 2
1789.0 1
1790.0 2
1791.0 2
1792.0 1
1793.0 1
1794.0 1
1795.0 1
1796.0 5
1797.0 1
1799.0 1
1800.0 2
1803.0 1
1805.0 1
1806.0 1
1807.0 2
1809.0 1
1810.0 1
1811.0 1
1812.0 1
1814.0 2
1815.0 3
1816.0 1
1818.0 3
1820.0 2
1822.0 2
1823.0 1
1824.0 3
1825.0 2
1826.0 1
1827.0 2
1828.0 1
1829.0 1
1830.0 2
1831.0 1
1832.0 5
1834.0 2
1835.0 2
1836.0 1
1837.0 4
1839.0 1
1840.0 1
1841.0 1
1842.0 2
1843.0 2
1844.0 1
1846.0 1
1847.0 2
1853.0 1
1855.0 2
1856.0 1
1857.0 2
1858.0 1
1859.0 2
1860.0 3
1862.0 1
1863.0 1
1865.0 1
1866.0 1
1869.0 1
1870.0 2
1871.0 3
1873.0 1
1874.0 2
1875.0 1
1876.0 2
1877.0 1
1879.0 2
1880.0 1
1883.0 1
1884.0 2
1886.0 2
1889.0 1
1890.0 1
1892.0 1
1893.0 3
1894.0 2
1895.0 1
1897.0 1
1899.0 1
1902.0 1
1904.0 2
1905.0 2
1906.0 2
1907.0 3
1908.0 2
1909.0 1
1910.0 1
1911.0 2
1912.0 1
1913.0 3
1914.0 1
1915.0 1
1916.0 1
1917.0 4
1918.0 1
1919.0 1
1920.0 2
1921.0 4
1923.0 2
1925.0 1
1926.0 1
1927.0 3
1929.0 1
1931.0 1
1933.0 2
1935.0 1
1936.0 1
1937.0 1
1941.0 1
1942.0 1
1943.0 1
1948.0 1
1951.0 1
1952.0 1
1954.0 1
1956.0 1
1957.0 1
1958.0 1
1962.0 2
1964.0 1
1965.0 1
1966.0 2
1968.0 4
1970.0 1
1971.0 1
1972.0 3
1973.0 1
1974.0 2
1979.0 1
1980.0 1
1983.0 1
1984.0 1
1985.0 2
1986.0 1
1990.0 1
1991.0 2
1992.0 1
1995.0 1
1996.0 2
1997.0 1
1998.0 1
1999.0 2
2000.0 1
2002.0 1
2003.0 1
2005.0 2
2007.0 2
2009.0 1
2010.0 1
2011.0 1
2013.0 1
2014.0 1
2016.0 3
2018.0 1
2019.0 2
2020.0 3
2022.0 2
2023.0 2
2025.0 2
2026.0 1
2027.0 1
2028.0 1
2029.0 1
2030.0 1
2033.0 3
2035.0 1
2037.0 1
2038.0 1
2040.0 3
2041.0 1
2042.0 4
2043.0 1
2044.0 1
2045.0 1
2046.0 1
2047.0 2
2051.0 1
2053.0 1
2055.0 1
2058.0 1
2060.0 1
2062.0 2
2064.0 2
2065.0 1
2066.0 3
2069.0 4
2072.0 1
2073.0 1
2076.0 1
2077.0 1
2078.0 1
2079.0 2
2081.0 1
2084.0 2
2085.0 1
2086.0 1
2087.0 2
2088.0 2
2090.0 1
2091.0 2
2092.0 2
2093.0 1
2095.0 3
2096.0 2
2097.0 2
2098.0 1
2100.0 1
2101.0 1
2103.0 1
2104.0 1
2105.0 3
2106.0 3
2107.0 1
2108.0 2
2110.0 1
2111.0 2
2112.0 1
2116.0 1
2117.0 2
2118.0 1
2119.0 1
2121.0 1
2122.0 3
2124.0 5
2126.0 2
2127.0 1
2129.0 1
2130.0 1
2132.0 1
2134.0 2
2135.0 1
2137.0 2
2138.0 2
2140.0 2
2141.0 1
2142.0 1
2143.0 1
2148.0 1
2149.0 1
2150.0 2
2153.0 2
2154.0 2
2155.0 3
2157.0 2
2158.0 3
2159.0 1
2160.0 3
2161.0 2
2162.0 2
2165.0 1
2166.0 3
2170.0 4
2171.0 1
2173.0 1
2174.0 2
2175.0 2
2177.0 1
2179.0 1
2181.0 1
2186.0 4
2187.0 1
2188.0 1
2190.0 1
2191.0 1
2193.0 1
2196.0 1
2197.0 2
2198.0 1
2199.0 1
2200.0 3
2201.0 3
2202.0 2
2203.0 2
2204.0 1
2205.0 2
2206.0 2
2208.0 1
2209.0 2
2210.0 2
2211.0 2
2212.0 1
2215.0 1
2216.0 1
2217.0 4
2218.0 2
2219.0 1
2221.0 1
2222.0 3
2224.0 1
2227.0 2
2231.0 3
2232.0 2
2233.0 1
2235.0 2
2236.0 1
2237.0 2
2242.0 1
2243.0 2
2244.0 2
2245.0 1
2250.0 2
2252.0 1
2253.0 1
2255.0 1
2256.0 2
2258.0 1
2259.0 1
2261.0 2
2262.0 1
2263.0 2
2265.0 2
2266.0 1
2269.0 1
2273.0 1
2278.0 2
2280.0 1
2282.0 1
2283.0 1
2284.0 2
2285.0 1
2286.0 2
2287.0 1
2288.0 1
2289.0 1
2291.0 1
2292.0 2
2296.0 1
2297.0 1
2299.0 2
2300.0 1
2301.0 1
2303.0 2
2306.0 2
2307.0 2
2308.0 1
2309.0 1
2310.0 3
2311.0 3
2313.0 1
2317.0 1
2318.0 1
2325.0 1
2326.0 2
2327.0 1
2328.0 1
2331.0 1
2334.0 1
2336.0 1
2337.0 1
2338.0 1
2339.0 1
2340.0 2
2342.0 1
2343.0 1
2347.0 1
2348.0 1
2351.0 2
2353.0 2
2357.0 1
2358.0 2
2362.0 1
2364.0 1
2366.0 1
2368.0 1
2370.0 1
2371.0 2
2374.0 1
2375.0 1
2376.0 2
2377.0 2
2378.0 2
2379.0 1
2382.0 1
2383.0 1
2384.0 1
2385.0 1
2386.0 2
2387.0 1
2389.0 2
2391.0 3
2392.0 2
2394.0 1
2398.0 1
2399.0 1
2403.0 1
2405.0 1
2406.0 1
2408.0 1
2409.0 1
2410.0 1
2411.0 1
2414.0 1
2419.0 1
2422.0 1
2426.0 1
2427.0 2
2429.0 2
2432.0 1
2434.0 1
2435.0 2
2437.0 1
2439.0 2
2440.0 1
2444.0 1
2447.0 1
2450.0 1
2451.0 3
2452.0 2
2455.0 2
2457.0 1
2458.0 2
2460.0 1
2464.0 1
2468.0 1
2469.0 1
2471.0 1
2477.0 1
2480.0 1
2482.0 1
2483.0 2
2486.0 1
2487.0 1
2488.0 2
2489.0 1
2492.0 1
2494.0 1
2495.0 2
2496.0 2
2497.0 1
2499.0 1
2503.0 1
2505.0 1
2506.0 2
2509.0 1
2510.0 2
2511.0 1
2512.0 1
2515.0 3
2516.0 1
2519.0 1
2521.0 2
2523.0 1
2524.0 1
2527.0 1
2529.0 1
2530.0 1
2531.0 1
2532.0 1
2535.0 1
2540.0 1
2541.0 1
2546.0 1
2547.0 1
2554.0 1
2558.0 1
2559.0 1
2561.0 2
2572.0 1
2575.0 1
2576.0 1
2577.0 1
2579.0 1
2580.0 1
2581.0 1
2584.0 1
2587.0 1
2594.0 2
2597.0 1
2598.0 1
2600.0 1
2601.0 1
2603.0 1
2606.0 1
2607.0 1
2608.0 1
2609.0 1
2612.0 2
2614.0 1
2617.0 1
2619.0 1
2620.0 2
2621.0 1
2623.0 1
2625.0 1
2626.0 1
2629.0 1
2631.0 3
2636.0 1
2637.0 1
2638.0 1
2645.0 1
2646.0 1
2649.0 2
2650.0 3
2651.0 1
2654.0 2
2656.0 1
2657.0 1
2662.0 1
2667.0 3
2668.0 2
2670.0 1
2671.0 1
2674.0 1
2675.0 1
2679.0 1
2680.0 1
2681.0 2
2683.0 1
2689.0 1
2690.0 1
2692.0 1
2700.0 1
2701.0 1
2704.0 1
2705.0 1
2707.0 1
2712.0 1
2716.0 2
2717.0 1
2718.0 1
2719.0 1
2724.0 1
2726.0 1
2728.0 1
2730.0 1
2732.0 1
2734.0 1
2735.0 1
2738.0 2
2739.0 1
2745.0 1
2747.0 1
2748.0 2
2749.0 1
2750.0 1
2752.0 2
2754.0 2
2755.0 1
2756.0 1
2758.0 2
2760.0 1
2766.0 1
2767.0 2
2770.0 1
2772.0 1
2773.0 1
2775.0 1
2780.0 1
2790.0 1
2792.0 2
2793.0 1
2802.0 1
2804.0 1
2805.0 1
2808.0 1
2809.0 1
2811.0 1
2815.0 2
2817.0 1
2819.0 2
2821.0 1
2822.0 2
2824.0 2
2825.0 3
2829.0 1
2830.0 1
2835.0 1
2836.0 1
2837.0 1
2838.0 2
2839.0 1
2844.0 1
2845.0 1
2846.0 1
2847.0 1
2849.0 1
2853.0 2
2858.0 1
2860.0 1
2862.0 2
2869.0 1
2871.0 2
2872.0 1
2876.0 1
2877.0 1
2878.0 1
2881.0 1
2882.0 1
2884.0 1
2885.0 1
2888.0 1
2890.0 1
2891.0 1
2893.0 1
2897.0 1
2898.0 1
2900.0 1
2902.0 1
2903.0 1
2907.0 1
2910.0 1
2911.0 1
2912.0 2
2914.0 1
2920.0 1
2924.0 1
2926.0 1
2929.0 1
2933.0 1
2934.0 1
2937.0 1
2938.0 1
2941.0 1
2945.0 2
2946.0 1
2947.0 1
2949.0 1
2952.0 2
2953.0 1
2954.0 2
2956.0 1
2960.0 1
2961.0 2
2962.0 2
2968.0 1
2970.0 1
2975.0 1
2976.0 1
2979.0 3
2982.0 1
2986.0 1
2987.0 1
2988.0 1
2991.0 1
2997.0 2
2999.0 1
3001.0 3
3002.0 1
3007.0 1
3008.0 1
3012.0 2
3014.0 2
3021.0 1
3022.0 1
3023.0 2
3024.0 2
3025.0 1
3031.0 1
3033.0 1
3036.0 1
3039.0 1
3040.0 1
3041.0 1
3051.0 1
3052.0 1
3061.0 1
3062.0 1
3064.0 1
3065.0 2
3066.0 2
3067.0 2
3071.0 1
3073.0 1
3076.0 1
3077.0 1
3079.0 2
3081.0 1
3084.0 1
3085.0 2
3087.0 1
3088.0 1
3089.0 1
3092.0 1
3093.0 4
3095.0 1
3103.0 1
3108.0 1
3109.0 1
3111.0 1
3116.0 1
3117.0 1
3122.0 3
3123.0 1
3126.0 1
3130.0 1
3131.0 1
3141.0 1
3146.0 1
3147.0 1
3150.0 1
3156.0 1
3157.0 1
3160.0 2
3161.0 1
3163.0 1
3164.0 1
3165.0 2
3169.0 2
3170.0 1
3171.0 1
3172.0 1
3173.0 1
3179.0 1
3181.0 1
3184.0 1
3189.0 1
3190.0 1
3192.0 1
3194.0 1
3198.0 1
3205.0 2
3206.0 1
3210.0 1
3213.0 1
3214.0 2
3215.0 2
3216.0 1
3224.0 2
3230.0 2
3233.0 1
3236.0 2
3243.0 1
3250.0 2
3251.0 1
3263.0 1
3266.0 1
3267.0 1
3268.0 1
3270.0 1
3276.0 1
3281.0 1
3282.0 1
3283.0 1
3284.0 1
3287.0 1
3288.0 1
3290.0 1
3300.0 1
3305.0 1
3306.0 1
3307.0 1
3308.0 1
3311.0 1
3314.0 1
3319.0 2
3321.0 2
3324.0 1
3326.0 1
3329.0 1
3332.0 1
3333.0 1
3336.0 1
3337.0 1
3345.0 1
3351.0 1
3360.0 1
3369.0 1
3375.0 2
3376.0 2
3377.0 2
3385.0 1
3387.0 1
3390.0 2
3391.0 2
3392.0 1
3393.0 1
3395.0 2
3399.0 1
3403.0 1
3404.0 1
3408.0 1
3409.0 1
3410.0 1
3415.0 1
3425.0 1
3428.0 1
3433.0 1
3435.0 2
3437.0 1
3443.0 1
3447.0 1
3453.0 1
3455.0 1
3460.0 1
3461.0 1
3464.0 1
3466.0 1
3472.0 1
3473.0 2
3475.0 2
3482.0 1
3484.0 1
3485.0 1
3486.0 2
3488.0 1
3490.0 1
3492.0 2
3495.0 2
3496.0 1
3498.0 1
3499.0 1
3500.0 1
3503.0 1
3507.0 1
3515.0 1
3517.0 1
3518.0 1
3519.0 1
3520.0 1
3522.0 1
3525.0 1
3527.0 1
3529.0 3
3541.0 1
3544.0 1
3553.0 1
3554.0 1
3557.0 1
3558.0 1
3565.0 1
3569.0 1
3571.0 1
3572.0 2
3573.0 1
3577.0 1
3582.0 1
3583.0 1
3588.0 1
3591.0 2
3593.0 1
3594.0 1
3595.0 1
3599.0 1
3603.0 1
3606.0 1
3609.0 1
3610.0 1
3615.0 2
3617.0 1
3621.0 1
3622.0 1
3627.0 1
3629.0 1
3635.0 1
3640.0 1
3645.0 1
3646.0 3
3647.0 1
3650.0 1
3653.0 2
3659.0 1
3665.0 1
3670.0 1
3673.0 1
3680.0 1
3694.0 1
3697.0 2
3699.0 1
3700.0 1
3701.0 2
3706.0 2
3709.0 1
3713.0 1
3714.0 1
3718.0 1
3727.0 1
3731.0 1
3732.0 1
3737.0 1
3739.0 1
3745.0 1
3751.0 2
3753.0 1
3759.0 1
3762.0 1
3763.0 1
3769.0 1
3775.0 1
3776.0 1
3782.0 1
3784.0 1
3795.0 1
3797.0 1
3812.0 1
3818.0 1
3822.0 1
3824.0 1
3825.0 1
3831.0 1
3833.0 1
3844.0 1
3845.0 2
3850.0 1
3852.0 2
3858.0 1
3866.0 1
3883.0 1
3886.0 1
3887.0 1
3890.0 1
3892.0 1
3897.0 1
3898.0 1
3901.0 1
3902.0 1
3906.0 1
3909.0 1
3912.0 1
3913.0 1
3919.0 1
3924.0 1
3928.0 1
3935.0 1
3937.0 1
3942.0 1
3944.0 1
3946.0 1
3953.0 1
3956.0 1
3969.0 1
3970.0 1
3977.0 1
3978.0 1
3981.0 1
3983.0 1
3984.0 1
3987.0 1
3990.0 1
3997.0 1
4001.0 1
4009.0 1
4010.0 1
4012.0 2
4033.0 1
4037.0 1
4039.0 1
4040.0 1
4046.0 2
4050.0 1
4054.0 1
4056.0 1
4059.0 1
4066.0 1
4067.0 1
4075.0 1
4079.0 2
4081.0 1
4091.0 1
4095.0 2
4096.0 2
4102.0 1
4104.0 1
4106.0 1
4108.0 2
4121.0 2
4125.0 2
4126.0 1
4127.0 1
4131.0 1
4140.0 1
4144.0 1
4150.0 1
4152.0 1
4160.0 1
4161.0 1
4166.0 1
4168.0 2
4169.0 4
4170.0 1
4177.0 1
4184.0 1
4185.0 1
4198.0 1
4201.0 1
4208.0 1
4215.0 1
4217.0 2
4221.0 1
4223.0 1
4224.0 1
4225.0 1
4231.0 1
4236.0 1
4237.0 2
4244.0 1
4245.0 1
4254.0 1
4255.0 2
4262.0 1
4263.0 2
4266.0 2
4267.0 1
4271.0 1
4279.0 1
4280.0 1
4282.0 1
4285.0 1
4291.0 1
4292.0 1
4298.0 1
4299.0 1
4303.0 1
4310.0 1
4312.0 1
4325.0 1
4329.0 1
4330.0 1
4340.0 1
4342.0 1
4344.0 1
4372.0 1
4374.0 1
4375.0 1
4388.0 2
4395.0 1
4400.0 1
4402.0 1
4410.0 1
4412.0 2
4426.0 1
4434.0 1
4440.0 1
4443.0 1
4448.0 1
4452.0 1
4459.0 1
4470.0 1
4474.0 1
4494.0 1
4495.0 1
4500.0 1
4504.0 1
4506.0 1
4508.0 1
4510.0 1
4511.0 1
4513.0 1
4522.0 1
4528.0 1
4532.0 1
4545.0 1
4552.0 1
4554.0 1
4559.0 1
4560.0 1
4561.0 1
4569.0 1
4573.0 1
4580.0 1
4582.0 1
4587.0 1
4590.0 1
4591.0 1
4596.0 1
4599.0 1
4601.0 1
4617.0 1
4621.0 1
4630.0 1
4634.0 1
4639.0 1
4646.0 2
4647.0 1
4664.0 1
4672.0 1
4688.0 1
4696.0 1
4704.0 1
4707.0 1
4749.0 1
4750.0 1
4758.0 1
4763.0 1
4766.0 1
4773.0 1
4774.0 1
4781.0 1
4791.0 1
4808.0 1
4810.0 1
4814.0 1
4823.0 1
4832.0 1
4834.0 1
4849.0 1
4851.0 1
4864.0 1
4865.0 1
4874.0 1
4877.0 1
4878.0 1
4881.0 3
4882.0 1
4896.0 2
4901.0 1
4902.0 1
4904.0 1
4906.0 1
4909.0 1
4913.0 1
4922.0 1
4923.0 1
4927.0 1
4932.0 1
4942.0 1
4946.0 1
4959.0 1
4962.0 1
4963.0 1
4973.0 2
4978.0 1
4988.0 1
4999.0 1
5000.0 1
5006.0 1
5007.0 1
5011.0 1
5014.0 1
5043.0 1
5044.0 1
5056.0 1
5061.0 1
5063.0 1
5076.0 1
5085.0 1
5092.0 1
5097.0 1
5099.0 1
5107.0 1
5119.0 1
5144.0 1
5150.0 1
5151.0 1
5152.0 1
5155.0 1
5167.0 1
5172.0 1
5173.0 1
5176.0 1
5178.0 1
5181.0 1
5182.0 1
5185.0 1
5205.0 1
5213.0 1
5215.0 1
5218.0 1
5226.0 1
5232.0 2
5234.0 1
5256.0 1
5266.0 1
5271.0 1
5272.0 1
5273.0 1
5274.0 1
5285.0 1
5300.0 1
5302.0 1
5314.0 1
5325.0 2
5333.0 1
5342.0 1
5355.0 1
5356.0 1
5378.0 1
5386.0 1
5414.0 1
5420.0 1
5431.0 1
5438.0 1
5442.0 1
5446.0 1
5449.0 1
5454.0 1
5481.0 1
5484.0 1
5500.0 1
5503.0 1
5512.0 1
5514.0 1
5529.0 1
5539.0 1
5540.0 1
5545.0 1
5552.0 1
5556.0 1
5558.0 1
5559.0 1
5563.0 1
5581.0 1
5587.0 1
5595.0 1
5626.0 1
5632.0 1
5636.0 1
5637.0 2
5648.0 1
5649.0 1
5651.0 1
5662.0 1
5671.0 1
5674.0 1
5697.0 1
5699.0 1
5704.0 1
5706.0 1
5715.0 1
5717.0 1
5728.0 1
5773.0 1
5778.0 1
5781.0 1
5783.0 1
5789.0 1
5790.0 1
5791.0 1
5799.0 1
5800.0 1
5805.0 1
5806.0 1
5811.0 1
5814.0 1
5816.0 1
5817.0 1
5822.0 1
5846.0 2
5848.0 1
5864.0 1
5865.0 1
5882.0 1
5886.0 1
5891.0 2
5905.0 1
5906.0 2
5917.0 1
5920.0 1
5931.0 1
5934.0 1
5941.0 2
5942.0 1
5945.0 1
5950.0 1
5954.0 1
5961.0 1
5965.0 1
5997.0 1
6006.0 1
6012.0 1
6018.0 1
6024.0 2
6037.0 1
6050.0 2
6057.0 1
6083.0 1
6090.0 2
6098.0 1
6101.0 1
6110.0 1
6113.0 2
6115.0 1
6116.0 1
6121.0 1
6124.0 1
6139.0 1
6168.0 1
6173.0 1
6184.0 1
6197.0 1
6219.0 1
6223.0 1
6229.0 1
6238.0 1
6252.0 1
6281.0 1
6284.0 1
6297.0 1
6331.0 1
6347.0 1
6354.0 1
6359.0 1
6385.0 1
6386.0 1
6410.0 1
6415.0 2
6417.0 1
6420.0 1
6442.0 1
6462.0 1
6467.0 1
6483.0 1
6501.0 1
6509.0 1
6511.0 1
6537.0 1
6538.0 1
6551.0 1
6569.0 1
6584.0 1
6585.0 1
6597.0 1
6601.0 2
6603.0 1
6626.0 1
6640.0 1
6645.0 1
6660.0 1
6672.0 1
6700.0 1
6706.0 1
6714.0 1
6717.0 1
6739.0 1
6743.0 1
6757.0 1
6774.0 1
6793.0 1
6799.0 1
6816.0 1
6825.0 1
6834.0 1
6836.0 1
6849.0 1
6851.0 1
6864.0 1
6877.0 1
6888.0 1
6897.0 1
6901.0 1
6912.0 1
6919.0 1
6928.0 2
6943.0 1
6944.0 1
6945.0 1
6980.0 1
6989.0 1
6990.0 1
6993.0 1
7005.0 1
7008.0 1
7028.0 1
7032.0 1
7042.0 1
7047.0 1
7056.0 1
7057.0 1
7066.0 1
7069.0 1
7079.0 1
7115.0 1
7120.0 1
7121.0 1
7127.0 1
7140.0 1
7155.0 1
7160.0 1
7200.0 1
7204.0 1
7244.0 1
7248.0 1
7255.0 1
7259.0 1
7262.0 1
7286.0 1
7291.0 1
7309.0 1
7310.0 1
7323.0 1
7328.0 1
7333.0 1
7375.0 1
7378.0 1
7387.0 1
7389.0 1
7401.0 1
7402.0 1
7409.0 1
7418.0 1
7423.0 1
7444.0 1
7458.0 1
7460.0 1
7484.0 1
7522.0 1
7562.0 1
7565.0 1
7578.0 1
7586.0 1
7597.0 1
7601.0 1
7634.0 1
7636.0 1
7651.0 1
7661.0 1
7667.0 1
7671.0 1
7712.0 1
7725.0 1
7728.0 1
7732.0 1
7738.0 1
7744.0 1
7760.0 1
7773.0 1
7792.0 1
7819.0 1
7828.0 1
7840.0 1
7849.0 1
7858.0 1
7866.0 1
7873.0 1
7877.0 1
7901.0 1
7914.0 1
7919.0 1
7943.0 1
7952.0 1
7966.0 1
7984.0 1
7996.0 1
8004.0 1
8009.0 1
8025.0 1
8030.0 1
8033.0 1
8036.0 1
8040.0 1
8048.0 1
8049.0 1
8062.0 1
8073.0 1
8080.0 1
8092.0 1
8110.0 1
8113.0 1
8124.0 1
8139.0 1
8196.0 1
8224.0 1
8274.0 1
8288.0 1
8317.0 1
8325.0 1
8341.0 1
8374.0 1
8386.0 1
8389.0 1
8409.0 1
8432.0 1
8460.0 1
8478.0 1
8479.0 1
8480.0 1
8490.0 1
8494.0 1
8506.0 1
8552.0 1
8571.0 1
8575.0 1
8576.0 1
8579.0 1
8599.0 1
8621.0 1
8639.0 1
8656.0 1
8658.0 1
8679.0 1
8697.0 1
8699.0 1
8714.0 1
8798.0 1
8805.0 1
8808.0 1
8829.0 1
8891.0 1
8896.0 1
8923.0 1
8935.0 1
8945.0 1
8951.0 1
8973.0 1
8979.0 1
9003.0 1
9079.0 1
9084.0 1
9085.0 1
9088.0 1
9094.0 1
9104.0 1
9114.0 1
9138.0 1
9149.0 1
9177.0 1
9192.0 1
9202.0 1
9217.0 1
9322.0 1
9344.0 1
9359.0 1
9392.0 1
9394.0 1
9417.0 1
9445.0 1
9474.0 1
9488.0 1
9548.0 1
9572.0 1
9608.0 1
9612.0 1
9618.0 1
9627.0 1
9669.0 1
9701.0 1
9727.0 1
9778.0 1
9810.0 1
9814.0 1
9816.0 1
9819.0 1
9830.0 1
9841.0 1
9871.0 1
9898.0 1
9922.0 1
9964.0 1
10010.0 1
10030.0 1
10046.0 1
10058.0 1
10071.0 1
10077.0 1
10098.0 1
10100.0 1
10115.0 1
10122.0 1
10129.0 1
10131.0 1
10142.0 1
10157.0 1
10190.0 1
10196.0 1
10198.0 1
10200.0 1
10206.0 1
10216.0 1
10220.0 1
10229.0 1
10247.0 1
10271.0 1
10294.0 2
10303.0 1
10315.0 1
10342.0 1
10369.0 1
10391.0 1
10423.0 1
10428.0 1
10429.0 1
10432.0 1
10468.0 1
10474.0 1
10491.0 1
10506.0 1
10522.0 1
10523.0 1
10554.0 1
10565.0 1
10569.0 1
10588.0 1
10629.0 1
10633.0 1
10649.0 1
10669.0 1
10670.0 1
10697.0 1
10704.0 1
10710.0 1
10819.0 1
10824.0 1
10827.0 1
10833.0 1
10835.0 1
10851.0 1
10858.0 1
10903.0 1
10910.0 1
10957.0 1
10989.0 1
11014.0 1
11015.0 1
11037.0 1
11088.0 1
11107.0 1
11111.0 1
11156.0 1
11168.0 1
11171.0 1
11196.0 1
11252.0 1
11322.0 1
11344.0 1
11452.0 1
11480.0 1
11489.0 1
11507.0 1
11580.0 1
11712.0 1
11717.0 1
11746.0 1
11771.0 1
11804.0 1
11806.0 1
11856.0 1
11917.0 1
11938.0 1
11951.0 1
11955.0 1
11960.0 1
11963.0 1
11974.0 1
12028.0 1
12082.0 1
12145.0 1
12154.0 1
12183.0 1
12190.0 1
12207.0 1
12208.0 1
12211.0 1
12306.0 1
12346.0 1
12349.0 1
12442.0 1
12535.0 1
12561.0 1
12579.0 1
12614.0 1
12615.0 1
12626.0 1
12634.0 1
12636.0 1
12659.0 1
12660.0 1
12667.0 1
12728.0 1
12775.0 1
12803.0 1
12863.0 1
12873.0 1
12953.0 1
12975.0 1
12984.0 1
13012.0 1
13060.0 1
13076.0 1
13077.0 1
13202.0 1
13217.0 1
13255.0 1
13268.0 1
13320.0 1
13357.0 1
13377.0 1
13435.0 1
13437.0 1
13541.0 1
13547.0 1
13552.0 1
13583.0 1
13599.0 1
13637.0 1
13680.0 1
13691.0 1
13696.0 1
13834.0 1
13840.0 1
13917.0 1
13923.0 1
13937.0 1
14101.0 1
14124.0 1
14171.0 1
14208.0 1
14209.0 1
14355.0 1
14358.0 1
14363.0 1
14420.0 1
14433.0 1
14444.0 1
14448.0 1
14479.0 1
14577.0 1
14600.0 1
14683.0 1
14911.0 1
15065.0 1
15112.0 2
15192.0 1
15193.0 1
15308.0 1
15480.0 1
15578.0 1
15615.0 1
15634.0 1
15695.0 1
15766.0 1
15785.0 1
15827.0 1
15834.0 1
15861.0 1
15930.0 1
16116.0 1
16205.0 1
16286.0 1
16401.0 1
16445.0 1
16452.0 1
16530.0 1
16645.0 1
16868.0 1
17020.0 1
17130.0 1
17241.0 1
17256.0 1
17327.0 1
17455.0 1
17472.0 1
17525.0 1
17527.0 1
17586.0 1
17588.0 1
17657.0 1
17707.0 1
17719.0 1
17829.0 1
17830.0 1
17844.0 1
17910.0 1
17965.0 1
18077.0 1
18080.0 1
18110.0 1
18122.0 1
18147.0 1
18307.0 1
18384.0 1
18729.0 1
18746.0 1
18878.0 1
18983.0 1
19150.0 1
19371.0 1
19445.0 1
19657.0 1
20105.0 1
20199.0 1
20216.0 1
20379.0 1
20655.0 1
20719.0 1
20764.0 1
20769.0 1
20771.0 1
20922.0 1
21296.0 1
21546.0 1
21581.0 1
21727.0 1
21898.0 1
22201.0 1
22236.0 1
22385.0 1
22409.0 1
22771.0 1
23280.0 1
23401.0 1
23701.0 1
24077.0 1
24462.0 1
24921.0 1
25453.0 1
25468.0 1
25878.0 1
25905.0 1
26027.0 1
26452.0 1
27068.0 1
27400.0 1
27549.0 1
28313.0 1
28568.0 1
28851.0 1
29213.0 1
29773.0 1
29991.0 1
30538.0 1
30667.0 1
30733.0 1
30850.0 1
30878.0 1
31170.0 1
31416.0 1
31800.0 1
31926.0 1
32466.0 1
33187.0 1
33640.0 1
34050.0 1
34099.0 1
34507.0 1
34586.0 1
34879.0 1
34942.0 1
35506.0 1
35746.0 1
37377.0 1
37426.0 1
38055.0 1
38248.0 1
38389.0 1
38707.0 1
40841.0 1
41201.0 1
41653.0 1
41988.0 1
42932.0 1
43296.0 1
43968.0 1
45355.0 1
45587.0 1
46103.0 1
46158.0 1
47755.0 1
49146.0 1
51724.0 1
51774.0 1
52280.0 1
55254.0 1
56327.0 1
57741.0 1
59116.0 1
59427.0 1
59648.0 1
60194.0 1
61059.0 1
62487.0 1
63595.0 1
66929.0 1
68838.0 1
69089.0 1
69857.0 1
71055.0 1
71250.0 1
72745.0 1
76265.0 1
84268.0 1
84996.0 1
87331.0 1
93596.0 1
95735.0 1
100733.0 1
134187.0 1
184514.0 1
413126.0 1
1100065.0 1
