1.0 28649
2.0 11725
3.0 7306
4.0 5445
5.0 4474
6.0 3749
7.0 3288
8.0 3010
9.0 2819
10.0 2489
11.0 2311
12.0 2067
13.0 1891
14.0 1794
15.0 1743
16.0 1562
17.0 1568
18.0 1533
19.0 1361
20.0 1365
21.0 1255
22.0 1224
23.0 1128
24.0 1159
25.0 1102
26.0 1070
27.0 1049
28.0 963
29.0 944
30.0 888
31.0 921
32.0 865
33.0 902
34.0 857
35.0 835
36.0 714
37.0 777
38.0 734
39.0 761
40.0 713
41.0 713
42.0 689
43.0 648
44.0 627
45.0 667
46.0 588
47.0 596
48.0 613
49.0 575
50.0 555
51.0 558
52.0 495
53.0 523
54.0 532
55.0 510
56.0 438
57.0 530
58.0 478
59.0 503
60.0 482
61.0 472
62.0 435
63.0 414
64.0 472
65.0 436
66.0 423
67.0 429
68.0 391
69.0 411
70.0 408
71.0 390
72.0 334
73.0 391
74.0 380
75.0 360
76.0 381
77.0 356
78.0 341
79.0 338
80.0 352
81.0 288
82.0 329
83.0 325
84.0 309
85.0 312
86.0 307
87.0 326
88.0 338
89.0 291
90.0 289
91.0 267
92.0 312
93.0 292
94.0 288
95.0 277
96.0 311
97.0 282
98.0 232
99.0 279
100.0 246
101.0 256
102.0 260
103.0 255
104.0 254
105.0 240
106.0 210
107.0 233
108.0 218
109.0 213
110.0 228
111.0 229
112.0 246
113.0 232
114.0 207
115.0 226
116.0 219
117.0 195
118.0 223
119.0 203
120.0 188
121.0 197
122.0 203
123.0 205
124.0 218
125.0 207
126.0 202
127.0 173
128.0 174
129.0 190
130.0 186
131.0 188
132.0 164
133.0 155
134.0 201
135.0 155
136.0 152
137.0 159
138.0 150
139.0 176
140.0 148
141.0 159
142.0 153
143.0 143
144.0 155
145.0 162
146.0 147
147.0 136
148.0 140
149.0 129
150.0 154
151.0 167
152.0 153
153.0 140
154.0 137
155.0 159
156.0 116
157.0 128
158.0 133
159.0 143
160.0 139
161.0 137
162.0 131
163.0 129
164.0 126
165.0 125
166.0 125
167.0 134
168.0 132
169.0 106
170.0 117
171.0 133
172.0 131
173.0 109
174.0 112
175.0 103
176.0 107
177.0 127
178.0 103
179.0 121
180.0 108
181.0 95
182.0 115
183.0 121
184.0 91
185.0 114
186.0 98
187.0 98
188.0 104
189.0 95
190.0 96
191.0 102
192.0 105
193.0 85
194.0 102
195.0 105
196.0 84
197.0 100
198.0 103
199.0 78
200.0 113
201.0 92
202.0 107
203.0 76
204.0 73
205.0 94
206.0 85
207.0 84
208.0 70
209.0 94
210.0 87
211.0 75
212.0 83
213.0 80
214.0 78
215.0 90
216.0 81
217.0 99
218.0 82
219.0 66
220.0 83
221.0 92
222.0 86
223.0 76
224.0 68
225.0 87
226.0 85
227.0 83
228.0 74
229.0 85
230.0 79
231.0 60
232.0 70
233.0 69
234.0 92
235.0 87
236.0 73
237.0 71
238.0 74
239.0 68
240.0 57
241.0 76
242.0 61
243.0 64
244.0 70
245.0 68
246.0 57
247.0 71
248.0 57
249.0 51
250.0 74
251.0 67
252.0 57
253.0 70
254.0 64
255.0 61
256.0 63
257.0 80
258.0 68
259.0 67
260.0 56
261.0 54
262.0 65
263.0 51
264.0 65
265.0 45
266.0 48
267.0 80
268.0 64
269.0 63
270.0 63
271.0 41
272.0 45
273.0 68
274.0 48
275.0 58
276.0 57
277.0 59
278.0 59
279.0 60
280.0 55
281.0 47
282.0 77
283.0 56
284.0 50
285.0 47
286.0 55
287.0 71
288.0 50
289.0 54
290.0 61
291.0 65
292.0 39
293.0 48
294.0 53
295.0 53
296.0 45
297.0 52
298.0 50
299.0 53
300.0 46
301.0 41
302.0 45
303.0 52
304.0 44
305.0 55
306.0 42
307.0 51
308.0 44
309.0 47
310.0 51
311.0 49
312.0 51
313.0 48
314.0 46
315.0 43
316.0 33
317.0 43
318.0 38
319.0 55
320.0 42
321.0 42
322.0 54
323.0 39
324.0 43
325.0 41
326.0 33
327.0 34
328.0 43
329.0 36
330.0 57
331.0 37
332.0 35
333.0 45
334.0 35
335.0 36
336.0 38
337.0 23
338.0 42
339.0 29
340.0 41
341.0 46
342.0 28
343.0 46
344.0 31
345.0 36
346.0 35
347.0 33
348.0 31
349.0 36
350.0 36
351.0 49
352.0 32
353.0 44
354.0 44
355.0 32
356.0 32
357.0 48
358.0 23
359.0 36
360.0 35
361.0 44
362.0 49
363.0 44
364.0 43
365.0 28
366.0 38
367.0 31
368.0 33
369.0 37
370.0 39
371.0 38
372.0 37
373.0 39
374.0 24
375.0 30
376.0 27
377.0 42
378.0 36
379.0 43
380.0 33
381.0 27
382.0 25
383.0 36
384.0 29
385.0 21
386.0 18
387.0 41
388.0 31
389.0 35
390.0 32
391.0 23
392.0 26
393.0 34
394.0 30
395.0 30
396.0 29
397.0 23
398.0 27
399.0 23
400.0 30
401.0 27
402.0 31
403.0 28
404.0 29
405.0 34
406.0 39
407.0 23
408.0 34
409.0 17
410.0 28
411.0 24
412.0 27
413.0 21
414.0 25
415.0 30
416.0 23
417.0 29
418.0 26
419.0 21
420.0 26
421.0 25
422.0 30
423.0 26
424.0 23
425.0 32
426.0 21
427.0 29
428.0 23
429.0 25
430.0 30
431.0 26
432.0 33
433.0 26
434.0 24
435.0 21
436.0 19
437.0 21
438.0 30
439.0 17
440.0 18
441.0 24
442.0 21
443.0 24
444.0 29
445.0 23
446.0 28
447.0 21
448.0 24
449.0 22
450.0 17
451.0 19
452.0 13
453.0 23
454.0 15
455.0 26
456.0 19
457.0 15
458.0 11
459.0 24
460.0 22
461.0 17
462.0 15
463.0 23
464.0 18
465.0 28
466.0 14
467.0 20
468.0 23
469.0 24
470.0 21
471.0 26
472.0 28
473.0 13
474.0 23
475.0 16
476.0 19
477.0 18
478.0 19
479.0 10
480.0 19
481.0 21
482.0 14
483.0 17
484.0 16
485.0 19
486.0 22
487.0 16
488.0 20
489.0 23
490.0 22
491.0 12
492.0 13
493.0 19
494.0 18
495.0 18
496.0 22
497.0 16
498.0 16
499.0 12
500.0 17
501.0 13
502.0 15
503.0 22
504.0 21
505.0 17
506.0 24
507.0 20
508.0 13
509.0 19
510.0 16
511.0 16
512.0 16
513.0 17
514.0 21
515.0 15
516.0 11
517.0 20
518.0 16
519.0 18
520.0 21
521.0 16
522.0 9
523.0 16
524.0 18
525.0 14
526.0 18
527.0 20
528.0 16
529.0 13
530.0 15
531.0 16
532.0 20
533.0 20
534.0 14
535.0 15
536.0 13
537.0 7
538.0 16
539.0 14
540.0 16
541.0 12
542.0 12
543.0 19
544.0 13
545.0 19
546.0 16
547.0 10
548.0 13
549.0 19
550.0 6
551.0 20
552.0 14
553.0 12
554.0 11
555.0 10
556.0 16
557.0 23
558.0 7
559.0 12
560.0 13
561.0 12
562.0 17
563.0 9
564.0 17
565.0 15
566.0 11
567.0 10
568.0 14
569.0 9
570.0 12
571.0 12
572.0 20
573.0 18
574.0 9
575.0 17
576.0 8
577.0 15
578.0 12
579.0 8
580.0 14
581.0 13
582.0 12
583.0 11
584.0 10
585.0 11
586.0 8
587.0 11
588.0 9
589.0 8
590.0 14
591.0 11
592.0 13
593.0 12
594.0 10
595.0 9
596.0 9
597.0 9
598.0 9
599.0 16
600.0 8
601.0 12
602.0 8
603.0 10
604.0 18
605.0 9
606.0 10
607.0 10
608.0 12
609.0 14
610.0 8
611.0 15
612.0 7
613.0 14
614.0 15
615.0 14
616.0 10
617.0 10
618.0 17
619.0 14
620.0 9
621.0 16
622.0 10
623.0 12
624.0 11
625.0 15
626.0 18
627.0 13
628.0 11
629.0 7
630.0 12
631.0 13
632.0 10
633.0 16
634.0 10
635.0 7
636.0 10
637.0 11
638.0 7
639.0 12
640.0 11
641.0 9
642.0 11
643.0 12
644.0 12
645.0 9
646.0 5
647.0 11
648.0 15
649.0 14
650.0 6
651.0 8
652.0 12
653.0 7
654.0 8
655.0 3
656.0 8
657.0 8
658.0 14
659.0 12
660.0 7
661.0 10
662.0 11
663.0 6
664.0 4
665.0 9
666.0 10
667.0 10
668.0 8
669.0 8
670.0 11
671.0 9
672.0 7
673.0 5
674.0 7
675.0 8
676.0 10
677.0 8
678.0 10
679.0 13
680.0 9
681.0 4
682.0 8
683.0 11
684.0 10
685.0 10
686.0 8
687.0 8
688.0 11
689.0 17
690.0 7
691.0 6
692.0 12
693.0 9
694.0 8
695.0 5
696.0 13
697.0 11
698.0 4
699.0 12
700.0 9
701.0 7
702.0 8
703.0 4
704.0 12
705.0 2
706.0 8
707.0 7
708.0 7
709.0 6
710.0 6
711.0 7
712.0 5
713.0 12
714.0 5
715.0 6
716.0 18
717.0 9
718.0 10
719.0 7
720.0 7
721.0 10
722.0 2
723.0 10
724.0 8
725.0 10
726.0 9
727.0 7
728.0 6
729.0 9
730.0 5
731.0 6
732.0 8
733.0 5
734.0 9
735.0 4
736.0 7
737.0 3
738.0 6
739.0 7
740.0 9
741.0 7
742.0 9
743.0 11
744.0 8
745.0 15
746.0 4
747.0 7
748.0 10
749.0 9
750.0 4
751.0 10
752.0 5
753.0 9
754.0 8
755.0 6
756.0 9
757.0 4
758.0 6
759.0 8
760.0 4
761.0 6
762.0 7
763.0 5
764.0 7
765.0 6
766.0 9
767.0 6
768.0 10
769.0 11
770.0 10
771.0 4
772.0 5
773.0 7
774.0 9
775.0 4
776.0 6
777.0 7
778.0 7
779.0 4
780.0 3
781.0 7
782.0 6
783.0 4
784.0 4
785.0 4
786.0 11
787.0 6
788.0 8
789.0 4
790.0 6
791.0 6
792.0 8
793.0 5
794.0 11
795.0 4
796.0 2
797.0 12
798.0 3
799.0 5
800.0 3
801.0 5
802.0 7
803.0 8
804.0 13
805.0 6
806.0 5
807.0 6
808.0 5
809.0 6
810.0 6
811.0 7
812.0 7
813.0 2
814.0 8
815.0 10
816.0 10
817.0 7
818.0 5
819.0 5
820.0 5
821.0 3
822.0 3
823.0 6
824.0 9
825.0 3
826.0 6
827.0 5
828.0 5
829.0 1
830.0 5
831.0 5
832.0 9
833.0 5
834.0 6
835.0 9
836.0 4
837.0 5
838.0 4
839.0 7
840.0 6
841.0 6
842.0 1
843.0 9
844.0 5
845.0 4
846.0 6
847.0 3
848.0 6
849.0 2
850.0 10
851.0 5
852.0 7
853.0 2
854.0 7
855.0 10
856.0 7
857.0 3
858.0 8
859.0 10
860.0 3
861.0 10
862.0 7
863.0 2
864.0 7
865.0 10
866.0 6
867.0 1
868.0 10
869.0 7
870.0 7
871.0 3
872.0 5
873.0 6
874.0 7
875.0 4
876.0 4
877.0 7
878.0 5
879.0 7
880.0 9
881.0 4
882.0 3
883.0 9
884.0 4
885.0 4
886.0 5
887.0 8
888.0 3
889.0 9
890.0 6
891.0 5
892.0 5
893.0 5
894.0 7
895.0 4
896.0 6
897.0 1
899.0 4
900.0 5
901.0 2
902.0 4
903.0 5
905.0 4
906.0 9
907.0 6
908.0 3
909.0 6
910.0 4
911.0 8
912.0 6
913.0 5
914.0 3
915.0 6
916.0 6
917.0 4
918.0 6
919.0 4
920.0 5
921.0 6
922.0 2
923.0 10
924.0 3
925.0 5
926.0 5
927.0 8
928.0 5
929.0 2
930.0 2
931.0 1
932.0 7
933.0 2
934.0 5
935.0 6
936.0 3
937.0 3
938.0 3
939.0 1
940.0 7
941.0 3
942.0 6
943.0 2
944.0 6
945.0 3
946.0 3
947.0 3
948.0 3
949.0 2
950.0 5
951.0 6
952.0 2
953.0 4
954.0 3
955.0 5
956.0 2
957.0 4
958.0 5
959.0 4
960.0 7
961.0 5
962.0 5
963.0 7
964.0 3
965.0 2
966.0 2
967.0 2
968.0 3
969.0 6
970.0 2
971.0 4
972.0 4
973.0 3
974.0 5
975.0 2
976.0 5
977.0 2
978.0 4
979.0 3
980.0 10
981.0 3
982.0 5
983.0 2
984.0 4
985.0 5
986.0 3
987.0 3
988.0 2
989.0 7
990.0 4
991.0 3
992.0 7
993.0 4
994.0 1
995.0 3
996.0 2
997.0 3
998.0 4
999.0 8
1000.0 1
1001.0 5
1002.0 1
1003.0 4
1004.0 5
1005.0 3
1006.0 3
1007.0 3
1008.0 2
1009.0 5
1010.0 2
1011.0 4
1012.0 5
1013.0 2
1014.0 1
1015.0 6
1016.0 4
1017.0 3
1018.0 1
1019.0 2
1020.0 1
1021.0 6
1022.0 4
1023.0 3
1024.0 5
1025.0 5
1026.0 8
1027.0 2
1028.0 4
1029.0 1
1030.0 6
1031.0 3
1032.0 3
1033.0 6
1034.0 4
1035.0 3
1036.0 3
1037.0 4
1038.0 4
1039.0 4
1040.0 3
1041.0 2
1043.0 3
1044.0 5
1045.0 4
1046.0 3
1047.0 1
1049.0 2
1050.0 4
1051.0 3
1052.0 5
1053.0 1
1054.0 1
1055.0 2
1056.0 2
1057.0 4
1058.0 6
1059.0 1
1060.0 4
1061.0 6
1062.0 6
1063.0 5
1064.0 1
1065.0 2
1066.0 2
1067.0 3
1068.0 5
1069.0 2
1070.0 2
1071.0 7
1074.0 5
1075.0 7
1076.0 2
1077.0 4
1078.0 3
1079.0 2
1080.0 3
1082.0 6
1083.0 3
1084.0 3
1085.0 4
1086.0 5
1087.0 1
1088.0 3
1090.0 1
1091.0 3
1092.0 3
1093.0 1
1094.0 8
1095.0 5
1096.0 4
1097.0 6
1098.0 4
1099.0 2
1100.0 5
1101.0 1
1102.0 2
1103.0 2
1104.0 1
1105.0 2
1106.0 3
1107.0 3
1108.0 1
1109.0 3
1110.0 2
1111.0 5
1113.0 2
1114.0 5
1115.0 5
1116.0 3
1117.0 2
1118.0 2
1120.0 2
1121.0 2
1122.0 3
1123.0 1
1124.0 6
1125.0 1
1126.0 3
1127.0 8
1128.0 1
1129.0 2
1130.0 5
1131.0 1
1133.0 2
1134.0 4
1135.0 2
1136.0 1
1138.0 3
1139.0 1
1140.0 1
1141.0 4
1142.0 6
1143.0 6
1145.0 3
1146.0 3
1147.0 5
1148.0 5
1149.0 4
1150.0 1
1151.0 6
1152.0 3
1153.0 1
1154.0 2
1155.0 3
1157.0 3
1158.0 2
1159.0 4
1161.0 3
1162.0 4
1163.0 2
1164.0 1
1165.0 4
1166.0 2
1167.0 1
1168.0 4
1169.0 2
1170.0 4
1171.0 1
1172.0 3
1173.0 2
1174.0 2
1175.0 3
1176.0 1
1177.0 3
1178.0 2
1179.0 1
1180.0 3
1181.0 3
1182.0 3
1183.0 5
1184.0 4
1185.0 4
1186.0 1
1187.0 2
1188.0 3
1189.0 3
1191.0 3
1192.0 3
1194.0 3
1195.0 1
1196.0 5
1197.0 1
1198.0 1
1199.0 2
1200.0 2
1201.0 2
1202.0 1
1203.0 1
1204.0 2
1207.0 5
1208.0 1
1209.0 4
1210.0 2
1211.0 3
1212.0 3
1213.0 2
1214.0 2
1215.0 3
1216.0 4
1217.0 1
1218.0 1
1219.0 3
1220.0 2
1221.0 1
1223.0 3
1225.0 3
1227.0 4
1228.0 2
1229.0 1
1230.0 3
1231.0 1
1233.0 2
1234.0 1
1235.0 1
1236.0 2
1237.0 1
1238.0 2
1240.0 3
1241.0 3
1243.0 1
1244.0 3
1245.0 4
1246.0 3
1247.0 1
1248.0 3
1249.0 1
1250.0 1
1251.0 4
1252.0 1
1254.0 1
1255.0 4
1256.0 4
1257.0 3
1260.0 2
1261.0 1
1262.0 1
1263.0 3
1264.0 3
1265.0 1
1266.0 1
1267.0 1
1268.0 1
1269.0 2
1270.0 2
1271.0 3
1272.0 2
1273.0 2
1275.0 1
1277.0 2
1278.0 2
1279.0 2
1280.0 3
1281.0 1
1282.0 4
1283.0 1
1285.0 2
1286.0 1
1288.0 3
1289.0 2
1290.0 3
1291.0 2
1292.0 1
1293.0 2
1294.0 1
1295.0 2
1296.0 6
1297.0 3
1298.0 3
1299.0 1
1300.0 2
1301.0 4
1302.0 4
1303.0 1
1305.0 1
1307.0 1
1308.0 2
1309.0 3
1311.0 1
1313.0 2
1315.0 4
1316.0 2
1317.0 2
1318.0 3
1320.0 3
1321.0 1
1322.0 1
1323.0 5
1326.0 2
1329.0 3
1330.0 1
1331.0 5
1332.0 4
1333.0 2
1334.0 1
1335.0 3
1336.0 1
1338.0 1
1339.0 1
1340.0 1
1341.0 2
1342.0 1
1343.0 1
1344.0 2
1345.0 1
1346.0 2
1347.0 1
1348.0 1
1349.0 1
1350.0 1
1351.0 2
1352.0 2
1353.0 1
1354.0 2
1355.0 2
1356.0 1
1357.0 4
1358.0 2
1362.0 2
1363.0 3
1364.0 1
1366.0 2
1367.0 1
1368.0 1
1369.0 3
1371.0 3
1372.0 2
1373.0 1
1375.0 2
1376.0 1
1377.0 1
1378.0 1
1380.0 1
1381.0 2
1382.0 1
1383.0 2
1384.0 2
1385.0 1
1386.0 1
1387.0 2
1388.0 3
1390.0 1
1391.0 2
1392.0 2
1393.0 1
1394.0 5
1395.0 1
1396.0 1
1397.0 1
1398.0 1
1399.0 1
1400.0 2
1401.0 1
1402.0 1
1403.0 3
1404.0 1
1406.0 2
1407.0 1
1408.0 2
1409.0 3
1410.0 1
1411.0 1
1412.0 2
1413.0 1
1414.0 1
1415.0 4
1416.0 1
1417.0 1
1418.0 2
1419.0 1
1420.0 2
1422.0 2
1424.0 1
1425.0 2
1428.0 3
1429.0 1
1432.0 1
1433.0 4
1434.0 2
1435.0 1
1438.0 1
1440.0 1
1441.0 2
1442.0 1
1444.0 1
1445.0 2
1447.0 3
1448.0 5
1449.0 3
1450.0 1
1451.0 1
1452.0 2
1455.0 1
1456.0 2
1457.0 2
1458.0 2
1460.0 4
1461.0 2
1462.0 1
1463.0 1
1464.0 2
1465.0 3
1466.0 3
1467.0 2
1468.0 1
1469.0 1
1471.0 3
1472.0 1
1473.0 3
1474.0 2
1475.0 2
1476.0 1
1477.0 3
1479.0 1
1480.0 2
1481.0 2
1483.0 1
1484.0 1
1485.0 2
1486.0 4
1487.0 2
1488.0 5
1489.0 1
1490.0 1
1493.0 1
1494.0 2
1495.0 1
1496.0 1
1497.0 1
1498.0 4
1499.0 2
1500.0 2
1501.0 2
1502.0 2
1503.0 1
1505.0 2
1506.0 1
1508.0 1
1511.0 3
1512.0 1
1513.0 2
1514.0 1
1515.0 2
1516.0 1
1517.0 2
1518.0 3
1521.0 2
1522.0 3
1523.0 5
1524.0 1
1525.0 1
1526.0 2
1527.0 1
1528.0 1
1530.0 1
1531.0 1
1532.0 3
1533.0 1
1536.0 2
1537.0 1
1539.0 2
1540.0 1
1542.0 1
1543.0 2
1544.0 1
1545.0 1
1549.0 2
1550.0 1
1553.0 3
1554.0 2
1555.0 1
1556.0 1
1558.0 2
1559.0 2
1560.0 2
1562.0 1
1564.0 1
1566.0 1
1567.0 2
1569.0 1
1570.0 2
1572.0 2
1573.0 1
1574.0 2
1576.0 1
1577.0 2
1578.0 2
1579.0 3
1581.0 1
1582.0 2
1585.0 1
1588.0 1
1589.0 1
1591.0 1
1592.0 1
1594.0 2
1595.0 2
1596.0 1
1597.0 2
1598.0 3
1599.0 2
1600.0 9
1601.0 1
1602.0 1
1603.0 2
1605.0 2
1607.0 1
1608.0 2
1609.0 1
1610.0 1
1613.0 2
1615.0 3
1616.0 1
1617.0 3
1618.0 2
1619.0 3
1620.0 1
1623.0 1
1624.0 2
1625.0 3
1626.0 1
1627.0 1
1628.0 1
1629.0 1
1630.0 1
1631.0 3
1632.0 3
1633.0 1
1634.0 2
1635.0 1
1637.0 1
1638.0 2
1639.0 2
1641.0 1
1642.0 1
1643.0 1
1645.0 1
1646.0 4
1647.0 1
1648.0 1
1649.0 3
1650.0 1
1652.0 1
1653.0 3
1654.0 3
1655.0 2
1656.0 1
1658.0 2
1660.0 1
1661.0 1
1662.0 1
1663.0 1
1667.0 2
1670.0 2
1671.0 1
1672.0 1
1673.0 2
1674.0 1
1675.0 1
1676.0 1
1677.0 1
1678.0 2
1680.0 2
1681.0 1
1682.0 1
1684.0 3
1687.0 3
1688.0 2
1689.0 1
1690.0 1
1691.0 1
1692.0 1
1693.0 1
1694.0 3
1695.0 2
1696.0 1
1697.0 4
1699.0 1
1700.0 1
1701.0 1
1709.0 2
1710.0 3
1711.0 1
1712.0 2
1714.0 2
1715.0 1
1716.0 1
1717.0 2
1720.0 1
1721.0 2
1722.0 2
1725.0 3
1726.0 1
1727.0 1
1729.0 2
1730.0 3
1731.0 2
1732.0 1
1733.0 2
1736.0 1
1739.0 1
1740.0 3
1743.0 2
1744.0 1
1746.0 1
1747.0 1
1754.0 1
1757.0 1
1758.0 1
1759.0 1
1761.0 1
1762.0 2
1764.0 1
1766.0 2
1768.0 1
1769.0 1
1771.0 1
1773.0 3
1774.0 2
1775.0 1
1779.0 1
1781.0 2
1782.0 2
1783.0 2
1784.0 1
1785.0 1
1786.0 2
1788.0 1
1790.0 1
1791.0 1
1794.0 2
1795.0 1
1796.0 1
1798.0 1
1799.0 1
1801.0 1
1802.0 2
1804.0 1
1805.0 2
1807.0 2
1808.0 3
1809.0 3
1812.0 1
1815.0 1
1816.0 2
1820.0 1
1823.0 1
1825.0 1
1826.0 1
1828.0 1
1829.0 2
1831.0 1
1832.0 1
1836.0 1
1837.0 1
1838.0 1
1840.0 1
1841.0 1
1843.0 1
1846.0 1
1851.0 1
1857.0 1
1861.0 2
1866.0 1
1868.0 1
1873.0 1
1875.0 2
1879.0 2
1880.0 1
1881.0 1
1884.0 1
1886.0 1
1887.0 1
1891.0 2
1892.0 1
1893.0 1
1895.0 1
1896.0 2
1898.0 3
1900.0 3
1904.0 1
1905.0 1
1910.0 1
1911.0 1
1912.0 1
1913.0 1
1914.0 1
1919.0 1
1922.0 2
1928.0 1
1929.0 2
1932.0 1
1933.0 1
1935.0 1
1936.0 2
1937.0 1
1938.0 1
1939.0 1
1943.0 1
1944.0 1
1946.0 1
1947.0 2
1948.0 1
1950.0 3
1951.0 1
1955.0 3
1957.0 1
1959.0 1
1960.0 1
1962.0 2
1963.0 1
1964.0 2
1965.0 1
1966.0 2
1967.0 1
1969.0 1
1971.0 1
1972.0 3
1975.0 1
1976.0 1
1977.0 1
1979.0 1
1981.0 2
1982.0 1
1983.0 1
1985.0 1
1986.0 1
1989.0 3
1995.0 2
1998.0 1
1999.0 2
2000.0 1
2001.0 2
2004.0 1
2005.0 2
2006.0 1
2007.0 1
2008.0 1
2009.0 1
2012.0 1
2014.0 2
2016.0 1
2018.0 2
2021.0 1
2025.0 1
2026.0 1
2028.0 1
2030.0 1
2031.0 2
2032.0 1
2033.0 1
2039.0 1
2040.0 2
2041.0 2
2042.0 1
2045.0 1
2048.0 2
2049.0 1
2053.0 1
2056.0 1
2057.0 1
2058.0 1
2059.0 2
2063.0 1
2067.0 1
2068.0 1
2071.0 1
2074.0 1
2075.0 1
2081.0 1
2082.0 1
2083.0 2
2086.0 2
2095.0 1
2097.0 1
2098.0 1
2101.0 1
2103.0 1
2105.0 2
2107.0 1
2108.0 1
2110.0 1
2111.0 1
2112.0 1
2113.0 3
2115.0 2
2116.0 2
2119.0 1
2121.0 4
2122.0 1
2126.0 1
2129.0 1
2130.0 2
2132.0 2
2134.0 1
2135.0 2
2138.0 3
2139.0 1
2140.0 1
2141.0 1
2142.0 1
2144.0 2
2148.0 1
2156.0 1
2157.0 1
2158.0 1
2159.0 1
2162.0 1
2165.0 1
2169.0 1
2170.0 1
2171.0 1
2177.0 1
2180.0 1
2181.0 1
2182.0 1
2185.0 1
2187.0 2
2189.0 1
2190.0 1
2191.0 1
2192.0 1
2193.0 1
2195.0 1
2197.0 1
2198.0 1
2201.0 1
2202.0 2
2203.0 1
2204.0 1
2205.0 1
2206.0 1
2207.0 4
2209.0 2
2216.0 1
2222.0 1
2225.0 1
2228.0 1
2229.0 2
2230.0 1
2231.0 2
2233.0 1
2234.0 1
2235.0 1
2238.0 1
2243.0 1
2245.0 1
2251.0 1
2252.0 1
2254.0 2
2257.0 1
2263.0 1
2266.0 1
2273.0 1
2274.0 2
2275.0 3
2281.0 1
2282.0 2
2284.0 1
2286.0 3
2287.0 1
2288.0 2
2290.0 1
2294.0 1
2295.0 1
2300.0 1
2305.0 2
2309.0 1
2310.0 1
2311.0 2
2312.0 1
2313.0 1
2315.0 1
2317.0 1
2322.0 2
2324.0 2
2325.0 3
2326.0 2
2328.0 1
2330.0 1
2332.0 1
2333.0 2
2334.0 2
2336.0 1
2340.0 2
2341.0 1
2342.0 1
2346.0 1
2347.0 1
2349.0 1
2353.0 2
2355.0 1
2357.0 1
2359.0 1
2360.0 1
2361.0 1
2363.0 1
2364.0 1
2366.0 2
2367.0 1
2368.0 1
2369.0 1
2370.0 1
2377.0 1
2378.0 1
2379.0 1
2387.0 1
2393.0 1
2395.0 2
2397.0 1
2400.0 1
2402.0 1
2403.0 1
2404.0 1
2405.0 1
2408.0 1
2409.0 1
2411.0 3
2417.0 1
2418.0 1
2420.0 1
2422.0 1
2425.0 1
2426.0 2
2429.0 1
2434.0 1
2436.0 1
2437.0 1
2438.0 1
2443.0 1
2444.0 1
2447.0 1
2452.0 1
2459.0 3
2465.0 1
2471.0 1
2476.0 1
2478.0 1
2485.0 1
2490.0 2
2491.0 2
2498.0 2
2502.0 1
2503.0 1
2509.0 2
2510.0 2
2511.0 1
2515.0 1
2523.0 1
2532.0 1
2533.0 1
2537.0 1
2538.0 2
2539.0 1
2541.0 2
2544.0 1
2553.0 1
2555.0 2
2559.0 1
2561.0 1
2563.0 2
2565.0 1
2567.0 1
2570.0 1
2571.0 1
2576.0 1
2579.0 1
2580.0 1
2583.0 1
2589.0 1
2595.0 1
2597.0 1
2598.0 1
2600.0 2
2602.0 1
2612.0 3
2613.0 1
2618.0 1
2619.0 1
2624.0 2
2629.0 1
2635.0 1
2637.0 1
2641.0 1
2642.0 1
2647.0 1
2649.0 1
2653.0 1
2656.0 1
2657.0 1
2662.0 1
2671.0 2
2672.0 1
2675.0 2
2681.0 1
2682.0 1
2683.0 1
2686.0 2
2688.0 2
2689.0 1
2694.0 1
2702.0 1
2703.0 1
2709.0 1
2710.0 2
2712.0 1
2722.0 2
2727.0 2
2732.0 2
2739.0 1
2741.0 2
2744.0 1
2745.0 1
2748.0 1
2749.0 1
2750.0 1
2752.0 1
2760.0 3
2766.0 1
2768.0 1
2770.0 1
2771.0 1
2777.0 2
2778.0 1
2779.0 1
2791.0 1
2792.0 1
2799.0 1
2802.0 1
2803.0 1
2805.0 1
2808.0 1
2816.0 1
2817.0 1
2824.0 1
2826.0 1
2830.0 1
2846.0 1
2848.0 1
2851.0 2
2854.0 1
2855.0 1
2857.0 1
2861.0 1
2863.0 2
2866.0 1
2868.0 1
2874.0 1
2875.0 1
2878.0 1
2884.0 1
2886.0 1
2892.0 1
2897.0 1
2901.0 2
2906.0 1
2917.0 1
2920.0 1
2921.0 1
2926.0 1
2929.0 1
2934.0 1
2939.0 1
2940.0 1
2941.0 1
2958.0 1
2959.0 1
2964.0 1
2965.0 1
2971.0 1
2977.0 1
2979.0 1
2983.0 2
2990.0 2
2991.0 1
3003.0 1
3004.0 1
3005.0 1
3008.0 1
3014.0 1
3015.0 1
3022.0 1
3030.0 1
3031.0 1
3035.0 1
3055.0 1
3061.0 1
3064.0 1
3066.0 1
3067.0 1
3071.0 1
3085.0 1
3088.0 1
3111.0 1
3113.0 1
3115.0 1
3122.0 1
3125.0 1
3133.0 2
3139.0 1
3142.0 1
3150.0 2
3156.0 1
3158.0 1
3170.0 1
3174.0 1
3186.0 1
3190.0 1
3195.0 1
3197.0 1
3203.0 1
3205.0 1
3206.0 1
3207.0 1
3211.0 1
3214.0 1
3219.0 1
3223.0 1
3228.0 1
3242.0 1
3248.0 1
3250.0 1
3265.0 1
3273.0 1
3281.0 1
3283.0 1
3286.0 1
3306.0 1
3308.0 2
3311.0 1
3317.0 1
3318.0 1
3321.0 1
3327.0 1
3334.0 1
3341.0 1
3345.0 1
3349.0 1
3351.0 1
3355.0 1
3356.0 1
3358.0 1
3366.0 1
3368.0 1
3371.0 1
3373.0 2
3380.0 1
3388.0 1
3398.0 2
3400.0 2
3412.0 1
3419.0 1
3422.0 1
3423.0 1
3434.0 1
3442.0 1
3460.0 1
3461.0 1
3462.0 1
3465.0 1
3473.0 1
3474.0 1
3477.0 1
3507.0 2
3512.0 1
3517.0 1
3519.0 1
3526.0 1
3529.0 1
3533.0 1
3535.0 1
3536.0 1
3540.0 1
3549.0 1
3555.0 1
3568.0 1
3569.0 1
3570.0 1
3579.0 1
3584.0 1
3593.0 1
3595.0 1
3602.0 1
3603.0 1
3619.0 1
3622.0 1
3629.0 1
3633.0 1
3645.0 1
3655.0 2
3683.0 1
3685.0 1
3713.0 1
3716.0 1
3719.0 1
3732.0 1
3733.0 1
3734.0 1
3738.0 1
3743.0 1
3753.0 1
3767.0 1
3769.0 1
3784.0 1
3799.0 1
3819.0 2
3831.0 1
3841.0 1
3843.0 1
3862.0 1
3866.0 1
3872.0 1
3877.0 1
3910.0 1
3911.0 1
3912.0 1
3916.0 1
3917.0 1
3921.0 1
3929.0 2
3930.0 1
3960.0 1
3976.0 1
3982.0 2
3989.0 1
3990.0 1
3992.0 1
4006.0 1
4007.0 1
4008.0 1
4009.0 1
4013.0 1
4016.0 1
4020.0 1
4021.0 1
4029.0 1
4043.0 1
4044.0 1
4070.0 1
4071.0 1
4087.0 1
4091.0 1
4093.0 1
4096.0 1
4100.0 2
4104.0 1
4105.0 1
4107.0 1
4111.0 1
4122.0 1
4125.0 1
4133.0 1
4144.0 1
4151.0 1
4178.0 1
4182.0 1
4188.0 1
4199.0 2
4209.0 1
4218.0 1
4234.0 1
4235.0 1
4236.0 1
4245.0 1
4252.0 1
4254.0 1
4290.0 1
4305.0 1
4312.0 1
4313.0 1
4319.0 1
4334.0 1
4347.0 1
4355.0 1
4357.0 1
4358.0 1
4359.0 1
4361.0 1
4363.0 1
4367.0 1
4372.0 1
4374.0 1
4408.0 1
4439.0 1
4449.0 1
4461.0 1
4483.0 1
4485.0 1
4509.0 1
4529.0 1
4532.0 1
4540.0 1
4549.0 1
4557.0 1
4560.0 1
4564.0 1
4566.0 1
4571.0 2
4581.0 1
4650.0 1
4678.0 1
4687.0 1
4697.0 1
4718.0 1
4729.0 1
4741.0 1
4749.0 1
4750.0 1
4759.0 1
4778.0 1
4789.0 1
4811.0 1
4820.0 1
4882.0 1
4903.0 1
4916.0 1
4952.0 1
4985.0 1
5014.0 1
5028.0 1
5034.0 1
5050.0 1
5053.0 1
5062.0 1
5071.0 2
5088.0 1
5094.0 1
5113.0 2
5118.0 1
5119.0 1
5145.0 1
5159.0 1
5180.0 1
5200.0 1
5210.0 1
5215.0 1
5224.0 1
5235.0 1
5247.0 1
5273.0 1
5323.0 1
5341.0 1
5356.0 1
5359.0 1
5367.0 1
5391.0 1
5403.0 2
5412.0 1
5435.0 1
5462.0 1
5488.0 1
5514.0 1
5519.0 1
5532.0 1
5541.0 1
5567.0 1
5576.0 1
5586.0 1
5589.0 1
5590.0 1
5593.0 1
5596.0 1
5646.0 1
5678.0 1
5692.0 1
5716.0 1
5772.0 1
5780.0 1
5848.0 1
5877.0 1
5886.0 1
5913.0 1
5926.0 1
5936.0 1
5958.0 1
5977.0 1
6011.0 1
6017.0 1
6018.0 1
6089.0 1
6219.0 1
6222.0 1
6247.0 1
6248.0 1
6254.0 1
6307.0 1
6335.0 2
6388.0 1
6498.0 1
6534.0 1
6539.0 1
6541.0 1
6640.0 1
6653.0 1
6654.0 1
6665.0 1
6733.0 1
6750.0 1
6766.0 1
6807.0 1
6832.0 1
6906.0 1
6974.0 1
7055.0 1
7058.0 1
7078.0 1
7156.0 1
7218.0 1
7254.0 1
7304.0 1
7317.0 1
7514.0 1
7519.0 1
7551.0 1
7556.0 1
7569.0 1
7596.0 1
7648.0 1
7703.0 1
7774.0 1
7799.0 1
7850.0 1
7891.0 1
7941.0 1
8063.0 1
8076.0 1
8110.0 1
8218.0 1
8224.0 1
8240.0 1
8256.0 1
8285.0 1
8289.0 1
8389.0 1
8545.0 1
8717.0 1
8729.0 1
8744.0 1
8832.0 1
8858.0 1
9235.0 2
9236.0 1
9394.0 1
9461.0 1
9470.0 1
9542.0 1
9579.0 1
9673.0 1
9694.0 1
10017.0 1
10139.0 1
10221.0 1
10398.0 1
10517.0 1
10568.0 2
10584.0 1
10634.0 1
10811.0 1
10846.0 1
10885.0 1
10888.0 1
10989.0 1
11117.0 1
11346.0 1
11409.0 1
11443.0 1
11538.0 1
11600.0 1
11602.0 1
11620.0 1
11622.0 1
11715.0 1
12185.0 1
12343.0 1
12576.0 1
12806.0 1
13190.0 1
13308.0 1
13451.0 1
13462.0 1
13485.0 1
14335.0 1
14432.0 1
15620.0 1
16049.0 1
16253.0 1
16591.0 1
18224.0 1
18550.0 1
20634.0 1
21284.0 1
21387.0 1
23113.0 1
23639.0 1
23649.0 1
28398.0 1
33389.0 1
