1.0 183981
2.0 129085
3.0 76580
4.0 50134
5.0 33042
6.0 21885
7.0 17428
8.0 9478
9.0 7116
10.0 7338
11.0 7324
12.0 5323
13.0 4657
14.0 4902
15.0 10140
16.0 2452
17.0 2078
18.0 1865
19.0 1666
20.0 1490
21.0 1566
22.0 2366
23.0 4041
24.0 2511
25.0 1248
26.0 1195
27.0 791
28.0 554
29.0 603
30.0 619
31.0 584
32.0 506
33.0 496
34.0 435
35.0 375
36.0 291
37.0 305
38.0 355
39.0 370
40.0 376
41.0 298
42.0 413
43.0 256
44.0 218
45.0 327
46.0 368
47.0 192
48.0 328
49.0 240
50.0 196
51.0 338
52.0 228
53.0 226
54.0 325
55.0 260
56.0 186
57.0 236
58.0 150
59.0 152
60.0 184
61.0 195
62.0 263
63.0 475
64.0 362
65.0 280
66.0 246
67.0 186
68.0 298
69.0 343
70.0 170
71.0 254
72.0 382
73.0 293
74.0 218
75.0 248
76.0 285
77.0 286
78.0 156
79.0 86
80.0 71
81.0 572
82.0 302
83.0 58
84.0 89
85.0 51
86.0 83
87.0 65
88.0 106
89.0 86
90.0 63
91.0 70
92.0 54
93.0 70
94.0 75
95.0 43
96.0 66
97.0 64
98.0 62
99.0 69
100.0 55
101.0 168
102.0 60
103.0 358
104.0 131
105.0 68
106.0 61
107.0 31
108.0 61
109.0 37
110.0 66
111.0 72
112.0 82
113.0 274
114.0 28
115.0 82
116.0 139
117.0 80
118.0 40
119.0 47
120.0 41
121.0 41
122.0 19
123.0 34
124.0 36
125.0 47
126.0 30
127.0 38
128.0 22
129.0 17
130.0 18
131.0 14
132.0 22
133.0 30
134.0 24
135.0 43
136.0 21
137.0 27
138.0 16
139.0 16
140.0 26
141.0 29
142.0 30
143.0 17
144.0 69
145.0 39
146.0 22
147.0 27
148.0 28
149.0 22
150.0 15
151.0 24
152.0 21
153.0 33
154.0 13
155.0 29
156.0 21
157.0 17
158.0 14
159.0 131
160.0 53
161.0 15
162.0 333
163.0 7
164.0 8
165.0 4
166.0 19
167.0 10
168.0 4
169.0 9
170.0 6
171.0 7
172.0 6
173.0 6
174.0 10
175.0 4
176.0 9
177.0 12
178.0 11
179.0 13
180.0 26
181.0 24
182.0 22
183.0 19
184.0 18
185.0 16
186.0 10
187.0 3
188.0 5
189.0 84
190.0 13
191.0 12
192.0 54
193.0 83
194.0 29
195.0 62
196.0 37
197.0 24
198.0 27
199.0 10
200.0 6
201.0 69
202.0 30
203.0 28
204.0 15
205.0 12
206.0 5
207.0 4
208.0 8
209.0 3
210.0 3
211.0 1
212.0 5
213.0 6
214.0 8
215.0 9
216.0 7
217.0 9
218.0 6
219.0 3
220.0 4
221.0 6
222.0 11
223.0 5
224.0 59
225.0 10
226.0 7
227.0 6
228.0 7
229.0 7
230.0 21
231.0 7
232.0 4
233.0 5
234.0 68
235.0 16
236.0 11
237.0 20
238.0 7
239.0 4
240.0 9
241.0 3
242.0 9
243.0 8
244.0 6
245.0 25
246.0 6
247.0 2
248.0 7
249.0 8
250.0 3
251.0 12
252.0 6
253.0 10
254.0 10
255.0 8
256.0 2
257.0 5
258.0 18
259.0 6
260.0 3
261.0 4
262.0 2
263.0 2
265.0 14
266.0 10
267.0 8
268.0 2
270.0 9
271.0 3
272.0 11
273.0 10
274.0 6
275.0 5
276.0 8
277.0 5
278.0 9
279.0 4
280.0 7
282.0 3
283.0 26
284.0 11
285.0 5
286.0 4
287.0 6
288.0 3
289.0 3
290.0 2
292.0 1
293.0 3
294.0 10
295.0 3
296.0 9
297.0 3
298.0 2
299.0 1
300.0 2
301.0 1
302.0 4
303.0 7
304.0 19
305.0 3
306.0 3
307.0 46
308.0 11
309.0 3
310.0 3
311.0 3
312.0 5
313.0 4
314.0 3
315.0 3
316.0 5
317.0 2
318.0 3
319.0 4
320.0 2
321.0 2
322.0 3
323.0 3
324.0 4
325.0 5
326.0 9
327.0 39
328.0 4
329.0 7
331.0 1
332.0 3
333.0 3
334.0 1
335.0 2
336.0 3
337.0 1
338.0 1
339.0 3
340.0 13
341.0 2
342.0 2
343.0 6
344.0 3
345.0 3
346.0 10
347.0 3
349.0 1
350.0 15
351.0 2
352.0 1
353.0 7
355.0 5
356.0 4
357.0 55
358.0 3
359.0 2
360.0 2
361.0 6
362.0 18
363.0 3
364.0 5
365.0 1
366.0 1
368.0 2
369.0 1
370.0 6
371.0 4
372.0 5
373.0 3
374.0 4
375.0 2
376.0 3
377.0 9
378.0 5
379.0 6
380.0 3
381.0 5
382.0 4
383.0 36
384.0 18
385.0 2
386.0 2
387.0 8
388.0 7
389.0 10
390.0 8
391.0 2
392.0 7
393.0 23
394.0 1
395.0 8
396.0 3
397.0 1
398.0 2
399.0 1
401.0 3
402.0 2
403.0 1
404.0 1
406.0 2
407.0 1
408.0 2
409.0 2
410.0 2
412.0 4
413.0 1
414.0 1
415.0 12
416.0 1
418.0 1
420.0 1
423.0 4
425.0 3
427.0 10
428.0 1
429.0 1
433.0 1
434.0 7
435.0 11
436.0 1
437.0 3
438.0 21
439.0 2
440.0 1
441.0 4
443.0 3
444.0 2
445.0 2
447.0 1
448.0 1
449.0 1
450.0 6
451.0 4
454.0 3
455.0 1
457.0 8
458.0 1
459.0 2
460.0 3
461.0 2
463.0 1
464.0 4
465.0 4
466.0 25
467.0 2
468.0 5
469.0 2
470.0 8
471.0 3
472.0 7
473.0 13
474.0 37
475.0 1
476.0 4
477.0 18
479.0 4
480.0 2
481.0 5
483.0 4
484.0 2
485.0 42
487.0 7
488.0 3
489.0 2
493.0 16
495.0 2
496.0 1
498.0 2
500.0 3
501.0 3
502.0 1
503.0 2
504.0 1
505.0 2
506.0 1
507.0 1
508.0 1
514.0 1
515.0 23
516.0 1
517.0 8
518.0 2
519.0 1
520.0 1
521.0 2
522.0 1
523.0 2
524.0 25
525.0 2
526.0 3
527.0 1
528.0 1
529.0 1
531.0 1
538.0 2
540.0 1
541.0 1
542.0 1
543.0 7
544.0 1
548.0 12
553.0 1
557.0 1
559.0 58
560.0 2
561.0 3
563.0 2
564.0 6
565.0 3
567.0 14
570.0 1
574.0 1
575.0 1
576.0 2
577.0 1
578.0 1
579.0 5
580.0 17
581.0 4
585.0 1
586.0 3
587.0 2
588.0 12
589.0 2
591.0 1
592.0 1
594.0 1
598.0 1
599.0 1
603.0 2
612.0 4
613.0 1
617.0 1
622.0 2
625.0 1
626.0 2
627.0 2
628.0 1
630.0 1
636.0 82
637.0 1
638.0 2
639.0 1
640.0 2
642.0 3
645.0 1
650.0 5
653.0 1
661.0 2
662.0 1
664.0 2
665.0 2
667.0 1
669.0 1
670.0 1
671.0 2
672.0 1
673.0 1
676.0 1
678.0 1
679.0 3
681.0 1
682.0 1
688.0 3
691.0 1
692.0 4
693.0 1
694.0 3
695.0 15
696.0 1
699.0 3
701.0 1
702.0 2
705.0 1
706.0 1
707.0 1
710.0 1
711.0 3
712.0 3
713.0 2
714.0 5
720.0 1
729.0 1
736.0 4
737.0 1
739.0 2
740.0 1
743.0 1
744.0 2
745.0 2
746.0 3
749.0 1
751.0 1
752.0 3
753.0 2
754.0 1
755.0 2
756.0 1
758.0 1
759.0 1
761.0 3
763.0 1
764.0 3
768.0 1
770.0 1
771.0 1
772.0 1
776.0 1
777.0 1
782.0 1
784.0 2
787.0 1
791.0 1
792.0 1
794.0 1
803.0 1
808.0 1
812.0 1
816.0 1
819.0 1
824.0 1
827.0 1
830.0 1
831.0 1
834.0 1
837.0 1
838.0 1
840.0 1
849.0 1
853.0 2
862.0 1
863.0 1
864.0 1
865.0 2
866.0 2
868.0 1
871.0 1
874.0 2
877.0 1
884.0 2
885.0 2
886.0 1
889.0 1
894.0 1
895.0 1
899.0 1
906.0 1
908.0 1
909.0 13
910.0 1
914.0 1
924.0 5
925.0 1
930.0 1
938.0 7
954.0 5
959.0 2
963.0 1
965.0 1
967.0 1
968.0 1
969.0 1
970.0 1
990.0 1
991.0 1
997.0 1
998.0 2
999.0 3
1002.0 1
1006.0 1
1007.0 1
1008.0 1
1009.0 1
1010.0 1
1011.0 2
1029.0 1
1036.0 2
1040.0 1
1045.0 1
1046.0 1
1050.0 1
1051.0 1
1053.0 1
1055.0 1
1056.0 1
1067.0 1
1070.0 1
1076.0 1
1079.0 2
1088.0 1
1097.0 1
1099.0 2
1100.0 1
1101.0 1
1107.0 1
1109.0 1
1127.0 2
1134.0 1
1136.0 1
1137.0 2
1147.0 1
1154.0 1
1158.0 1
1159.0 2
1167.0 1
1193.0 2
1203.0 2
1208.0 1
1211.0 1
1222.0 2
1227.0 1
1231.0 1
1235.0 1
1241.0 2
1242.0 1
1245.0 6
1246.0 1
1247.0 1
1248.0 2
1254.0 1
1263.0 1
1268.0 1
1271.0 1
1273.0 1
1280.0 1
1291.0 2
1308.0 1
1310.0 1
1327.0 1
1331.0 2
1333.0 1
1355.0 1
1357.0 2
1360.0 1
1373.0 1
1388.0 1
1397.0 1
1398.0 1
1403.0 1
1404.0 1
1411.0 3
1414.0 1
1418.0 1
1419.0 1
1425.0 5
1427.0 1
1433.0 3
1435.0 1
1437.0 1
1443.0 1
1453.0 1
1483.0 1
1484.0 1
1485.0 1
1486.0 1
1497.0 1
1524.0 1
1534.0 1
1557.0 1
1570.0 1
1575.0 1
1580.0 1
1583.0 1
1616.0 1
1622.0 1
1630.0 1
1662.0 1
1703.0 1
1706.0 4
1707.0 1
1722.0 1
1745.0 1
1750.0 1
1802.0 1
1804.0 1
1807.0 2
1815.0 1
1829.0 1
1852.0 2
1853.0 1
1861.0 1
1862.0 2
1863.0 3
1864.0 1
1883.0 1
1884.0 1
1886.0 1
1889.0 1
1904.0 1
1941.0 1
1947.0 1
1956.0 1
1959.0 1
2013.0 1
2065.0 48
2066.0 2
2076.0 96
2077.0 4
2132.0 1
2151.0 1
2152.0 1
2202.0 1
2239.0 1
2241.0 1
2248.0 1
2260.0 1
2303.0 4
2305.0 1
2306.0 1
2307.0 1
2308.0 6
2386.0 3
2391.0 1
2453.0 1
2608.0 1
2657.0 1
2665.0 28
2673.0 1
2675.0 28
2680.0 2
2682.0 1
2683.0 1
2863.0 1
2890.0 2
2906.0 1
2910.0 1
2911.0 1
2956.0 1
2996.0 1
2998.0 1
3005.0 1
3032.0 1
3035.0 2
3036.0 1
3045.0 1
3062.0 1
3068.0 2
3185.0 1
3188.0 1
3216.0 1
3225.0 1
3231.0 1
3368.0 1
3475.0 1
3805.0 1
3810.0 1
3816.0 1
3817.0 1
3818.0 5
3819.0 2
3820.0 1
3822.0 1
3826.0 1
3834.0 3
3843.0 2
3946.0 1
4140.0 1
4286.0 1
4385.0 1
4386.0 2
4556.0 3
4574.0 1
5202.0 3
5204.0 2
5205.0 9
5206.0 1
5207.0 3
5208.0 1
5209.0 1
5210.0 1
5213.0 1
5219.0 1
5235.0 1
5320.0 3
5430.0 1
5505.0 3
5507.0 1
5509.0 2
5527.0 1
5633.0 3
5651.0 1
5864.0 1
5867.0 1
5906.0 1
5954.0 1
6545.0 3
6549.0 1
6553.0 1
6555.0 1
6557.0 1
6575.0 1
6577.0 1
6591.0 1
6631.0 1
6795.0 1
7500.0 1
7595.0 1
7598.0 1
8430.0 2
8465.0 1
8508.0 3
8526.0 1
9078.0 1
9157.0 1
10971.0 1
13734.0 1
14028.0 1
14092.0 1
14732.0 1
14738.0 1
16682.0 1
16686.0 1
16696.0 2
21177.0 1
30744.0 1
34943.0 13
42828.0 1
43878.0 1
43908.0 1
44022.0 1
44032.0 1
44034.0 1
44037.0 1
44041.0 1
44067.0 1
44101.0 1
44290.0 1
48205.0 1
84208.0 1
