1.0 421457
2.0 149755
3.0 79636
4.0 51224
5.0 35764
6.0 27192
7.0 20962
8.0 17119
9.0 14293
10.0 12043
11.0 10075
12.0 8601
13.0 7448
14.0 6647
15.0 5933
16.0 5309
17.0 4915
18.0 4302
19.0 3948
20.0 3627
21.0 3310
22.0 3132
23.0 2782
24.0 2657
25.0 2382
26.0 2421
27.0 2220
28.0 2080
29.0 1893
30.0 1895
31.0 1712
32.0 1643
33.0 1599
34.0 1503
35.0 1454
36.0 1409
37.0 1334
38.0 1247
39.0 1259
40.0 1132
41.0 1062
42.0 1090
43.0 997
44.0 959
45.0 989
46.0 915
47.0 838
48.0 822
49.0 845
50.0 837
51.0 796
52.0 778
53.0 726
54.0 678
55.0 703
56.0 636
57.0 678
58.0 577
59.0 651
60.0 614
61.0 570
62.0 600
63.0 606
64.0 506
65.0 512
66.0 502
67.0 496
68.0 480
69.0 484
70.0 479
71.0 449
72.0 456
73.0 416
74.0 437
75.0 438
76.0 419
77.0 410
78.0 350
79.0 391
80.0 374
81.0 388
82.0 386
83.0 352
84.0 377
85.0 339
86.0 302
87.0 319
88.0 354
89.0 321
90.0 294
91.0 287
92.0 337
93.0 303
94.0 316
95.0 286
96.0 245
97.0 263
98.0 249
99.0 271
100.0 271
101.0 236
102.0 219
103.0 248
104.0 235
105.0 273
106.0 245
107.0 259
108.0 209
109.0 227
110.0 214
111.0 214
112.0 198
113.0 218
114.0 199
115.0 207
116.0 204
117.0 209
118.0 198
119.0 208
120.0 204
121.0 180
122.0 180
123.0 195
124.0 177
125.0 179
126.0 179
127.0 165
128.0 160
129.0 174
130.0 135
131.0 189
132.0 165
133.0 179
134.0 151
135.0 139
136.0 148
137.0 162
138.0 148
139.0 146
140.0 146
141.0 150
142.0 145
143.0 154
144.0 133
145.0 144
146.0 148
147.0 161
148.0 134
149.0 137
150.0 129
151.0 126
152.0 138
153.0 139
154.0 133
155.0 124
156.0 127
157.0 123
158.0 129
159.0 107
160.0 117
161.0 121
162.0 119
163.0 119
164.0 110
165.0 99
166.0 107
167.0 103
168.0 118
169.0 105
170.0 102
171.0 110
172.0 103
173.0 105
174.0 87
175.0 98
176.0 104
177.0 90
178.0 97
179.0 100
180.0 84
181.0 92
182.0 93
183.0 86
184.0 90
185.0 96
186.0 101
187.0 86
188.0 108
189.0 80
190.0 78
191.0 98
192.0 99
193.0 83
194.0 85
195.0 91
196.0 88
197.0 80
198.0 83
199.0 79
200.0 77
201.0 83
202.0 90
203.0 60
204.0 77
205.0 66
206.0 74
207.0 84
208.0 69
209.0 67
210.0 69
211.0 71
212.0 70
213.0 87
214.0 56
215.0 57
216.0 70
217.0 96
218.0 72
219.0 69
220.0 69
221.0 49
222.0 66
223.0 67
224.0 81
225.0 48
226.0 61
227.0 64
228.0 67
229.0 58
230.0 48
231.0 58
232.0 60
233.0 50
234.0 66
235.0 64
236.0 71
237.0 38
238.0 54
239.0 42
240.0 34
241.0 49
242.0 62
243.0 50
244.0 49
245.0 64
246.0 56
247.0 60
248.0 46
249.0 48
250.0 50
251.0 53
252.0 44
253.0 53
254.0 58
255.0 61
256.0 52
257.0 53
258.0 56
259.0 49
260.0 61
261.0 36
262.0 69
263.0 45
264.0 51
265.0 51
266.0 51
267.0 59
268.0 49
269.0 44
270.0 53
271.0 62
272.0 50
273.0 45
274.0 38
275.0 44
276.0 59
277.0 39
278.0 41
279.0 46
280.0 46
281.0 36
282.0 39
283.0 44
284.0 52
285.0 51
286.0 44
287.0 35
288.0 48
289.0 37
290.0 48
291.0 43
292.0 38
293.0 49
294.0 35
295.0 51
296.0 47
297.0 45
298.0 41
299.0 29
300.0 50
301.0 47
302.0 39
303.0 41
304.0 36
305.0 49
306.0 35
307.0 33
308.0 36
309.0 42
310.0 40
311.0 32
312.0 52
313.0 34
314.0 31
315.0 33
316.0 39
317.0 28
318.0 32
319.0 33
320.0 45
321.0 40
322.0 34
323.0 32
324.0 37
325.0 35
326.0 31
327.0 30
328.0 29
329.0 29
330.0 34
331.0 25
332.0 32
333.0 37
334.0 44
335.0 33
336.0 38
337.0 35
338.0 30
339.0 33
340.0 34
341.0 23
342.0 36
343.0 35
344.0 26
345.0 38
346.0 38
347.0 30
348.0 32
349.0 34
350.0 24
351.0 35
352.0 27
353.0 29
354.0 25
355.0 32
356.0 24
357.0 29
358.0 30
359.0 30
360.0 20
361.0 19
362.0 25
363.0 26
364.0 32
365.0 34
366.0 35
367.0 26
368.0 19
369.0 27
370.0 25
371.0 38
372.0 33
373.0 26
374.0 29
375.0 29
376.0 25
377.0 35
378.0 30
379.0 31
380.0 31
381.0 23
382.0 28
383.0 26
384.0 17
385.0 25
386.0 19
387.0 17
388.0 19
389.0 16
390.0 21
391.0 27
392.0 17
393.0 20
394.0 21
395.0 17
396.0 27
397.0 22
398.0 23
399.0 16
400.0 23
401.0 15
402.0 14
403.0 31
404.0 27
405.0 23
406.0 24
407.0 22
408.0 24
409.0 22
410.0 29
411.0 14
412.0 22
413.0 21
414.0 21
415.0 23
416.0 18
417.0 19
418.0 21
419.0 25
420.0 19
421.0 13
422.0 20
423.0 19
424.0 22
425.0 18
426.0 22
427.0 23
428.0 26
429.0 7
430.0 17
431.0 23
432.0 17
433.0 14
434.0 12
435.0 11
436.0 17
437.0 20
438.0 15
439.0 15
440.0 24
441.0 24
442.0 14
443.0 16
444.0 17
445.0 19
446.0 18
447.0 19
448.0 14
449.0 19
450.0 21
451.0 15
452.0 15
453.0 16
454.0 15
455.0 9
456.0 18
457.0 16
458.0 22
459.0 15
460.0 12
461.0 20
462.0 19
463.0 9
464.0 17
465.0 17
466.0 16
467.0 14
468.0 19
469.0 18
470.0 12
471.0 14
472.0 23
473.0 19
474.0 15
475.0 20
476.0 19
477.0 14
478.0 14
479.0 14
480.0 14
481.0 17
482.0 11
483.0 16
484.0 10
485.0 17
486.0 10
487.0 14
488.0 20
489.0 10
490.0 16
491.0 13
492.0 14
493.0 24
494.0 16
495.0 9
496.0 17
497.0 16
498.0 15
499.0 17
500.0 15
501.0 15
502.0 17
503.0 11
504.0 10
505.0 19
506.0 24
507.0 14
508.0 15
509.0 11
510.0 15
511.0 15
512.0 17
513.0 18
514.0 17
515.0 11
516.0 9
517.0 10
518.0 9
519.0 13
520.0 10
521.0 17
522.0 18
523.0 17
524.0 10
525.0 20
526.0 13
527.0 12
528.0 15
529.0 12
530.0 8
531.0 16
532.0 23
533.0 12
534.0 17
535.0 19
536.0 15
537.0 8
538.0 13
539.0 13
540.0 12
541.0 18
542.0 14
543.0 16
544.0 14
545.0 9
546.0 13
547.0 7
548.0 17
549.0 16
550.0 15
551.0 9
552.0 11
553.0 10
554.0 5
555.0 9
556.0 18
557.0 10
558.0 14
559.0 10
560.0 6
561.0 16
562.0 12
563.0 12
564.0 15
565.0 11
566.0 7
567.0 13
568.0 6
569.0 12
570.0 11
571.0 10
572.0 13
573.0 8
574.0 16
575.0 7
576.0 15
577.0 14
578.0 17
579.0 13
580.0 10
581.0 13
582.0 9
583.0 11
584.0 9
585.0 9
586.0 8
587.0 14
588.0 12
589.0 24
590.0 8
591.0 12
592.0 6
593.0 12
594.0 10
595.0 8
596.0 14
597.0 7
598.0 14
599.0 12
600.0 15
601.0 15
602.0 9
603.0 15
604.0 12
605.0 14
606.0 15
607.0 10
608.0 6
609.0 10
610.0 16
611.0 6
612.0 10
613.0 12
614.0 8
615.0 8
616.0 12
617.0 7
618.0 8
619.0 11
620.0 12
621.0 6
622.0 7
623.0 3
624.0 6
625.0 7
626.0 5
627.0 12
628.0 6
629.0 7
630.0 9
631.0 8
632.0 11
633.0 9
634.0 12
635.0 13
636.0 10
637.0 17
638.0 4
639.0 7
640.0 6
641.0 12
642.0 12
643.0 12
644.0 6
645.0 6
646.0 7
647.0 4
648.0 7
649.0 15
650.0 8
651.0 9
652.0 11
653.0 11
654.0 6
655.0 7
656.0 10
657.0 9
658.0 5
659.0 8
660.0 11
661.0 14
662.0 10
663.0 9
664.0 8
665.0 11
666.0 8
667.0 11
668.0 9
669.0 13
670.0 3
671.0 10
672.0 5
673.0 12
674.0 8
675.0 9
676.0 10
677.0 6
678.0 11
679.0 9
680.0 10
681.0 8
682.0 10
683.0 8
684.0 11
685.0 10
686.0 11
687.0 11
688.0 6
689.0 5
690.0 11
691.0 7
692.0 8
693.0 12
694.0 8
695.0 10
696.0 8
697.0 8
698.0 7
699.0 7
700.0 6
701.0 4
702.0 7
703.0 2
704.0 12
705.0 11
706.0 6
707.0 8
708.0 14
709.0 9
710.0 11
711.0 9
712.0 10
713.0 11
714.0 6
715.0 3
716.0 4
717.0 5
718.0 10
719.0 8
720.0 6
721.0 9
722.0 6
723.0 4
724.0 10
725.0 12
726.0 6
727.0 3
728.0 8
729.0 5
730.0 6
731.0 3
732.0 6
733.0 6
734.0 4
735.0 7
736.0 7
737.0 4
738.0 8
739.0 7
740.0 4
741.0 7
742.0 7
743.0 7
744.0 9
745.0 5
746.0 7
747.0 7
748.0 10
749.0 10
750.0 7
751.0 14
752.0 6
753.0 7
754.0 5
755.0 9
756.0 9
757.0 3
758.0 2
759.0 4
760.0 7
761.0 6
762.0 11
763.0 11
764.0 8
765.0 8
766.0 7
767.0 5
768.0 4
769.0 7
770.0 8
771.0 5
772.0 9
773.0 7
774.0 4
775.0 2
776.0 2
777.0 9
778.0 5
779.0 6
780.0 9
781.0 4
782.0 4
783.0 6
784.0 5
785.0 7
786.0 8
787.0 5
788.0 4
789.0 7
790.0 4
791.0 7
792.0 4
793.0 9
794.0 7
795.0 6
796.0 5
797.0 6
798.0 5
799.0 1
800.0 7
801.0 2
802.0 5
803.0 7
804.0 7
805.0 3
806.0 4
807.0 3
808.0 2
809.0 8
810.0 6
811.0 9
812.0 6
813.0 1
814.0 6
815.0 2
816.0 8
817.0 5
818.0 4
819.0 6
820.0 5
821.0 3
822.0 5
823.0 4
824.0 7
825.0 3
826.0 7
827.0 6
828.0 5
829.0 9
830.0 9
831.0 4
832.0 3
833.0 5
834.0 3
835.0 7
836.0 7
837.0 4
838.0 4
839.0 1
840.0 6
841.0 7
842.0 7
844.0 5
845.0 5
846.0 10
847.0 2
848.0 2
849.0 4
850.0 4
851.0 3
852.0 4
853.0 5
854.0 4
855.0 5
856.0 5
857.0 2
858.0 5
859.0 3
860.0 4
861.0 1
862.0 8
863.0 4
864.0 4
865.0 8
866.0 6
867.0 4
868.0 5
869.0 7
871.0 8
872.0 2
873.0 6
874.0 3
875.0 3
876.0 14
877.0 3
878.0 6
879.0 5
880.0 5
881.0 6
882.0 4
883.0 7
884.0 2
885.0 5
886.0 11
887.0 5
888.0 3
890.0 2
891.0 12
892.0 6
893.0 4
894.0 6
895.0 5
896.0 3
897.0 4
898.0 2
899.0 3
900.0 4
901.0 5
902.0 2
903.0 9
904.0 2
905.0 6
906.0 3
907.0 5
908.0 3
909.0 4
910.0 2
911.0 6
912.0 8
913.0 4
914.0 3
915.0 8
916.0 1
917.0 4
918.0 9
919.0 6
920.0 4
921.0 6
922.0 1
923.0 4
924.0 6
925.0 2
926.0 6
927.0 2
928.0 3
929.0 2
930.0 2
931.0 3
932.0 5
933.0 5
934.0 3
935.0 3
936.0 3
937.0 9
938.0 4
939.0 5
940.0 2
941.0 4
942.0 5
943.0 2
944.0 2
945.0 6
946.0 5
947.0 2
948.0 3
949.0 3
950.0 3
951.0 1
952.0 3
953.0 1
954.0 3
955.0 3
956.0 4
957.0 4
958.0 8
959.0 1
960.0 3
961.0 4
962.0 6
963.0 3
964.0 3
965.0 4
966.0 8
967.0 3
968.0 3
969.0 4
970.0 7
971.0 3
972.0 6
973.0 3
974.0 5
975.0 4
976.0 3
977.0 4
978.0 2
979.0 2
980.0 1
981.0 6
982.0 2
983.0 5
984.0 3
985.0 3
986.0 2
987.0 3
988.0 3
989.0 6
990.0 4
991.0 3
992.0 1
993.0 5
994.0 3
995.0 4
996.0 3
997.0 5
998.0 3
999.0 3
1001.0 5
1002.0 3
1003.0 2
1004.0 3
1005.0 2
1006.0 1
1007.0 4
1008.0 3
1009.0 1
1010.0 3
1011.0 3
1012.0 1
1013.0 2
1014.0 4
1015.0 5
1016.0 2
1017.0 6
1018.0 7
1019.0 6
1020.0 1
1021.0 7
1022.0 5
1023.0 2
1024.0 4
1025.0 5
1026.0 5
1027.0 3
1028.0 4
1029.0 1
1030.0 1
1031.0 3
1032.0 3
1033.0 4
1035.0 6
1036.0 5
1037.0 4
1038.0 5
1039.0 5
1040.0 4
1041.0 3
1042.0 5
1043.0 9
1044.0 3
1045.0 2
1046.0 2
1047.0 4
1048.0 3
1050.0 5
1051.0 1
1052.0 3
1053.0 2
1054.0 3
1055.0 2
1056.0 1
1057.0 4
1058.0 4
1059.0 1
1060.0 2
1062.0 5
1063.0 5
1064.0 3
1065.0 2
1066.0 2
1067.0 2
1068.0 2
1069.0 3
1070.0 2
1071.0 3
1072.0 3
1073.0 3
1074.0 3
1075.0 2
1076.0 5
1077.0 3
1078.0 1
1079.0 2
1080.0 2
1081.0 2
1082.0 6
1083.0 4
1084.0 1
1085.0 2
1086.0 2
1087.0 3
1088.0 3
1089.0 3
1090.0 2
1091.0 3
1092.0 5
1093.0 5
1094.0 8
1095.0 2
1096.0 5
1097.0 4
1098.0 1
1099.0 4
1100.0 2
1101.0 3
1103.0 3
1104.0 2
1105.0 2
1106.0 2
1107.0 3
1108.0 2
1109.0 2
1110.0 1
1111.0 3
1112.0 4
1113.0 4
1114.0 4
1115.0 3
1116.0 4
1117.0 1
1118.0 8
1119.0 6
1120.0 6
1121.0 1
1122.0 1
1123.0 2
1124.0 4
1125.0 1
1126.0 3
1127.0 2
1128.0 2
1129.0 5
1130.0 2
1131.0 3
1132.0 1
1133.0 1
1134.0 2
1135.0 6
1136.0 3
1137.0 2
1138.0 3
1139.0 3
1140.0 1
1142.0 1
1143.0 1
1144.0 1
1145.0 4
1146.0 4
1147.0 1
1148.0 3
1149.0 3
1150.0 1
1151.0 2
1152.0 5
1153.0 2
1154.0 1
1155.0 1
1156.0 4
1157.0 3
1158.0 1
1159.0 4
1160.0 3
1161.0 4
1162.0 4
1163.0 4
1164.0 2
1166.0 1
1167.0 2
1168.0 4
1169.0 4
1170.0 2
1171.0 2
1172.0 2
1173.0 1
1174.0 2
1176.0 4
1177.0 3
1178.0 4
1179.0 2
1180.0 1
1181.0 2
1182.0 2
1183.0 1
1184.0 4
1185.0 4
1186.0 1
1187.0 5
1188.0 3
1189.0 2
1192.0 2
1194.0 6
1195.0 1
1196.0 1
1197.0 2
1198.0 3
1199.0 5
1200.0 4
1201.0 1
1202.0 2
1203.0 1
1204.0 4
1205.0 2
1206.0 4
1207.0 2
1208.0 3
1209.0 4
1210.0 3
1211.0 2
1212.0 4
1213.0 3
1214.0 3
1215.0 2
1216.0 2
1217.0 1
1219.0 3
1221.0 2
1222.0 2
1223.0 4
1224.0 1
1225.0 3
1226.0 2
1227.0 1
1228.0 3
1229.0 1
1230.0 4
1231.0 5
1232.0 2
1233.0 1
1234.0 4
1235.0 1
1236.0 3
1237.0 4
1238.0 3
1239.0 1
1240.0 2
1241.0 2
1242.0 2
1243.0 1
1244.0 1
1245.0 3
1246.0 4
1247.0 1
1248.0 3
1249.0 2
1250.0 1
1251.0 2
1252.0 1
1253.0 2
1254.0 2
1256.0 2
1257.0 1
1258.0 2
1259.0 2
1260.0 1
1261.0 3
1262.0 5
1263.0 2
1264.0 2
1266.0 1
1267.0 1
1268.0 1
1269.0 4
1271.0 3
1272.0 4
1273.0 3
1274.0 2
1278.0 4
1280.0 1
1281.0 4
1282.0 3
1283.0 2
1284.0 3
1285.0 3
1286.0 1
1288.0 1
1292.0 4
1293.0 3
1294.0 2
1295.0 1
1296.0 2
1297.0 3
1298.0 2
1299.0 3
1301.0 4
1302.0 5
1303.0 3
1304.0 1
1305.0 2
1307.0 1
1309.0 2
1311.0 6
1312.0 1
1313.0 1
1315.0 2
1316.0 2
1317.0 1
1318.0 3
1319.0 2
1320.0 1
1321.0 2
1322.0 4
1323.0 5
1324.0 3
1325.0 2
1326.0 1
1328.0 1
1329.0 2
1330.0 1
1331.0 2
1333.0 1
1336.0 6
1337.0 4
1338.0 1
1339.0 2
1340.0 1
1341.0 2
1343.0 1
1344.0 2
1345.0 2
1346.0 1
1347.0 2
1348.0 3
1349.0 1
1350.0 3
1351.0 1
1352.0 2
1354.0 1
1355.0 4
1356.0 3
1357.0 5
1358.0 1
1359.0 1
1360.0 1
1361.0 2
1362.0 2
1363.0 2
1364.0 3
1365.0 2
1366.0 1
1368.0 1
1369.0 2
1370.0 1
1371.0 2
1372.0 4
1373.0 3
1374.0 2
1375.0 2
1376.0 1
1377.0 2
1378.0 3
1379.0 5
1380.0 3
1381.0 2
1382.0 1
1383.0 1
1384.0 1
1386.0 2
1387.0 2
1388.0 1
1389.0 2
1390.0 1
1391.0 2
1392.0 2
1395.0 4
1396.0 1
1397.0 1
1398.0 1
1399.0 1
1400.0 1
1401.0 1
1402.0 1
1403.0 3
1404.0 1
1406.0 1
1407.0 3
1408.0 3
1410.0 1
1411.0 3
1412.0 1
1414.0 2
1415.0 1
1416.0 4
1417.0 1
1419.0 1
1420.0 1
1422.0 2
1423.0 3
1424.0 1
1425.0 2
1426.0 1
1427.0 1
1429.0 1
1430.0 1
1431.0 1
1432.0 1
1433.0 3
1437.0 1
1439.0 2
1440.0 2
1441.0 1
1443.0 1
1444.0 4
1445.0 1
1446.0 3
1447.0 3
1449.0 2
1450.0 2
1451.0 1
1452.0 4
1453.0 1
1454.0 1
1455.0 1
1456.0 1
1457.0 1
1458.0 1
1460.0 1
1461.0 1
1462.0 4
1463.0 1
1464.0 1
1465.0 1
1466.0 1
1467.0 3
1468.0 2
1470.0 1
1474.0 2
1475.0 2
1476.0 1
1477.0 1
1478.0 1
1479.0 1
1481.0 1
1484.0 4
1485.0 2
1486.0 1
1487.0 1
1488.0 2
1489.0 1
1490.0 2
1491.0 1
1492.0 1
1493.0 1
1494.0 2
1495.0 1
1496.0 1
1497.0 1
1498.0 1
1499.0 2
1500.0 1
1501.0 2
1502.0 1
1503.0 2
1504.0 2
1505.0 3
1506.0 1
1507.0 1
1508.0 1
1509.0 1
1511.0 1
1513.0 1
1514.0 1
1518.0 2
1519.0 1
1520.0 1
1521.0 2
1522.0 1
1524.0 2
1525.0 1
1526.0 1
1528.0 1
1529.0 3
1532.0 1
1533.0 2
1534.0 1
1535.0 2
1536.0 2
1537.0 1
1538.0 1
1540.0 1
1541.0 2
1545.0 1
1546.0 1
1548.0 1
1549.0 1
1550.0 1
1552.0 2
1554.0 1
1555.0 2
1556.0 1
1557.0 2
1558.0 3
1559.0 1
1560.0 1
1562.0 3
1565.0 2
1566.0 1
1567.0 1
1568.0 2
1570.0 1
1571.0 1
1572.0 3
1573.0 2
1574.0 5
1575.0 1
1576.0 1
1577.0 1
1578.0 1
1579.0 2
1580.0 2
1583.0 3
1584.0 2
1585.0 4
1587.0 2
1588.0 1
1594.0 3
1595.0 3
1598.0 1
1599.0 2
1600.0 1
1601.0 1
1602.0 1
1603.0 1
1604.0 2
1605.0 3
1607.0 1
1608.0 2
1610.0 1
1611.0 1
1614.0 3
1616.0 2
1617.0 1
1618.0 3
1619.0 2
1620.0 1
1622.0 1
1623.0 2
1624.0 1
1626.0 3
1627.0 3
1632.0 1
1633.0 3
1634.0 1
1635.0 2
1637.0 2
1639.0 2
1641.0 1
1643.0 1
1646.0 2
1647.0 3
1648.0 2
1650.0 3
1651.0 3
1652.0 2
1654.0 2
1656.0 2
1659.0 2
1661.0 1
1662.0 2
1663.0 3
1664.0 1
1665.0 2
1666.0 3
1669.0 1
1670.0 2
1672.0 1
1677.0 3
1678.0 3
1679.0 2
1682.0 1
1683.0 1
1684.0 2
1685.0 1
1686.0 1
1687.0 4
1688.0 1
1689.0 2
1691.0 1
1692.0 1
1694.0 1
1695.0 2
1696.0 2
1697.0 2
1698.0 2
1699.0 2
1701.0 1
1702.0 1
1703.0 1
1705.0 1
1706.0 2
1707.0 1
1708.0 2
1709.0 1
1711.0 3
1713.0 1
1718.0 1
1721.0 1
1723.0 1
1724.0 1
1727.0 1
1728.0 3
1729.0 2
1730.0 1
1732.0 1
1733.0 1
1734.0 3
1736.0 1
1738.0 1
1740.0 3
1742.0 1
1743.0 1
1744.0 1
1747.0 1
1748.0 2
1749.0 1
1750.0 2
1753.0 2
1754.0 2
1755.0 2
1757.0 1
1758.0 1
1759.0 1
1760.0 2
1761.0 1
1762.0 1
1763.0 1
1764.0 1
1766.0 1
1767.0 1
1768.0 1
1770.0 2
1771.0 1
1772.0 1
1773.0 2
1777.0 2
1778.0 1
1779.0 2
1780.0 3
1781.0 1
1785.0 4
1786.0 2
1787.0 1
1788.0 1
1791.0 3
1793.0 1
1796.0 2
1797.0 1
1799.0 1
1801.0 1
1803.0 2
1804.0 1
1805.0 1
1808.0 1
1811.0 2
1816.0 1
1817.0 1
1818.0 1
1819.0 1
1820.0 1
1821.0 1
1827.0 2
1829.0 1
1830.0 1
1834.0 1
1835.0 2
1836.0 1
1837.0 1
1838.0 1
1839.0 1
1840.0 2
1846.0 3
1847.0 2
1848.0 1
1852.0 1
1853.0 1
1855.0 1
1856.0 2
1857.0 2
1858.0 2
1859.0 2
1863.0 1
1864.0 1
1865.0 2
1870.0 1
1871.0 1
1874.0 1
1875.0 1
1876.0 1
1878.0 3
1879.0 2
1886.0 1
1890.0 2
1891.0 3
1894.0 1
1896.0 1
1898.0 2
1899.0 1
1901.0 2
1902.0 1
1903.0 3
1904.0 1
1907.0 1
1908.0 2
1909.0 2
1911.0 2
1913.0 2
1914.0 1
1915.0 2
1918.0 2
1920.0 3
1922.0 2
1924.0 2
1926.0 1
1929.0 1
1931.0 1
1933.0 3
1934.0 2
1936.0 1
1937.0 1
1941.0 1
1943.0 2
1944.0 1
1946.0 1
1951.0 1
1952.0 1
1953.0 1
1960.0 1
1961.0 2
1965.0 1
1968.0 1
1969.0 1
1971.0 2
1976.0 1
1978.0 1
1979.0 2
1980.0 1
1983.0 1
1984.0 1
1988.0 3
1989.0 1
1990.0 2
1991.0 1
1993.0 3
1997.0 2
1999.0 1
2000.0 2
2001.0 2
2005.0 1
2006.0 1
2007.0 3
2010.0 1
2011.0 1
2013.0 1
2015.0 1
2016.0 2
2018.0 3
2020.0 1
2021.0 1
2022.0 1
2025.0 1
2028.0 2
2030.0 1
2034.0 1
2035.0 1
2036.0 2
2037.0 1
2041.0 2
2043.0 1
2044.0 1
2045.0 2
2047.0 1
2048.0 1
2050.0 1
2053.0 1
2054.0 1
2059.0 3
2060.0 1
2061.0 2
2062.0 1
2065.0 1
2068.0 1
2073.0 1
2077.0 3
2078.0 1
2079.0 1
2082.0 2
2086.0 1
2087.0 1
2089.0 1
2090.0 2
2091.0 1
2092.0 1
2093.0 1
2096.0 1
2098.0 1
2099.0 2
2101.0 1
2102.0 1
2103.0 1
2105.0 1
2108.0 3
2113.0 1
2116.0 2
2117.0 1
2118.0 1
2120.0 1
2121.0 1
2123.0 1
2127.0 2
2131.0 1
2133.0 1
2134.0 1
2136.0 2
2142.0 1
2143.0 1
2144.0 1
2145.0 2
2146.0 1
2147.0 3
2151.0 1
2152.0 1
2153.0 1
2156.0 1
2157.0 1
2159.0 1
2162.0 1
2164.0 2
2166.0 2
2167.0 1
2170.0 1
2173.0 2
2174.0 1
2177.0 1
2178.0 1
2182.0 1
2184.0 3
2185.0 1
2186.0 1
2187.0 1
2188.0 2
2190.0 1
2192.0 1
2193.0 1
2194.0 1
2195.0 2
2198.0 1
2202.0 1
2204.0 3
2207.0 2
2209.0 1
2210.0 1
2218.0 1
2219.0 2
2220.0 1
2222.0 1
2225.0 2
2226.0 1
2227.0 1
2229.0 1
2241.0 1
2243.0 1
2246.0 1
2247.0 1
2248.0 1
2250.0 1
2255.0 2
2264.0 1
2268.0 2
2273.0 1
2278.0 1
2281.0 1
2283.0 1
2285.0 1
2286.0 1
2287.0 2
2288.0 2
2290.0 1
2292.0 2
2293.0 1
2294.0 2
2295.0 1
2297.0 1
2301.0 1
2303.0 2
2307.0 2
2315.0 1
2316.0 1
2320.0 1
2327.0 1
2328.0 1
2330.0 2
2340.0 1
2344.0 1
2347.0 1
2348.0 1
2350.0 1
2355.0 1
2356.0 1
2358.0 1
2363.0 1
2364.0 1
2365.0 1
2366.0 2
2368.0 1
2370.0 2
2372.0 1
2373.0 1
2375.0 1
2376.0 1
2378.0 1
2382.0 1
2385.0 1
2386.0 1
2389.0 1
2390.0 4
2391.0 1
2394.0 2
2401.0 1
2402.0 1
2403.0 1
2405.0 1
2407.0 1
2408.0 1
2411.0 2
2413.0 1
2414.0 2
2423.0 1
2425.0 1
2431.0 1
2433.0 2
2436.0 2
2443.0 1
2445.0 2
2446.0 1
2448.0 1
2449.0 1
2452.0 1
2455.0 1
2456.0 1
2460.0 1
2462.0 2
2468.0 2
2470.0 1
2471.0 1
2472.0 1
2474.0 1
2476.0 1
2478.0 1
2481.0 2
2482.0 1
2483.0 1
2484.0 2
2486.0 1
2489.0 1
2491.0 1
2492.0 1
2498.0 1
2499.0 2
2501.0 1
2503.0 2
2505.0 1
2506.0 1
2507.0 2
2510.0 1
2513.0 1
2514.0 1
2517.0 1
2521.0 1
2524.0 1
2525.0 1
2528.0 1
2530.0 1
2531.0 1
2536.0 1
2539.0 1
2545.0 2
2548.0 1
2552.0 1
2570.0 1
2572.0 2
2576.0 1
2580.0 1
2589.0 1
2593.0 1
2603.0 1
2605.0 1
2609.0 1
2611.0 1
2616.0 1
2617.0 1
2619.0 1
2620.0 2
2625.0 1
2629.0 1
2630.0 1
2634.0 1
2640.0 1
2641.0 1
2644.0 1
2647.0 1
2652.0 1
2658.0 1
2660.0 1
2666.0 2
2669.0 2
2671.0 2
2674.0 1
2680.0 1
2682.0 1
2690.0 2
2693.0 1
2698.0 1
2702.0 1
2703.0 1
2705.0 1
2706.0 1
2708.0 1
2710.0 1
2712.0 1
2718.0 1
2719.0 1
2720.0 1
2727.0 1
2742.0 1
2745.0 2
2747.0 1
2750.0 1
2751.0 2
2754.0 1
2756.0 1
2761.0 1
2762.0 1
2769.0 1
2770.0 2
2771.0 1
2772.0 1
2773.0 1
2774.0 1
2775.0 1
2778.0 2
2780.0 1
2785.0 1
2795.0 1
2803.0 1
2806.0 1
2808.0 1
2810.0 1
2813.0 1
2816.0 1
2817.0 1
2821.0 1
2827.0 1
2837.0 2
2844.0 1
2845.0 1
2846.0 1
2848.0 1
2852.0 1
2854.0 2
2858.0 1
2862.0 1
2866.0 1
2867.0 2
2868.0 1
2871.0 1
2873.0 2
2876.0 1
2884.0 1
2885.0 1
2887.0 1
2892.0 1
2904.0 1
2906.0 1
2907.0 1
2909.0 1
2912.0 1
2913.0 1
2917.0 2
2918.0 1
2919.0 1
2924.0 1
2928.0 1
2931.0 1
2944.0 2
2945.0 1
2951.0 1
2952.0 1
2953.0 1
2960.0 1
2963.0 1
2969.0 1
2977.0 2
2979.0 2
2981.0 1
2995.0 1
2997.0 1
3004.0 1
3009.0 1
3015.0 1
3019.0 1
3020.0 1
3024.0 2
3026.0 1
3031.0 2
3038.0 1
3042.0 1
3046.0 2
3056.0 1
3064.0 1
3067.0 2
3076.0 1
3077.0 1
3082.0 1
3084.0 2
3090.0 1
3091.0 1
3097.0 1
3107.0 1
3110.0 1
3114.0 1
3117.0 1
3118.0 1
3120.0 2
3122.0 2
3135.0 1
3139.0 2
3141.0 1
3143.0 1
3147.0 1
3148.0 1
3149.0 1
3152.0 1
3154.0 1
3166.0 1
3181.0 1
3182.0 1
3188.0 2
3198.0 1
3199.0 1
3203.0 1
3213.0 1
3217.0 1
3220.0 1
3226.0 1
3232.0 1
3240.0 1
3242.0 2
3251.0 1
3263.0 1
3270.0 1
3274.0 2
3279.0 1
3282.0 1
3283.0 1
3288.0 1
3292.0 1
3293.0 1
3294.0 2
3296.0 1
3298.0 1
3303.0 1
3307.0 1
3308.0 2
3310.0 1
3315.0 1
3320.0 1
3328.0 1
3331.0 1
3334.0 1
3337.0 1
3341.0 1
3344.0 1
3349.0 1
3350.0 1
3360.0 1
3364.0 1
3370.0 1
3371.0 1
3374.0 1
3377.0 1
3379.0 1
3384.0 1
3391.0 1
3406.0 2
3418.0 1
3446.0 1
3447.0 1
3462.0 1
3509.0 1
3515.0 1
3529.0 1
3530.0 1
3531.0 1
3535.0 1
3538.0 1
3543.0 1
3546.0 1
3550.0 1
3553.0 1
3555.0 1
3560.0 1
3561.0 1
3563.0 1
3576.0 1
3583.0 1
3585.0 1
3592.0 1
3595.0 1
3598.0 2
3611.0 1
3613.0 1
3619.0 1
3624.0 1
3628.0 1
3655.0 1
3665.0 1
3672.0 1
3694.0 1
3695.0 1
3706.0 1
3711.0 1
3731.0 1
3736.0 1
3741.0 1
3754.0 1
3759.0 1
3761.0 1
3764.0 1
3765.0 1
3768.0 1
3777.0 1
3782.0 1
3799.0 1
3802.0 1
3810.0 1
3834.0 1
3842.0 1
3855.0 1
3857.0 1
3868.0 1
3893.0 1
3896.0 1
3920.0 3
3938.0 1
3941.0 1
3942.0 1
3955.0 1
3956.0 1
3961.0 1
3984.0 1
3998.0 1
4003.0 2
4022.0 1
4058.0 1
4064.0 1
4070.0 1
4078.0 1
4086.0 1
4103.0 1
4107.0 1
4110.0 1
4130.0 1
4142.0 1
4197.0 1
4198.0 1
4202.0 1
4231.0 1
4257.0 1
4307.0 1
4311.0 1
4327.0 1
4336.0 1
4381.0 1
4419.0 1
4428.0 1
4444.0 1
4449.0 1
4454.0 1
4458.0 1
4526.0 1
4527.0 1
4529.0 1
4534.0 1
4539.0 1
4542.0 1
4551.0 1
4552.0 2
4554.0 1
4581.0 1
4582.0 1
4587.0 1
4591.0 1
4689.0 1
4710.0 1
4738.0 1
4780.0 2
4783.0 1
4796.0 1
4810.0 1
4812.0 1
4852.0 1
4868.0 1
4870.0 1
4897.0 1
4907.0 1
5008.0 1
5016.0 1
5083.0 1
5086.0 1
5094.0 1
5159.0 1
5163.0 1
5205.0 1
5237.0 2
5239.0 1
5249.0 1
5268.0 1
5270.0 1
5291.0 1
5295.0 1
5310.0 1
5336.0 1
5376.0 1
5435.0 1
5443.0 1
5455.0 1
5456.0 1
5495.0 1
5548.0 1
5549.0 1
5553.0 1
5581.0 1
5692.0 1
5751.0 1
5755.0 1
5844.0 1
5908.0 1
5963.0 1
5984.0 1
6080.0 1
6107.0 1
6142.0 1
6147.0 1
6215.0 1
6218.0 1
6232.0 1
6258.0 1
6278.0 1
6308.0 1
6321.0 1
6361.0 1
6377.0 1
6542.0 1
6625.0 1
6646.0 1
6709.0 1
6713.0 1
6759.0 1
6810.0 1
6853.0 1
7017.0 1
7024.0 1
7101.0 1
7113.0 1
7209.0 1
7265.0 1
7274.0 1
7321.0 1
7336.0 1
7457.0 1
7532.0 1
7592.0 1
7630.0 1
7750.0 1
7789.0 1
7929.0 2
7979.0 1
8008.0 1
8027.0 1
8182.0 1
8376.0 1
8641.0 1
8712.0 1
9385.0 1
9649.0 1
9654.0 1
9729.0 1
9788.0 1
10158.0 1
10175.0 1
10198.0 1
10443.0 1
10515.0 1
11707.0 1
11861.0 1
12300.0 1
12726.0 1
13241.0 1
13360.0 1
13648.0 1
13675.0 1
13724.0 1
13973.0 1
14471.0 1
14815.0 1
16396.0 1
21305.0 1
21435.0 1
204277.0 1
