1.0 322399
2.0 126968
3.0 68687
4.0 43728
5.0 30484
6.0 22486
7.0 17656
8.0 14229
9.0 11639
10.0 9832
11.0 8533
12.0 7318
13.0 6499
14.0 5793
15.0 5096
16.0 4643
17.0 4182
18.0 3676
19.0 3413
20.0 3185
21.0 2966
22.0 2690
23.0 2590
24.0 2349
25.0 2248
26.0 1988
27.0 1806
28.0 1848
29.0 1652
30.0 1561
31.0 1466
32.0 1393
33.0 1315
34.0 1325
35.0 1353
36.0 1224
37.0 1146
38.0 1037
39.0 1062
40.0 987
41.0 924
42.0 907
43.0 864
44.0 796
45.0 752
46.0 725
47.0 696
48.0 653
49.0 692
50.0 604
51.0 550
52.0 601
53.0 572
54.0 575
55.0 537
56.0 527
57.0 506
58.0 508
59.0 569
60.0 494
61.0 436
62.0 457
63.0 423
64.0 405
65.0 421
66.0 362
67.0 369
68.0 374
69.0 345
70.0 325
71.0 323
72.0 315
73.0 292
74.0 366
75.0 308
76.0 312
77.0 282
78.0 294
79.0 245
80.0 260
81.0 255
82.0 244
83.0 276
84.0 217
85.0 219
86.0 221
87.0 237
88.0 220
89.0 265
90.0 252
91.0 216
92.0 197
93.0 186
94.0 208
95.0 169
96.0 175
97.0 199
98.0 173
99.0 190
100.0 173
101.0 177
102.0 177
103.0 157
104.0 160
105.0 170
106.0 144
107.0 135
108.0 160
109.0 141
110.0 153
111.0 128
112.0 146
113.0 148
114.0 161
115.0 130
116.0 116
117.0 121
118.0 131
119.0 110
120.0 113
121.0 117
122.0 119
123.0 114
124.0 93
125.0 100
126.0 127
127.0 124
128.0 97
129.0 108
130.0 94
131.0 99
132.0 97
133.0 103
134.0 92
135.0 107
136.0 94
137.0 94
138.0 82
139.0 88
140.0 84
141.0 74
142.0 90
143.0 93
144.0 213
145.0 96
146.0 81
147.0 84
148.0 99
149.0 93
150.0 69
151.0 68
152.0 86
153.0 84
154.0 87
155.0 75
156.0 70
157.0 70
158.0 96
159.0 78
160.0 69
161.0 91
162.0 78
163.0 67
164.0 68
165.0 72
166.0 69
167.0 79
168.0 72
169.0 62
170.0 61
171.0 71
172.0 69
173.0 58
174.0 54
175.0 62
176.0 53
177.0 62
178.0 58
179.0 62
180.0 58
181.0 60
182.0 65
183.0 62
184.0 56
185.0 51
186.0 52
187.0 61
188.0 56
189.0 55
190.0 41
191.0 50
192.0 52
193.0 52
194.0 41
195.0 43
196.0 48
197.0 43
198.0 55
199.0 35
200.0 53
201.0 59
202.0 38
203.0 35
204.0 49
205.0 41
206.0 43
207.0 52
208.0 44
209.0 35
210.0 38
211.0 40
212.0 38
213.0 35
214.0 47
215.0 40
216.0 39
217.0 41
218.0 46
219.0 30
220.0 40
221.0 36
222.0 42
223.0 36
224.0 43
225.0 27
226.0 33
227.0 32
228.0 40
229.0 40
230.0 32
231.0 46
232.0 45
233.0 54
234.0 35
235.0 31
236.0 30
237.0 36
238.0 32
239.0 39
240.0 35
241.0 42
242.0 42
243.0 42
244.0 40
245.0 32
246.0 31
247.0 24
248.0 31
249.0 28
250.0 31
251.0 32
252.0 23
253.0 43
254.0 33
255.0 31
256.0 34
257.0 36
258.0 36
259.0 220
260.0 70
261.0 47
262.0 28
263.0 28
264.0 28
265.0 30
266.0 26
267.0 23
268.0 28
269.0 30
270.0 25
271.0 29
272.0 34
273.0 26
274.0 22
275.0 24
276.0 30
277.0 32
278.0 27
279.0 24
280.0 20
281.0 27
282.0 21
283.0 16
284.0 32
285.0 17
286.0 28
287.0 25
288.0 28
289.0 25
290.0 22
291.0 25
292.0 31
293.0 30
294.0 15
295.0 18
296.0 21
297.0 20
298.0 20
299.0 19
300.0 22
301.0 18
302.0 19
303.0 23
304.0 22
305.0 18
306.0 19
307.0 21
308.0 15
309.0 25
310.0 19
311.0 25
312.0 18
313.0 21
314.0 21
315.0 21
316.0 19
317.0 18
318.0 18
319.0 24
320.0 14
321.0 25
322.0 20
323.0 216
324.0 50
325.0 32
326.0 30
327.0 18
328.0 23
329.0 20
330.0 22
331.0 16
332.0 28
333.0 15
334.0 12
335.0 15
336.0 17
337.0 24
338.0 27
339.0 11
340.0 28
341.0 19
342.0 18
343.0 11
344.0 20
345.0 16
346.0 11
347.0 15
348.0 19
349.0 13
350.0 18
351.0 24
352.0 17
353.0 14
354.0 17
355.0 17
356.0 9
357.0 13
358.0 19
359.0 15
360.0 15
361.0 16
362.0 14
363.0 17
364.0 9
365.0 13
366.0 12
367.0 16
368.0 13
369.0 23
370.0 11
371.0 10
372.0 18
373.0 16
374.0 14
375.0 16
376.0 20
377.0 12
378.0 13
379.0 24
380.0 12
381.0 15
382.0 14
383.0 6
384.0 23
385.0 10
386.0 13
387.0 15
388.0 19
389.0 18
390.0 12
391.0 10
392.0 20
393.0 20
394.0 13
395.0 13
396.0 14
397.0 12
398.0 14
399.0 12
400.0 13
401.0 19
402.0 19
403.0 13
404.0 9
405.0 13
406.0 15
407.0 16
408.0 15
409.0 10
410.0 14
411.0 13
412.0 16
413.0 16
414.0 11
415.0 16
416.0 11
417.0 17
418.0 11
419.0 13
420.0 11
421.0 7
422.0 13
423.0 8
424.0 20
425.0 17
426.0 12
427.0 14
428.0 12
429.0 12
430.0 14
431.0 8
432.0 8
433.0 8
434.0 13
435.0 14
436.0 13
437.0 9
438.0 9
439.0 7
440.0 6
441.0 9
442.0 10
443.0 15
444.0 8
445.0 11
446.0 13
447.0 12
448.0 14
449.0 14
450.0 4
451.0 7
452.0 16
453.0 14
454.0 4
455.0 11
456.0 11
457.0 3
458.0 9
459.0 7
460.0 10
461.0 9
462.0 10
463.0 9
464.0 10
465.0 13
466.0 10
467.0 11
468.0 13
469.0 15
470.0 7
471.0 5
472.0 8
473.0 9
474.0 8
475.0 11
476.0 11
477.0 12
478.0 10
479.0 3
480.0 12
481.0 6
482.0 8
483.0 6
484.0 19
485.0 10
486.0 4
487.0 7
488.0 4
489.0 13
490.0 9
491.0 5
492.0 7
493.0 11
494.0 7
495.0 6
496.0 5
497.0 10
498.0 7
499.0 3
500.0 7
501.0 9
502.0 7
503.0 8
504.0 8
505.0 8
506.0 7
507.0 6
508.0 3
509.0 12
510.0 6
511.0 9
512.0 5
513.0 8
514.0 8
515.0 6
516.0 7
517.0 3
518.0 6
519.0 13
520.0 7
521.0 11
522.0 8
523.0 8
524.0 12
525.0 7
526.0 3
527.0 7
528.0 10
529.0 7
530.0 6
531.0 5
532.0 8
533.0 8
534.0 5
535.0 3
536.0 7
537.0 5
538.0 7
539.0 12
540.0 10
541.0 9
542.0 6
543.0 6
544.0 8
545.0 6
546.0 4
547.0 6
548.0 4
549.0 5
550.0 8
551.0 7
552.0 6
553.0 10
554.0 4
555.0 6
556.0 10
557.0 9
558.0 10
559.0 9
560.0 6
561.0 7
562.0 10
563.0 6
564.0 5
565.0 9
566.0 7
567.0 4
568.0 8
569.0 6
570.0 3
571.0 5
572.0 5
573.0 6
574.0 4
575.0 8
576.0 7
577.0 6
578.0 7
579.0 12
580.0 10
581.0 5
582.0 5
583.0 7
584.0 7
585.0 5
586.0 3
587.0 3
588.0 7
589.0 3
590.0 8
591.0 6
592.0 7
593.0 3
594.0 9
595.0 7
596.0 3
597.0 4
598.0 10
599.0 8
600.0 8
601.0 5
602.0 7
603.0 4
604.0 3
605.0 4
606.0 3
607.0 2
608.0 7
609.0 2
610.0 7
611.0 4
612.0 7
613.0 7
614.0 4
615.0 13
616.0 6
617.0 3
618.0 6
619.0 7
620.0 7
621.0 3
622.0 10
623.0 2
624.0 10
625.0 7
626.0 3
627.0 7
628.0 7
629.0 6
630.0 10
631.0 8
632.0 7
633.0 3
634.0 4
635.0 7
636.0 4
637.0 8
638.0 4
639.0 12
640.0 5
641.0 5
642.0 4
643.0 6
644.0 5
645.0 2
646.0 5
647.0 3
648.0 11
649.0 6
650.0 3
651.0 3
652.0 6
653.0 5
654.0 11
655.0 3
656.0 7
657.0 4
658.0 6
659.0 7
660.0 2
661.0 9
662.0 3
663.0 1
664.0 7
665.0 4
666.0 4
667.0 4
668.0 4
669.0 1
670.0 3
671.0 6
672.0 5
673.0 4
674.0 5
675.0 6
676.0 7
677.0 10
678.0 1
679.0 4
680.0 4
681.0 2
682.0 3
683.0 3
684.0 3
685.0 2
686.0 2
687.0 6
688.0 6
689.0 3
690.0 3
692.0 1
693.0 5
694.0 4
695.0 5
696.0 1
697.0 7
698.0 3
699.0 4
700.0 4
701.0 4
702.0 8
703.0 7
704.0 7
705.0 6
706.0 7
707.0 5
708.0 1
709.0 7
710.0 1
711.0 5
712.0 5
713.0 4
714.0 1
716.0 1
717.0 5
718.0 4
719.0 2
720.0 5
721.0 4
722.0 2
723.0 2
724.0 7
725.0 3
726.0 2
727.0 8
728.0 1
729.0 3
730.0 1
731.0 5
732.0 4
733.0 1
734.0 9
735.0 1
736.0 2
737.0 2
738.0 8
739.0 6
740.0 2
741.0 1
742.0 4
743.0 4
744.0 2
745.0 3
746.0 4
747.0 3
748.0 4
749.0 3
750.0 3
751.0 3
752.0 3
753.0 5
754.0 3
755.0 2
756.0 10
757.0 2
758.0 5
759.0 2
760.0 6
761.0 5
762.0 6
763.0 5
764.0 5
765.0 4
766.0 3
767.0 5
768.0 3
769.0 4
770.0 5
771.0 7
772.0 2
773.0 4
774.0 4
775.0 1
776.0 5
777.0 3
778.0 4
779.0 4
781.0 1
782.0 6
783.0 4
784.0 2
785.0 5
786.0 1
787.0 6
788.0 5
789.0 1
790.0 3
791.0 2
792.0 2
793.0 4
794.0 1
795.0 4
796.0 2
797.0 2
798.0 4
799.0 1
800.0 1
802.0 4
803.0 5
804.0 2
805.0 6
806.0 2
807.0 3
808.0 4
809.0 3
810.0 4
811.0 2
812.0 6
813.0 3
814.0 5
815.0 5
816.0 5
817.0 3
818.0 3
819.0 4
820.0 5
821.0 4
822.0 3
823.0 3
824.0 4
825.0 2
826.0 2
827.0 2
828.0 4
829.0 4
830.0 2
831.0 7
832.0 6
833.0 2
834.0 2
835.0 4
836.0 5
837.0 8
838.0 2
839.0 3
840.0 6
841.0 3
842.0 4
843.0 5
844.0 1
845.0 5
846.0 3
847.0 3
848.0 1
849.0 3
850.0 4
851.0 2
852.0 2
853.0 1
854.0 4
855.0 5
856.0 3
857.0 1
858.0 1
859.0 3
860.0 1
861.0 2
862.0 3
863.0 3
864.0 5
865.0 5
866.0 2
867.0 2
868.0 3
869.0 3
870.0 4
871.0 3
872.0 1
873.0 2
874.0 2
875.0 4
876.0 4
877.0 3
878.0 2
881.0 4
882.0 4
883.0 3
885.0 2
886.0 1
887.0 1
888.0 2
889.0 3
890.0 5
891.0 2
892.0 2
893.0 6
894.0 5
895.0 1
896.0 2
897.0 2
898.0 4
899.0 4
900.0 4
901.0 1
902.0 5
903.0 2
904.0 1
905.0 2
906.0 3
907.0 4
908.0 2
910.0 3
911.0 2
912.0 2
913.0 7
914.0 2
915.0 3
916.0 3
917.0 5
918.0 1
919.0 5
921.0 4
922.0 5
923.0 2
924.0 2
925.0 3
926.0 3
927.0 3
928.0 4
929.0 2
930.0 6
931.0 1
932.0 3
933.0 6
934.0 1
935.0 2
936.0 4
937.0 3
938.0 4
939.0 1
940.0 5
941.0 1
942.0 5
944.0 1
945.0 3
946.0 2
947.0 3
948.0 3
949.0 3
950.0 3
951.0 2
952.0 3
953.0 2
954.0 2
955.0 1
956.0 4
957.0 1
958.0 1
959.0 3
960.0 4
961.0 4
962.0 3
963.0 5
965.0 4
966.0 1
967.0 3
968.0 1
969.0 1
970.0 2
971.0 3
973.0 1
974.0 4
975.0 3
976.0 1
977.0 1
978.0 2
979.0 2
980.0 5
983.0 1
984.0 4
985.0 4
986.0 3
987.0 1
988.0 1
989.0 3
990.0 2
991.0 2
992.0 1
993.0 3
994.0 2
995.0 4
996.0 1
997.0 1
998.0 4
999.0 2
1000.0 1
1001.0 4
1002.0 1
1003.0 3
1004.0 1
1005.0 2
1007.0 3
1008.0 1
1009.0 1
1010.0 1
1011.0 3
1012.0 2
1013.0 1
1014.0 1
1015.0 3
1016.0 2
1017.0 1
1018.0 1
1019.0 1
1020.0 4
1021.0 3
1022.0 4
1023.0 1
1026.0 1
1027.0 8
1028.0 3
1029.0 2
1030.0 2
1031.0 1
1032.0 3
1034.0 2
1035.0 1
1037.0 3
1038.0 2
1039.0 1
1040.0 4
1041.0 2
1042.0 1
1043.0 3
1044.0 3
1046.0 1
1047.0 5
1048.0 1
1049.0 3
1050.0 3
1052.0 7
1053.0 1
1055.0 2
1056.0 1
1057.0 2
1058.0 2
1060.0 3
1061.0 4
1062.0 2
1063.0 2
1064.0 1
1065.0 1
1066.0 4
1067.0 3
1068.0 4
1069.0 3
1070.0 4
1073.0 8
1074.0 2
1075.0 3
1076.0 4
1077.0 2
1079.0 1
1080.0 4
1081.0 1
1082.0 1
1084.0 4
1085.0 2
1086.0 4
1087.0 2
1089.0 4
1090.0 2
1091.0 2
1092.0 1
1093.0 2
1094.0 4
1095.0 3
1096.0 2
1097.0 3
1098.0 1
1099.0 1
1100.0 4
1102.0 3
1104.0 3
1105.0 2
1106.0 2
1107.0 3
1108.0 5
1109.0 1
1110.0 2
1112.0 2
1113.0 1
1115.0 4
1117.0 2
1118.0 3
1119.0 4
1120.0 2
1121.0 1
1122.0 4
1123.0 1
1124.0 1
1125.0 3
1127.0 2
1128.0 1
1129.0 2
1130.0 3
1131.0 2
1132.0 1
1135.0 4
1136.0 2
1137.0 3
1140.0 3
1141.0 2
1142.0 1
1143.0 2
1144.0 4
1146.0 1
1147.0 3
1148.0 1
1149.0 2
1150.0 2
1151.0 2
1152.0 3
1153.0 1
1154.0 3
1155.0 2
1156.0 3
1157.0 1
1158.0 3
1159.0 1
1160.0 2
1161.0 1
1163.0 2
1164.0 2
1165.0 1
1167.0 3
1168.0 2
1169.0 2
1170.0 2
1171.0 2
1172.0 1
1173.0 1
1174.0 3
1176.0 1
1177.0 1
1179.0 2
1180.0 1
1182.0 2
1183.0 1
1184.0 4
1185.0 1
1186.0 3
1187.0 2
1189.0 1
1190.0 2
1192.0 1
1193.0 4
1194.0 1
1197.0 3
1199.0 2
1200.0 1
1203.0 2
1204.0 2
1205.0 3
1206.0 1
1207.0 2
1208.0 3
1211.0 2
1212.0 1
1214.0 2
1215.0 1
1216.0 2
1217.0 2
1219.0 2
1220.0 1
1221.0 2
1222.0 1
1223.0 1
1224.0 1
1228.0 3
1233.0 1
1235.0 1
1236.0 1
1237.0 2
1241.0 2
1243.0 2
1244.0 1
1245.0 1
1246.0 3
1249.0 2
1250.0 1
1251.0 2
1252.0 2
1253.0 3
1255.0 1
1257.0 1
1258.0 2
1259.0 3
1260.0 1
1261.0 2
1262.0 2
1263.0 2
1264.0 1
1265.0 4
1267.0 1
1268.0 2
1269.0 1
1270.0 3
1271.0 1
1272.0 2
1273.0 1
1274.0 2
1275.0 4
1276.0 1
1277.0 2
1278.0 1
1279.0 2
1280.0 1
1281.0 1
1283.0 2
1284.0 1
1285.0 2
1286.0 2
1287.0 2
1288.0 1
1291.0 3
1296.0 1
1297.0 3
1299.0 1
1300.0 2
1301.0 1
1302.0 1
1303.0 3
1304.0 2
1306.0 5
1307.0 8
1308.0 10
1309.0 2
1310.0 1
1312.0 2
1313.0 1
1314.0 1
1315.0 3
1316.0 1
1317.0 3
1318.0 1
1319.0 1
1320.0 1
1321.0 1
1322.0 1
1323.0 1
1325.0 1
1326.0 1
1327.0 1
1328.0 1
1329.0 1
1331.0 3
1336.0 1
1337.0 1
1338.0 1
1339.0 1
1341.0 2
1342.0 1
1343.0 1
1344.0 1
1345.0 2
1348.0 1
1349.0 2
1350.0 1
1351.0 1
1353.0 2
1355.0 1
1356.0 1
1360.0 2
1363.0 4
1364.0 5
1365.0 2
1366.0 2
1367.0 1
1368.0 2
1370.0 1
1372.0 1
1374.0 2
1375.0 1
1376.0 3
1377.0 1
1378.0 1
1379.0 2
1381.0 1
1382.0 1
1383.0 2
1385.0 1
1387.0 1
1389.0 2
1390.0 2
1392.0 2
1394.0 2
1395.0 1
1397.0 2
1400.0 2
1401.0 1
1402.0 1
1404.0 3
1405.0 2
1406.0 2
1407.0 3
1408.0 1
1409.0 5
1410.0 2
1412.0 1
1413.0 1
1414.0 1
1415.0 2
1418.0 1
1419.0 1
1420.0 4
1421.0 2
1422.0 1
1423.0 1
1424.0 1
1425.0 1
1427.0 1
1428.0 3
1429.0 5
1430.0 4
1431.0 4
1432.0 1
1437.0 1
1438.0 2
1439.0 3
1442.0 3
1444.0 1
1445.0 2
1446.0 1
1448.0 1
1449.0 2
1450.0 1
1451.0 2
1453.0 1
1454.0 1
1455.0 1
1459.0 1
1461.0 1
1462.0 1
1464.0 1
1465.0 1
1466.0 1
1468.0 1
1469.0 1
1470.0 1
1471.0 1
1473.0 1
1476.0 2
1477.0 1
1478.0 2
1480.0 1
1481.0 2
1483.0 1
1484.0 2
1485.0 3
1486.0 1
1488.0 2
1489.0 1
1491.0 1
1492.0 2
1493.0 1
1494.0 1
1495.0 1
1497.0 4
1498.0 2
1499.0 2
1502.0 1
1503.0 2
1508.0 1
1509.0 2
1510.0 1
1512.0 1
1518.0 2
1519.0 1
1520.0 1
1523.0 1
1525.0 1
1529.0 1
1532.0 2
1536.0 1
1537.0 1
1541.0 1
1542.0 2
1544.0 1
1545.0 1
1548.0 1
1549.0 1
1550.0 2
1552.0 2
1554.0 1
1555.0 1
1556.0 1
1557.0 2
1558.0 1
1559.0 1
1562.0 2
1563.0 1
1565.0 1
1566.0 1
1567.0 1
1573.0 2
1574.0 1
1575.0 2
1576.0 1
1577.0 2
1578.0 1
1581.0 2
1582.0 1
1584.0 3
1585.0 1
1586.0 1
1587.0 2
1592.0 1
1594.0 2
1595.0 2
1596.0 1
1598.0 2
1600.0 1
1603.0 2
1604.0 3
1606.0 1
1607.0 1
1616.0 2
1617.0 1
1620.0 1
1622.0 1
1624.0 1
1626.0 3
1630.0 2
1631.0 2
1634.0 1
1635.0 1
1636.0 1
1637.0 1
1639.0 1
1640.0 1
1642.0 3
1646.0 1
1651.0 1
1653.0 2
1654.0 1
1655.0 1
1656.0 3
1662.0 1
1663.0 1
1664.0 2
1665.0 2
1667.0 2
1670.0 2
1671.0 1
1672.0 1
1673.0 1
1675.0 1
1678.0 2
1679.0 1
1680.0 1
1682.0 1
1684.0 1
1685.0 1
1686.0 2
1690.0 1
1691.0 1
1692.0 1
1693.0 1
1696.0 1
1697.0 1
1698.0 1
1700.0 1
1701.0 2
1706.0 1
1710.0 4
1711.0 1
1712.0 1
1713.0 2
1718.0 1
1719.0 1
1720.0 1
1723.0 1
1724.0 2
1727.0 1
1728.0 1
1729.0 1
1731.0 1
1733.0 1
1737.0 1
1739.0 1
1741.0 2
1742.0 2
1743.0 1
1744.0 1
1745.0 1
1746.0 1
1747.0 1
1748.0 1
1750.0 2
1751.0 2
1756.0 2
1760.0 1
1761.0 1
1762.0 1
1763.0 2
1768.0 1
1769.0 1
1770.0 1
1772.0 3
1773.0 2
1778.0 3
1779.0 1
1784.0 1
1785.0 1
1787.0 1
1789.0 2
1790.0 1
1792.0 1
1796.0 1
1797.0 1
1800.0 4
1803.0 2
1804.0 1
1807.0 1
1808.0 1
1809.0 3
1810.0 1
1814.0 1
1815.0 1
1816.0 2
1817.0 2
1819.0 1
1820.0 1
1823.0 1
1825.0 1
1827.0 3
1828.0 2
1831.0 1
1837.0 1
1843.0 3
1844.0 2
1845.0 2
1846.0 1
1847.0 2
1850.0 1
1851.0 1
1857.0 1
1860.0 2
1862.0 1
1863.0 1
1865.0 1
1866.0 2
1867.0 2
1868.0 1
1872.0 1
1874.0 1
1877.0 3
1879.0 1
1880.0 1
1881.0 1
1883.0 2
1884.0 1
1885.0 2
1887.0 1
1888.0 1
1889.0 2
1890.0 2
1895.0 2
1897.0 1
1898.0 1
1899.0 1
1903.0 1
1906.0 1
1907.0 1
1908.0 1
1911.0 1
1913.0 1
1922.0 1
1923.0 1
1924.0 1
1925.0 1
1926.0 2
1934.0 1
1936.0 1
1937.0 2
1940.0 1
1941.0 1
1942.0 1
1945.0 2
1946.0 1
1948.0 2
1950.0 1
1953.0 2
1954.0 1
1955.0 1
1957.0 1
1962.0 1
1963.0 1
1964.0 1
1966.0 2
1968.0 1
1969.0 1
1970.0 1
1976.0 1
1981.0 1
1982.0 3
1984.0 1
1987.0 1
1988.0 1
1989.0 2
1991.0 1
1993.0 2
1997.0 1
1998.0 2
1999.0 1
2000.0 1
2002.0 1
2004.0 2
2005.0 1
2006.0 1
2011.0 1
2012.0 1
2015.0 1
2016.0 1
2018.0 1
2019.0 1
2026.0 1
2028.0 1
2030.0 1
2033.0 1
2036.0 1
2039.0 2
2049.0 1
2054.0 1
2056.0 1
2061.0 1
2062.0 2
2063.0 1
2065.0 1
2066.0 1
2067.0 1
2069.0 1
2070.0 1
2072.0 1
2073.0 1
2076.0 2
2078.0 1
2081.0 2
2082.0 1
2085.0 1
2087.0 1
2089.0 1
2091.0 2
2094.0 1
2097.0 2
2100.0 2
2102.0 2
2107.0 1
2109.0 1
2110.0 2
2112.0 1
2113.0 2
2114.0 2
2118.0 2
2122.0 1
2126.0 1
2130.0 1
2132.0 1
2136.0 1
2141.0 1
2142.0 1
2147.0 1
2149.0 2
2151.0 1
2152.0 1
2155.0 1
2159.0 1
2160.0 1
2164.0 2
2179.0 1
2181.0 1
2182.0 2
2188.0 1
2189.0 2
2190.0 2
2193.0 1
2194.0 1
2199.0 1
2203.0 1
2204.0 1
2207.0 1
2211.0 1
2213.0 1
2219.0 1
2222.0 2
2232.0 1
2237.0 1
2240.0 1
2241.0 1
2243.0 3
2245.0 1
2247.0 1
2248.0 1
2253.0 1
2260.0 2
2261.0 1
2262.0 1
2264.0 1
2266.0 1
2267.0 1
2272.0 1
2274.0 2
2280.0 1
2283.0 1
2292.0 2
2293.0 1
2299.0 1
2302.0 1
2305.0 1
2306.0 1
2309.0 1
2311.0 1
2312.0 1
2313.0 1
2316.0 1
2319.0 2
2320.0 1
2322.0 1
2325.0 1
2328.0 1
2329.0 1
2332.0 1
2336.0 1
2350.0 2
2360.0 1
2361.0 1
2362.0 1
2363.0 1
2372.0 1
2375.0 2
2377.0 1
2378.0 1
2381.0 2
2382.0 1
2386.0 1
2387.0 1
2390.0 1
2393.0 1
2394.0 1
2395.0 1
2398.0 1
2400.0 1
2412.0 1
2416.0 1
2420.0 1
2421.0 1
2429.0 1
2430.0 1
2436.0 1
2440.0 1
2445.0 1
2446.0 1
2456.0 2
2462.0 1
2463.0 1
2469.0 1
2473.0 1
2475.0 1
2480.0 1
2482.0 1
2490.0 1
2491.0 1
2495.0 1
2504.0 1
2506.0 1
2507.0 1
2519.0 1
2525.0 1
2526.0 1
2530.0 1
2531.0 1
2533.0 1
2539.0 1
2545.0 1
2546.0 1
2547.0 2
2555.0 1
2556.0 1
2558.0 1
2560.0 1
2561.0 1
2562.0 1
2564.0 1
2573.0 1
2582.0 1
2589.0 1
2592.0 1
2593.0 1
2599.0 1
2609.0 1
2613.0 1
2615.0 1
2620.0 1
2634.0 1
2636.0 1
2638.0 1
2644.0 1
2646.0 1
2647.0 1
2654.0 1
2655.0 1
2658.0 1
2664.0 1
2665.0 1
2666.0 1
2674.0 1
2677.0 1
2679.0 1
2681.0 1
2683.0 1
2684.0 1
2690.0 1
2692.0 1
2695.0 1
2700.0 1
2703.0 1
2710.0 1
2711.0 1
2714.0 1
2715.0 1
2718.0 1
2719.0 1
2724.0 1
2732.0 1
2743.0 1
2744.0 1
2748.0 1
2751.0 1
2755.0 1
2756.0 1
2761.0 1
2763.0 2
2774.0 1
2775.0 1
2784.0 1
2795.0 1
2796.0 1
2802.0 2
2809.0 2
2811.0 1
2820.0 1
2834.0 1
2836.0 1
2837.0 1
2838.0 1
2846.0 1
2856.0 1
2865.0 1
2866.0 1
2869.0 1
2873.0 1
2876.0 1
2878.0 2
2879.0 1
2880.0 1
2883.0 1
2884.0 1
2886.0 1
2893.0 1
2903.0 2
2915.0 1
2916.0 1
2922.0 1
2933.0 2
2934.0 1
2935.0 1
2937.0 1
2950.0 1
2952.0 3
2955.0 1
2959.0 1
2962.0 1
2977.0 1
2978.0 1
2980.0 3
2987.0 1
2991.0 1
2995.0 1
2999.0 1
3000.0 1
3002.0 1
3015.0 1
3020.0 1
3029.0 1
3030.0 1
3034.0 1
3035.0 2
3037.0 1
3048.0 1
3049.0 1
3053.0 1
3055.0 3
3056.0 1
3059.0 1
3065.0 1
3067.0 1
3078.0 1
3079.0 1
3082.0 1
3086.0 1
3094.0 1
3095.0 1
3103.0 1
3110.0 1
3113.0 3
3115.0 2
3117.0 1
3121.0 1
3126.0 1
3134.0 1
3136.0 1
3138.0 1
3145.0 1
3149.0 1
3160.0 1
3162.0 1
3163.0 2
3165.0 1
3166.0 1
3168.0 1
3176.0 1
3202.0 1
3213.0 1
3221.0 1
3229.0 1
3236.0 1
3237.0 1
3239.0 1
3240.0 1
3243.0 1
3257.0 1
3276.0 1
3331.0 1
3348.0 1
3352.0 1
3357.0 1
3370.0 1
3383.0 1
3384.0 1
3387.0 1
3394.0 1
3395.0 1
3397.0 2
3402.0 3
3422.0 1
3425.0 1
3435.0 2
3436.0 1
3445.0 1
3446.0 1
3463.0 1
3467.0 1
3469.0 1
3488.0 1
3497.0 2
3498.0 1
3499.0 1
3522.0 1
3530.0 1
3531.0 1
3533.0 1
3558.0 1
3559.0 2
3561.0 1
3565.0 1
3588.0 1
3595.0 1
3598.0 1
3603.0 1
3609.0 1
3613.0 1
3622.0 1
3629.0 1
3633.0 2
3647.0 1
3658.0 1
3659.0 1
3671.0 1
3680.0 1
3682.0 1
3684.0 1
3686.0 1
3705.0 1
3711.0 1
3715.0 1
3752.0 1
3768.0 1
3779.0 1
3795.0 1
3800.0 1
3803.0 1
3819.0 1
3828.0 1
3846.0 1
3847.0 1
3857.0 1
3861.0 1
3862.0 1
3864.0 1
3897.0 1
3899.0 2
3908.0 1
3929.0 1
3937.0 1
3938.0 1
3939.0 1
3945.0 1
3962.0 1
3974.0 1
3999.0 1
4006.0 1
4011.0 1
4024.0 1
4035.0 2
4039.0 2
4040.0 1
4043.0 1
4051.0 1
4070.0 1
4074.0 1
4092.0 1
4101.0 1
4105.0 1
4111.0 1
4126.0 1
4149.0 1
4159.0 1
4173.0 1
4176.0 1
4189.0 1
4198.0 1
4201.0 1
4204.0 1
4207.0 1
4216.0 1
4217.0 3
4226.0 1
4235.0 1
4238.0 1
4239.0 1
4243.0 1
4267.0 1
4268.0 1
4281.0 1
4314.0 1
4320.0 1
4334.0 1
4340.0 2
4350.0 1
4351.0 1
4358.0 1
4359.0 1
4382.0 1
4397.0 1
4412.0 1
4418.0 1
4467.0 1
4469.0 1
4471.0 1
4489.0 1
4512.0 1
4519.0 1
4525.0 1
4539.0 1
4540.0 1
4559.0 1
4565.0 1
4570.0 1
4577.0 1
4579.0 1
4608.0 1
4609.0 1
4620.0 1
4627.0 1
4663.0 1
4667.0 1
4685.0 1
4693.0 1
4709.0 1
4718.0 1
4726.0 1
4745.0 1
4754.0 1
4755.0 1
4757.0 1
4771.0 1
4808.0 1
4839.0 1
4840.0 1
4841.0 1
4856.0 1
4939.0 1
4969.0 1
4977.0 1
4980.0 1
4995.0 1
5001.0 1
5002.0 1
5005.0 1
5012.0 1
5076.0 1
5088.0 1
5109.0 1
5110.0 1
5117.0 1
5153.0 1
5162.0 1
5163.0 1
5185.0 1
5196.0 1
5200.0 1
5215.0 2
5263.0 1
5272.0 1
5285.0 1
5289.0 1
5328.0 2
5341.0 1
5364.0 1
5370.0 1
5397.0 1
5423.0 1
5445.0 1
5458.0 1
5460.0 1
5481.0 1
5484.0 1
5491.0 1
5501.0 1
5515.0 1
5546.0 1
5556.0 1
5558.0 1
5576.0 1
5592.0 1
5599.0 1
5623.0 1
5668.0 1
5671.0 1
5700.0 1
5719.0 1
5744.0 1
5773.0 1
5778.0 1
5785.0 1
5791.0 1
5803.0 1
5819.0 1
5845.0 1
5858.0 1
5905.0 1
6010.0 1
6037.0 1
6053.0 1
6054.0 1
6122.0 1
6147.0 1
6177.0 1
6197.0 1
6201.0 1
6216.0 1
6298.0 1
6318.0 1
6346.0 1
6379.0 1
6400.0 1
6410.0 1
6456.0 1
6460.0 1
6535.0 1
6542.0 1
6548.0 1
6550.0 1
6559.0 1
6677.0 1
6739.0 1
6782.0 1
6820.0 1
6858.0 1
6973.0 1
7080.0 1
7116.0 1
7238.0 1
7271.0 1
7277.0 1
7278.0 1
7281.0 1
7296.0 1
7328.0 1
7400.0 1
7442.0 1
7466.0 1
7620.0 1
7641.0 1
7713.0 1
7738.0 1
7768.0 1
7771.0 1
7815.0 1
7936.0 1
8152.0 1
8184.0 1
8195.0 1
8241.0 1
8266.0 1
8279.0 1
8297.0 1
8341.0 1
8367.0 1
8467.0 1
8530.0 1
8563.0 1
8578.0 1
8630.0 1
8697.0 1
8775.0 1
8797.0 1
8855.0 1
8898.0 1
8967.0 1
9117.0 1
9153.0 1
9156.0 1
9169.0 1
9342.0 1
9365.0 1
9520.0 1
9570.0 1
9680.0 1
9705.0 1
9708.0 1
9724.0 1
9948.0 1
10093.0 1
10100.0 1
10180.0 1
10234.0 1
10284.0 1
10340.0 1
10375.0 1
10483.0 1
10702.0 1
10802.0 1
10810.0 1
10880.0 1
11105.0 1
11644.0 1
11725.0 1
11884.0 1
12004.0 1
12006.0 1
12255.0 1
12466.0 1
12467.0 1
12737.0 2
12768.0 1
12772.0 1
12816.0 1
12908.0 1
12922.0 1
12982.0 1
13007.0 1
13075.0 1
13552.0 1
13727.0 1
13973.0 1
14216.0 1
14403.0 1
14954.0 1
15194.0 1
15288.0 1
15699.0 1
15755.0 1
16175.0 1
16519.0 1
16846.0 1
19140.0 1
21386.0 1
21465.0 1
22669.0 1
22773.0 1
25522.0 1
30853.0 1
35947.0 1
39874.0 1
45851.0 1
61227.0 1
