20.0 5514
21.0 5154
22.0 4858
23.0 4106
24.0 3586
25.0 2894
26.0 2535
27.0 2025
28.0 1812
29.0 1584
30.0 1288
31.0 1223
32.0 1066
33.0 1056
34.0 1005
35.0 891
36.0 919
37.0 904
38.0 887
39.0 899
40.0 865
41.0 855
42.0 894
43.0 932
44.0 816
45.0 855
46.0 835
47.0 822
48.0 874
49.0 815
50.0 776
51.0 818
52.0 712
53.0 757
54.0 761
55.0 703
56.0 713
57.0 644
58.0 733
59.0 629
60.0 638
61.0 597
62.0 562
63.0 578
64.0 571
65.0 550
66.0 533
67.0 584
68.0 540
69.0 519
70.0 549
71.0 569
72.0 589
73.0 535
74.0 588
75.0 582
76.0 594
77.0 604
78.0 624
79.0 664
80.0 629
81.0 711
82.0 738
83.0 690
84.0 743
85.0 728
86.0 724
87.0 834
88.0 722
89.0 775
90.0 779
91.0 792
92.0 764
93.0 808
94.0 772
95.0 741
96.0 786
97.0 750
98.0 741
99.0 787
100.0 796
101.0 730
102.0 745
103.0 726
104.0 750
105.0 758
106.0 679
107.0 665
108.0 686
109.0 661
110.0 646
111.0 590
112.0 631
113.0 625
114.0 622
115.0 534
116.0 600
117.0 528
118.0 531
119.0 507
120.0 502
121.0 496
122.0 450
123.0 451
124.0 446
125.0 405
126.0 456
127.0 413
128.0 410
129.0 391
130.0 373
131.0 371
132.0 353
133.0 368
134.0 325
135.0 337
136.0 324
137.0 323
138.0 284
139.0 322
140.0 290
141.0 278
142.0 309
143.0 263
144.0 294
145.0 283
146.0 231
147.0 245
148.0 241
149.0 250
150.0 246
151.0 248
152.0 234
153.0 246
154.0 222
155.0 202
156.0 200
157.0 217
158.0 254
159.0 222
160.0 220
161.0 197
162.0 217
163.0 202
164.0 210
165.0 202
166.0 168
167.0 200
168.0 222
169.0 190
170.0 177
171.0 189
172.0 180
173.0 193
174.0 182
175.0 190
176.0 174
177.0 175
178.0 179
179.0 179
180.0 137
181.0 151
182.0 174
183.0 171
184.0 179
185.0 177
186.0 170
187.0 176
188.0 155
189.0 149
190.0 140
191.0 147
192.0 169
193.0 139
194.0 146
195.0 161
196.0 135
197.0 156
198.0 153
199.0 133
200.0 137
201.0 145
202.0 125
203.0 147
204.0 141
205.0 123
206.0 117
207.0 137
208.0 130
209.0 142
210.0 144
211.0 132
212.0 130
213.0 110
214.0 126
215.0 122
216.0 120
217.0 133
218.0 111
219.0 102
220.0 99
221.0 105
222.0 105
223.0 114
224.0 115
225.0 88
226.0 102
227.0 93
228.0 104
229.0 84
230.0 66
231.0 80
232.0 83
233.0 89
234.0 90
235.0 75
236.0 86
237.0 89
238.0 82
239.0 79
240.0 79
241.0 75
242.0 75
243.0 67
244.0 79
245.0 64
246.0 75
247.0 94
248.0 87
249.0 56
250.0 67
251.0 72
252.0 69
253.0 72
254.0 56
255.0 54
256.0 66
257.0 56
258.0 55
259.0 77
260.0 70
261.0 49
262.0 60
263.0 68
264.0 57
265.0 67
266.0 77
267.0 54
268.0 68
269.0 60
270.0 58
271.0 60
272.0 50
273.0 55
274.0 65
275.0 47
276.0 44
277.0 46
278.0 54
279.0 47
280.0 51
281.0 53
282.0 51
283.0 49
284.0 55
285.0 55
286.0 50
287.0 35
288.0 44
289.0 46
290.0 34
291.0 47
292.0 38
293.0 44
294.0 40
295.0 51
296.0 37
297.0 43
298.0 32
299.0 42
300.0 31
301.0 39
302.0 51
303.0 44
304.0 46
305.0 32
306.0 36
307.0 47
308.0 30
309.0 35
310.0 35
311.0 33
312.0 33
313.0 21
314.0 44
315.0 46
316.0 36
317.0 31
318.0 43
319.0 22
320.0 40
321.0 31
322.0 33
323.0 42
324.0 42
325.0 49
326.0 44
327.0 30
328.0 37
329.0 33
330.0 33
331.0 23
332.0 37
333.0 34
334.0 31
335.0 39
336.0 30
337.0 27
338.0 26
339.0 29
340.0 38
341.0 31
342.0 33
343.0 33
344.0 26
345.0 38
346.0 28
347.0 25
348.0 34
349.0 28
350.0 30
351.0 25
352.0 29
353.0 21
354.0 36
355.0 22
356.0 28
357.0 21
358.0 18
359.0 23
360.0 18
361.0 24
362.0 20
363.0 17
364.0 22
365.0 30
366.0 20
367.0 23
368.0 19
369.0 22
370.0 23
371.0 18
372.0 31
373.0 18
374.0 15
375.0 22
376.0 19
377.0 16
378.0 21
379.0 24
380.0 24
381.0 20
382.0 19
383.0 14
384.0 21
385.0 23
386.0 22
387.0 18
388.0 22
389.0 20
390.0 18
391.0 23
392.0 20
393.0 13
394.0 20
395.0 19
396.0 18
397.0 14
398.0 14
399.0 21
400.0 12
401.0 14
402.0 23
403.0 18
404.0 21
405.0 30
406.0 16
407.0 17
408.0 15
409.0 21
410.0 22
411.0 19
412.0 19
413.0 26
414.0 12
415.0 14
416.0 16
417.0 11
418.0 16
419.0 16
420.0 15
421.0 17
422.0 13
423.0 9
424.0 13
425.0 22
426.0 9
427.0 19
428.0 16
429.0 15
430.0 20
431.0 23
432.0 18
433.0 17
434.0 13
435.0 13
436.0 12
437.0 17
438.0 24
439.0 26
440.0 12
441.0 13
442.0 11
443.0 13
444.0 10
445.0 8
446.0 22
447.0 15
448.0 15
449.0 17
450.0 7
451.0 22
452.0 18
453.0 22
454.0 16
455.0 13
456.0 11
457.0 12
458.0 8
459.0 11
460.0 18
461.0 12
462.0 11
463.0 10
464.0 12
465.0 15
466.0 21
467.0 12
468.0 11
469.0 11
470.0 17
471.0 7
472.0 10
473.0 12
474.0 14
475.0 11
476.0 10
477.0 11
478.0 6
479.0 11
480.0 10
481.0 10
482.0 21
483.0 8
484.0 12
485.0 17
486.0 15
487.0 13
488.0 13
489.0 15
490.0 9
491.0 7
492.0 15
493.0 11
494.0 15
495.0 10
496.0 14
497.0 11
498.0 13
499.0 8
500.0 16
501.0 10
502.0 17
503.0 7
504.0 11
505.0 7
506.0 10
507.0 14
508.0 6
509.0 8
510.0 4
511.0 10
512.0 14
513.0 8
514.0 7
515.0 11
516.0 7
517.0 12
518.0 8
519.0 10
520.0 8
521.0 10
522.0 3
523.0 9
524.0 10
525.0 12
526.0 7
527.0 8
528.0 9
529.0 13
530.0 12
531.0 10
532.0 11
533.0 9
534.0 10
535.0 9
536.0 8
537.0 9
538.0 9
539.0 14
540.0 11
541.0 8
542.0 7
543.0 13
544.0 11
545.0 8
546.0 8
547.0 11
548.0 7
549.0 11
550.0 9
551.0 15
552.0 11
553.0 11
554.0 15
555.0 8
556.0 8
557.0 10
558.0 10
559.0 12
560.0 11
561.0 5
562.0 6
563.0 10
564.0 10
565.0 12
566.0 5
567.0 7
568.0 11
569.0 13
570.0 8
571.0 13
572.0 6
573.0 5
574.0 12
575.0 11
576.0 3
577.0 7
578.0 3
579.0 6
580.0 9
581.0 6
582.0 6
583.0 4
584.0 10
585.0 4
586.0 6
587.0 5
588.0 8
589.0 5
590.0 7
591.0 9
592.0 7
593.0 6
594.0 3
595.0 7
596.0 4
597.0 8
598.0 7
599.0 5
600.0 8
601.0 5
602.0 10
603.0 12
604.0 6
605.0 8
606.0 5
607.0 4
608.0 10
609.0 8
610.0 3
611.0 9
612.0 7
613.0 15
614.0 5
615.0 6
616.0 6
617.0 9
618.0 3
619.0 9
620.0 6
621.0 9
622.0 9
623.0 9
624.0 8
625.0 9
626.0 4
627.0 11
628.0 10
629.0 3
630.0 3
631.0 15
632.0 6
633.0 6
634.0 8
635.0 10
636.0 3
637.0 9
638.0 7
639.0 10
640.0 4
641.0 3
642.0 13
643.0 6
644.0 5
645.0 12
646.0 7
647.0 7
648.0 8
649.0 7
650.0 4
651.0 1
652.0 8
653.0 7
654.0 5
655.0 6
656.0 3
657.0 6
658.0 4
659.0 4
660.0 6
661.0 6
662.0 6
663.0 5
664.0 8
665.0 1
666.0 3
667.0 5
668.0 5
669.0 6
670.0 1
671.0 8
672.0 6
673.0 7
674.0 7
675.0 8
676.0 5
677.0 9
678.0 8
679.0 8
680.0 9
681.0 5
682.0 8
683.0 5
684.0 1
685.0 6
686.0 4
687.0 6
688.0 8
689.0 7
690.0 8
691.0 5
692.0 5
693.0 4
694.0 5
695.0 5
696.0 4
697.0 4
698.0 6
699.0 4
700.0 5
701.0 7
702.0 6
703.0 6
704.0 7
706.0 6
707.0 2
708.0 8
709.0 5
710.0 6
711.0 3
712.0 7
713.0 7
714.0 7
715.0 5
716.0 3
717.0 6
718.0 4
719.0 5
720.0 5
721.0 2
722.0 4
723.0 1
724.0 3
725.0 3
726.0 3
727.0 2
728.0 4
729.0 5
730.0 3
731.0 4
732.0 7
733.0 5
734.0 8
735.0 3
736.0 7
738.0 7
739.0 6
740.0 6
741.0 7
742.0 2
743.0 4
744.0 4
745.0 5
746.0 2
747.0 8
748.0 4
749.0 3
750.0 4
751.0 4
752.0 5
753.0 5
755.0 2
756.0 2
757.0 6
758.0 2
759.0 7
760.0 4
761.0 7
762.0 4
763.0 3
764.0 5
765.0 2
766.0 3
767.0 2
768.0 10
769.0 5
770.0 4
771.0 5
772.0 3
773.0 2
774.0 6
775.0 1
776.0 6
777.0 1
778.0 3
779.0 3
780.0 4
781.0 3
782.0 4
783.0 5
784.0 4
785.0 2
788.0 6
789.0 6
790.0 4
791.0 3
792.0 4
793.0 6
794.0 7
795.0 8
796.0 6
797.0 6
798.0 3
799.0 1
800.0 3
801.0 1
802.0 5
803.0 3
804.0 1
805.0 4
806.0 3
807.0 1
808.0 2
809.0 2
810.0 7
811.0 1
812.0 3
813.0 3
814.0 2
815.0 2
816.0 5
817.0 7
818.0 6
819.0 4
820.0 1
821.0 5
822.0 3
823.0 5
824.0 4
825.0 3
826.0 6
827.0 2
828.0 3
829.0 5
830.0 3
831.0 1
832.0 5
833.0 1
834.0 4
835.0 3
836.0 1
837.0 4
838.0 3
839.0 3
840.0 6
841.0 5
842.0 2
843.0 6
844.0 3
845.0 5
846.0 5
847.0 2
848.0 5
849.0 4
850.0 5
851.0 4
852.0 3
853.0 4
854.0 4
856.0 4
858.0 2
859.0 3
860.0 2
861.0 1
862.0 2
863.0 4
864.0 2
865.0 2
866.0 3
867.0 3
868.0 2
869.0 2
870.0 3
871.0 3
872.0 1
873.0 4
874.0 2
875.0 2
876.0 3
877.0 3
878.0 2
879.0 3
880.0 2
881.0 4
882.0 2
883.0 4
885.0 1
886.0 4
887.0 2
888.0 2
889.0 4
890.0 2
891.0 3
892.0 1
893.0 3
894.0 4
895.0 4
896.0 2
897.0 2
898.0 3
900.0 4
901.0 2
902.0 3
903.0 1
904.0 1
905.0 2
906.0 3
907.0 4
908.0 4
909.0 1
910.0 1
911.0 2
912.0 1
913.0 3
916.0 1
917.0 1
918.0 2
919.0 2
920.0 4
921.0 1
922.0 1
924.0 3
925.0 2
926.0 2
927.0 5
928.0 3
929.0 2
930.0 3
931.0 2
932.0 2
933.0 1
934.0 5
935.0 3
936.0 2
938.0 3
939.0 3
940.0 2
941.0 3
943.0 5
946.0 4
947.0 1
948.0 1
949.0 2
950.0 2
951.0 2
952.0 6
953.0 3
955.0 1
956.0 4
957.0 2
959.0 1
960.0 1
961.0 4
962.0 1
963.0 1
965.0 3
966.0 2
967.0 3
968.0 2
970.0 1
971.0 3
972.0 3
974.0 2
975.0 3
976.0 2
977.0 3
978.0 3
979.0 3
980.0 3
981.0 2
982.0 2
983.0 4
985.0 3
986.0 1
987.0 2
988.0 1
989.0 4
990.0 2
991.0 1
992.0 4
994.0 2
995.0 2
996.0 2
997.0 3
998.0 2
999.0 1
1000.0 2
1001.0 5
1002.0 3
1003.0 2
1004.0 1
1005.0 1
1006.0 1
1007.0 2
1008.0 1
1010.0 2
1011.0 5
1012.0 1
1014.0 1
1015.0 2
1016.0 2
1018.0 3
1021.0 4
1022.0 2
1025.0 4
1027.0 3
1029.0 1
1030.0 1
1031.0 2
1032.0 3
1033.0 4
1034.0 1
1035.0 1
1036.0 4
1037.0 2
1038.0 2
1039.0 2
1040.0 1
1041.0 1
1042.0 4
1043.0 1
1044.0 1
1045.0 2
1046.0 1
1047.0 1
1048.0 1
1049.0 2
1050.0 2
1051.0 4
1053.0 1
1057.0 1
1058.0 3
1059.0 1
1060.0 1
1061.0 2
1062.0 1
1063.0 5
1065.0 1
1066.0 3
1067.0 1
1070.0 4
1071.0 3
1072.0 3
1074.0 5
1075.0 1
1076.0 2
1077.0 2
1078.0 4
1079.0 2
1080.0 1
1082.0 3
1083.0 2
1084.0 1
1085.0 1
1088.0 1
1089.0 3
1090.0 3
1091.0 1
1092.0 1
1094.0 1
1097.0 1
1098.0 1
1099.0 1
1100.0 2
1101.0 3
1102.0 1
1103.0 3
1104.0 2
1105.0 2
1106.0 1
1109.0 1
1110.0 2
1112.0 2
1114.0 1
1115.0 1
1116.0 2
1117.0 1
1118.0 2
1119.0 4
1120.0 2
1121.0 1
1122.0 1
1123.0 1
1124.0 3
1125.0 2
1126.0 2
1127.0 3
1129.0 3
1131.0 4
1134.0 3
1135.0 3
1136.0 2
1137.0 1
1139.0 1
1141.0 1
1142.0 1
1143.0 3
1145.0 2
1146.0 2
1147.0 1
1148.0 1
1149.0 1
1151.0 4
1156.0 3
1158.0 2
1159.0 3
1160.0 2
1161.0 1
1162.0 1
1164.0 3
1165.0 2
1166.0 1
1167.0 1
1168.0 1
1169.0 1
1170.0 3
1171.0 1
1172.0 1
1173.0 1
1175.0 2
1177.0 1
1178.0 1
1179.0 3
1180.0 2
1182.0 2
1183.0 1
1184.0 2
1185.0 2
1186.0 1
1187.0 1
1189.0 4
1190.0 3
1191.0 2
1194.0 4
1195.0 2
1196.0 1
1198.0 1
1199.0 1
1201.0 1
1202.0 1
1203.0 2
1204.0 1
1205.0 1
1206.0 4
1207.0 1
1210.0 2
1211.0 1
1212.0 1
1214.0 1
1217.0 2
1220.0 1
1221.0 1
1222.0 2
1223.0 1
1225.0 3
1226.0 2
1227.0 2
1228.0 4
1229.0 1
1230.0 3
1232.0 1
1234.0 3
1237.0 2
1238.0 1
1240.0 1
1242.0 3
1243.0 1
1244.0 1
1250.0 1
1251.0 1
1252.0 2
1254.0 2
1257.0 2
1258.0 3
1259.0 2
1260.0 2
1261.0 2
1262.0 4
1263.0 1
1264.0 2
1266.0 1
1269.0 1
1270.0 1
1271.0 2
1272.0 2
1273.0 2
1275.0 2
1276.0 2
1277.0 1
1278.0 1
1280.0 1
1281.0 1
1283.0 2
1288.0 2
1291.0 3
1292.0 1
1293.0 1
1295.0 1
1297.0 1
1299.0 2
1301.0 1
1303.0 2
1305.0 1
1309.0 1
1310.0 2
1311.0 2
1315.0 1
1316.0 1
1317.0 1
1318.0 1
1319.0 2
1320.0 1
1321.0 2
1322.0 2
1323.0 1
1324.0 1
1326.0 1
1328.0 2
1329.0 2
1330.0 1
1332.0 1
1334.0 2
1335.0 3
1336.0 2
1337.0 1
1341.0 2
1342.0 1
1343.0 1
1346.0 1
1347.0 2
1349.0 3
1350.0 1
1353.0 1
1355.0 1
1356.0 1
1357.0 1
1359.0 1
1363.0 2
1365.0 1
1369.0 2
1370.0 1
1371.0 1
1372.0 2
1375.0 1
1376.0 1
1383.0 1
1384.0 1
1387.0 1
1388.0 1
1389.0 2
1391.0 1
1392.0 1
1394.0 1
1395.0 1
1398.0 1
1399.0 1
1401.0 1
1403.0 1
1404.0 1
1406.0 1
1408.0 2
1410.0 1
1411.0 1
1414.0 1
1416.0 2
1420.0 2
1421.0 2
1422.0 2
1423.0 1
1424.0 1
1426.0 2
1428.0 1
1429.0 1
1431.0 1
1432.0 2
1433.0 2
1434.0 1
1437.0 1
1438.0 3
1440.0 2
1442.0 1
1443.0 1
1444.0 1
1445.0 1
1447.0 1
1448.0 1
1449.0 2
1452.0 1
1454.0 1
1457.0 1
1458.0 1
1460.0 1
1461.0 2
1462.0 1
1463.0 1
1464.0 1
1465.0 1
1466.0 2
1470.0 1
1472.0 1
1473.0 1
1476.0 1
1477.0 1
1479.0 1
1482.0 1
1483.0 1
1486.0 1
1491.0 3
1492.0 1
1493.0 2
1496.0 2
1497.0 1
1499.0 1
1502.0 1
1503.0 1
1504.0 1
1505.0 1
1507.0 1
1508.0 1
1512.0 1
1516.0 3
1519.0 1
1522.0 2
1524.0 2
1525.0 1
1526.0 2
1529.0 1
1530.0 2
1531.0 1
1535.0 2
1537.0 3
1539.0 1
1540.0 1
1541.0 1
1542.0 1
1545.0 1
1546.0 1
1548.0 1
1550.0 1
1552.0 1
1553.0 1
1554.0 1
1555.0 2
1556.0 1
1557.0 2
1559.0 1
1561.0 1
1562.0 2
1563.0 1
1564.0 1
1566.0 2
1569.0 1
1570.0 2
1571.0 1
1572.0 2
1573.0 2
1574.0 1
1575.0 2
1576.0 3
1577.0 3
1580.0 1
1581.0 1
1582.0 3
1583.0 1
1584.0 2
1588.0 1
1592.0 1
1594.0 1
1595.0 1
1596.0 1
1597.0 2
1598.0 1
1599.0 1
1600.0 2
1601.0 1
1608.0 1
1609.0 2
1610.0 1
1613.0 1
1616.0 2
1617.0 2
1618.0 1
1619.0 4
1620.0 1
1630.0 1
1631.0 2
1632.0 1
1637.0 1
1638.0 1
1643.0 1
1644.0 1
1646.0 2
1648.0 1
1651.0 1
1652.0 2
1657.0 1
1659.0 1
1661.0 1
1662.0 1
1665.0 1
1666.0 2
1671.0 1
1673.0 2
1674.0 1
1677.0 2
1679.0 1
1681.0 1
1684.0 2
1690.0 2
1691.0 2
1692.0 1
1693.0 1
1694.0 1
1695.0 1
1703.0 1
1706.0 1
1708.0 2
1715.0 3
1717.0 1
1718.0 3
1721.0 2
1723.0 1
1728.0 1
1730.0 1
1731.0 1
1733.0 1
1735.0 1
1736.0 1
1737.0 2
1738.0 1
1740.0 1
1742.0 1
1745.0 1
1747.0 2
1748.0 1
1752.0 1
1753.0 1
1755.0 1
1756.0 2
1757.0 1
1758.0 1
1759.0 1
1760.0 1
1761.0 1
1762.0 1
1764.0 1
1767.0 1
1768.0 1
1772.0 2
1773.0 1
1778.0 1
1780.0 1
1781.0 1
1782.0 1
1789.0 1
1793.0 1
1795.0 1
1798.0 1
1799.0 1
1805.0 1
1807.0 2
1808.0 1
1809.0 1
1811.0 1
1812.0 1
1814.0 3
1817.0 1
1821.0 1
1822.0 1
1823.0 1
1824.0 1
1825.0 1
1829.0 1
1833.0 1
1838.0 1
1842.0 1
1846.0 2
1850.0 1
1853.0 1
1856.0 1
1857.0 2
1859.0 1
1867.0 1
1872.0 1
1875.0 1
1877.0 1
1878.0 1
1881.0 1
1882.0 1
1883.0 1
1884.0 1
1886.0 2
1890.0 1
1891.0 1
1896.0 1
1899.0 3
1900.0 1
1901.0 1
1904.0 1
1906.0 3
1909.0 1
1910.0 2
1913.0 1
1914.0 1
1915.0 1
1916.0 1
1920.0 3
1934.0 2
1935.0 1
1937.0 1
1938.0 1
1942.0 1
1949.0 1
1956.0 1
1959.0 1
1964.0 1
1965.0 1
1966.0 2
1968.0 2
1969.0 1
1970.0 1
1973.0 1
1977.0 1
1979.0 1
1983.0 1
1991.0 2
1994.0 1
1997.0 1
2000.0 2
2004.0 1
2008.0 2
2009.0 1
2012.0 1
2016.0 1
2023.0 1
2026.0 1
2027.0 1
2028.0 1
2034.0 1
2043.0 1
2046.0 1
2050.0 1
2051.0 1
2055.0 2
2056.0 1
2061.0 1
2064.0 1
2065.0 1
2066.0 1
2070.0 1
2072.0 1
2077.0 1
2078.0 1
2083.0 2
2084.0 2
2085.0 1
2092.0 1
2097.0 1
2104.0 1
2107.0 1
2111.0 1
2113.0 1
2114.0 1
2116.0 1
2117.0 1
2121.0 1
2127.0 1
2128.0 1
2130.0 3
2132.0 1
2136.0 2
2138.0 1
2140.0 1
2142.0 1
2143.0 1
2146.0 1
2148.0 1
2150.0 2
2155.0 1
2157.0 2
2159.0 1
2164.0 1
2166.0 1
2167.0 1
2170.0 1
2175.0 1
2177.0 1
2181.0 1
2183.0 2
2186.0 2
2189.0 1
2193.0 1
2199.0 1
2204.0 1
2205.0 1
2218.0 1
2223.0 1
2225.0 1
2226.0 1
2229.0 1
2233.0 1
2234.0 1
2239.0 2
2243.0 1
2245.0 1
2248.0 1
2252.0 1
2253.0 1
2254.0 1
2256.0 1
2261.0 1
2262.0 1
2269.0 1
2275.0 1
2280.0 1
2283.0 1
2285.0 1
2289.0 1
2290.0 2
2291.0 1
2293.0 1
2297.0 1
2301.0 1
2302.0 1
2307.0 1
2309.0 1
2312.0 1
2318.0 1
2320.0 1
2328.0 1
2329.0 1
2331.0 2
2335.0 1
2347.0 1
2348.0 1
2350.0 1
2353.0 1
2358.0 1
2361.0 1
2367.0 2
2379.0 2
2385.0 1
2387.0 1
2391.0 2
2393.0 1
2396.0 2
2400.0 1
2401.0 1
2406.0 1
2407.0 1
2419.0 1
2422.0 1
2428.0 1
2438.0 1
2442.0 1
2453.0 1
2454.0 1
2458.0 1
2478.0 1
2484.0 1
2488.0 1
2497.0 1
2499.0 1
2500.0 1
2511.0 1
2512.0 1
2519.0 2
2525.0 2
2527.0 1
2531.0 1
2534.0 1
2536.0 1
2538.0 1
2540.0 1
2543.0 1
2549.0 1
2550.0 1
2568.0 1
2571.0 2
2575.0 1
2579.0 1
2587.0 1
2596.0 1
2601.0 1
2614.0 1
2617.0 1
2619.0 2
2632.0 1
2633.0 1
2642.0 1
2643.0 2
2644.0 1
2645.0 1
2649.0 1
2664.0 1
2667.0 1
2678.0 1
2682.0 1
2684.0 1
2687.0 1
2691.0 1
2700.0 2
2701.0 2
2702.0 1
2713.0 2
2716.0 1
2717.0 1
2729.0 1
2733.0 3
2736.0 2
2750.0 1
2754.0 2
2757.0 1
2762.0 1
2763.0 1
2764.0 1
2766.0 1
2768.0 1
2777.0 1
2781.0 1
2782.0 1
2785.0 1
2790.0 1
2796.0 1
2799.0 1
2803.0 1
2804.0 1
2822.0 1
2823.0 1
2828.0 1
2841.0 1
2842.0 1
2850.0 1
2855.0 1
2860.0 1
2864.0 1
2869.0 2
2877.0 2
2880.0 1
2893.0 1
2894.0 1
2901.0 1
2906.0 1
2913.0 1
2917.0 1
2918.0 1
2927.0 1
2929.0 1
2931.0 1
2932.0 1
2933.0 1
2935.0 1
2947.0 1
2956.0 1
2967.0 1
2988.0 1
2995.0 2
2998.0 1
3003.0 1
3015.0 1
3019.0 1
3021.0 1
3022.0 1
3027.0 2
3031.0 1
3038.0 1
3048.0 1
3051.0 1
3055.0 1
3061.0 1
3062.0 1
3064.0 1
3065.0 1
3072.0 1
3075.0 2
3083.0 1
3084.0 1
3094.0 1
3098.0 1
3104.0 1
3106.0 2
3109.0 1
3113.0 1
3124.0 1
3131.0 1
3145.0 1
3147.0 1
3156.0 1
3173.0 1
3185.0 1
3200.0 1
3201.0 1
3203.0 1
3206.0 1
3209.0 1
3211.0 2
3220.0 1
3221.0 1
3227.0 1
3232.0 1
3239.0 1
3246.0 1
3247.0 1
3256.0 1
3279.0 1
3287.0 1
3293.0 1
3298.0 1
3327.0 1
3328.0 1
3336.0 1
3345.0 2
3349.0 1
3358.0 1
3363.0 1
3370.0 1
3379.0 1
3380.0 1
3386.0 1
3399.0 1
3414.0 1
3426.0 1
3454.0 1
3478.0 1
3481.0 1
3496.0 1
3501.0 1
3506.0 3
3507.0 1
3508.0 1
3509.0 1
3512.0 1
3516.0 1
3521.0 1
3526.0 1
3529.0 1
3538.0 1
3539.0 1
3544.0 1
3558.0 1
3562.0 1
3567.0 1
3575.0 1
3595.0 1
3608.0 1
3631.0 1
3670.0 1
3688.0 1
3694.0 1
3697.0 1
3699.0 1
3721.0 1
3727.0 1
3736.0 1
3745.0 1
3750.0 1
3765.0 1
3767.0 1
3776.0 1
3782.0 1
3787.0 1
3800.0 1
3810.0 1
3813.0 1
3821.0 1
3823.0 1
3829.0 1
3830.0 1
3833.0 1
3850.0 1
3875.0 1
3890.0 1
3899.0 1
3913.0 1
3922.0 1
3925.0 1
3927.0 1
3928.0 2
3943.0 1
3947.0 1
3961.0 1
3962.0 1
3982.0 1
3983.0 2
4000.0 1
4012.0 1
4019.0 1
4027.0 1
4042.0 1
4048.0 1
4050.0 1
4065.0 1
4070.0 1
4103.0 1
4113.0 2
4120.0 1
4130.0 1
4134.0 1
4145.0 1
4201.0 1
4206.0 1
4222.0 1
4242.0 1
4243.0 1
4285.0 1
4295.0 2
4297.0 1
4308.0 1
4313.0 1
4329.0 1
4347.0 1
4363.0 1
4375.0 1
4378.0 1
4399.0 1
4413.0 1
4421.0 1
4426.0 1
4429.0 1
4448.0 1
4476.0 1
4495.0 1
4557.0 1
4582.0 1
4595.0 1
4620.0 1
4631.0 1
4663.0 1
4693.0 1
4714.0 1
4737.0 1
4741.0 1
4752.0 1
4755.0 1
4756.0 1
4786.0 1
4798.0 1
4813.0 1
4835.0 1
4838.0 1
4846.0 1
4869.0 1
4889.0 1
4893.0 1
4903.0 1
4927.0 1
4961.0 1
4971.0 1
4997.0 1
5012.0 1
5027.0 1
5047.0 1
5065.0 1
5081.0 1
5083.0 1
5101.0 1
5110.0 1
5169.0 1
5182.0 1
5228.0 1
5234.0 1
5242.0 1
5287.0 1
5288.0 1
5330.0 1
5332.0 1
5361.0 1
5365.0 1
5371.0 1
5404.0 1
5465.0 1
5496.0 1
5497.0 1
5556.0 1
5560.0 1
5582.0 1
5593.0 1
5612.0 1
5616.0 1
5621.0 1
5679.0 1
5722.0 1
5746.0 1
5757.0 1
5814.0 1
5820.0 1
5821.0 1
5834.0 1
5840.0 1
5851.0 1
5856.0 1
5863.0 1
5884.0 1
5885.0 1
5893.0 1
5901.0 1
5903.0 1
5930.0 1
6014.0 1
6017.0 1
6029.0 1
6036.0 1
6154.0 1
6159.0 1
6235.0 1
6262.0 1
6351.0 1
6369.0 1
6468.0 1
6500.0 1
6567.0 1
6574.0 1
6601.0 1
6634.0 1
6637.0 1
6640.0 1
6744.0 1
6761.0 1
6799.0 1
6881.0 1
6984.0 1
6999.0 1
7003.0 1
7081.0 1
7138.0 1
7140.0 1
7244.0 1
7274.0 1
7299.0 1
7365.0 1
7386.0 1
7388.0 1
7420.0 1
7424.0 1
7443.0 1
7581.0 1
7601.0 1
7619.0 1
7677.0 1
7687.0 1
7772.0 1
7859.0 1
7875.0 1
7963.0 1
7980.0 1
8092.0 1
8111.0 1
8179.0 1
8233.0 1
8236.0 1
8512.0 1
8777.0 1
8949.0 1
9347.0 1
9400.0 1
9738.0 1
10143.0 1
10354.0 1
10386.0 1
10577.0 1
10783.0 1
10859.0 1
10969.0 1
11008.0 1
11843.0 1
11852.0 1
12560.0 1
12685.0 1
12707.0 1
13095.0 1
13769.0 1
13790.0 1
13915.0 1
14187.0 1
15278.0 1
15419.0 1
15872.0 1
16427.0 1
16667.0 1
17560.0 1
17755.0 1
18019.0 1
18197.0 1
18342.0 1
18443.0 1
18810.0 1
19908.0 1
21599.0 1
25042.0 1
