1.0 312236
2.0 185769
3.0 152279
4.0 136368
5.0 121284
6.0 105630
7.0 90763
8.0 78259
9.0 67582
10.0 58150
11.0 51092
12.0 45290
13.0 40928
14.0 37995
15.0 32122
16.0 28902
17.0 26785
18.0 24637
19.0 23005
20.0 21315
21.0 19717
22.0 18653
23.0 17770
24.0 16833
25.0 15990
26.0 15888
27.0 14143
28.0 13142
29.0 12572
30.0 12360
31.0 11501
32.0 11157
33.0 10232
34.0 9929
35.0 9715
36.0 8983
37.0 9011
38.0 8611
39.0 8334
40.0 8177
41.0 7640
42.0 7200
43.0 7080
44.0 7052
45.0 6582
46.0 6649
47.0 6510
48.0 6402
49.0 6040
50.0 5833
51.0 5708
52.0 5296
53.0 5246
54.0 5219
55.0 5153
56.0 4824
57.0 4690
58.0 4583
59.0 4234
60.0 4157
61.0 4074
62.0 4165
63.0 4071
64.0 4123
65.0 3701
66.0 3681
67.0 3623
68.0 3785
69.0 3688
70.0 3404
71.0 3390
72.0 3257
73.0 3269
74.0 3265
75.0 2977
76.0 3077
77.0 2946
78.0 2789
79.0 2795
80.0 3052
81.0 2743
82.0 2630
83.0 2543
84.0 2797
85.0 2570
86.0 2353
87.0 2534
88.0 2519
89.0 2226
90.0 2269
91.0 2065
92.0 2092
93.0 1963
94.0 1862
95.0 1774
96.0 1777
97.0 1807
98.0 1815
99.0 1797
100.0 1835
101.0 1711
102.0 1650
103.0 1455
104.0 1672
105.0 1560
106.0 1533
107.0 1732
108.0 1492
109.0 1552
110.0 1299
111.0 1274
112.0 1271
113.0 1284
114.0 1355
115.0 1510
116.0 1329
117.0 1361
118.0 1166
119.0 1271
120.0 1357
121.0 1248
122.0 1091
123.0 1194
124.0 1182
125.0 1162
126.0 1168
127.0 1098
128.0 1245
129.0 1182
130.0 1003
131.0 1025
132.0 916
133.0 911
134.0 922
135.0 938
136.0 813
137.0 819
138.0 807
139.0 1007
140.0 816
141.0 798
142.0 811
143.0 743
144.0 748
145.0 721
146.0 746
147.0 680
148.0 840
149.0 723
150.0 741
151.0 723
152.0 699
153.0 732
154.0 684
155.0 739
156.0 735
157.0 728
158.0 662
159.0 676
160.0 680
161.0 755
162.0 717
163.0 680
164.0 601
165.0 534
166.0 517
167.0 491
168.0 481
169.0 580
170.0 507
171.0 532
172.0 561
173.0 590
174.0 558
175.0 535
176.0 533
177.0 484
178.0 513
179.0 427
180.0 519
181.0 490
182.0 453
183.0 386
184.0 377
185.0 391
186.0 362
187.0 353
188.0 359
189.0 426
190.0 438
191.0 477
192.0 482
193.0 523
194.0 575
195.0 612
196.0 592
197.0 515
198.0 457
199.0 428
200.0 415
201.0 526
202.0 387
203.0 420
204.0 414
205.0 557
206.0 312
207.0 512
208.0 303
209.0 305
210.0 296
211.0 351
212.0 283
213.0 284
214.0 344
215.0 530
216.0 286
217.0 270
218.0 264
219.0 315
220.0 420
221.0 392
222.0 388
223.0 329
224.0 319
225.0 293
226.0 272
227.0 270
228.0 244
229.0 256
230.0 235
231.0 235
232.0 212
233.0 198
234.0 187
235.0 210
236.0 255
237.0 212
238.0 243
239.0 219
240.0 217
241.0 205
242.0 207
243.0 192
244.0 168
245.0 189
246.0 204
247.0 280
248.0 298
249.0 295
250.0 285
251.0 252
252.0 224
253.0 239
254.0 210
255.0 229
256.0 200
257.0 220
258.0 317
259.0 312
260.0 349
261.0 315
262.0 321
263.0 297
264.0 452
265.0 281
266.0 212
267.0 208
268.0 214
269.0 201
270.0 244
271.0 230
272.0 226
273.0 242
274.0 175
275.0 165
276.0 176
277.0 137
278.0 163
279.0 157
280.0 120
281.0 153
282.0 125
283.0 116
284.0 171
285.0 212
286.0 330
287.0 296
288.0 240
289.0 193
290.0 157
291.0 151
292.0 116
293.0 135
294.0 135
295.0 129
296.0 122
297.0 109
298.0 117
299.0 102
300.0 94
301.0 99
302.0 104
303.0 154
304.0 225
305.0 142
306.0 101
307.0 101
308.0 119
309.0 108
310.0 89
311.0 165
312.0 133
313.0 130
314.0 141
315.0 98
316.0 102
317.0 108
318.0 188
319.0 210
320.0 231
321.0 234
322.0 213
323.0 159
324.0 196
325.0 186
326.0 178
327.0 152
328.0 133
329.0 131
330.0 122
331.0 105
332.0 100
333.0 109
334.0 105
335.0 73
336.0 127
337.0 157
338.0 118
339.0 115
340.0 100
341.0 83
342.0 88
343.0 83
344.0 71
345.0 82
346.0 133
347.0 168
348.0 215
349.0 163
350.0 106
351.0 164
352.0 174
353.0 213
354.0 215
355.0 160
356.0 124
357.0 119
358.0 89
359.0 74
360.0 103
361.0 54
362.0 66
363.0 77
364.0 63
365.0 49
366.0 84
367.0 91
368.0 88
369.0 108
370.0 85
371.0 74
372.0 68
373.0 104
374.0 78
375.0 93
376.0 78
377.0 77
378.0 64
379.0 74
380.0 60
381.0 60
382.0 68
383.0 66
384.0 65
385.0 69
386.0 44
387.0 53
388.0 58
389.0 108
390.0 129
391.0 90
392.0 72
393.0 54
394.0 46
395.0 52
396.0 54
397.0 67
398.0 48
399.0 58
400.0 47
401.0 61
402.0 46
403.0 46
404.0 55
405.0 43
406.0 39
407.0 53
408.0 50
409.0 72
410.0 108
411.0 134
412.0 131
413.0 87
414.0 75
415.0 63
416.0 51
417.0 66
418.0 69
419.0 52
420.0 53
421.0 42
422.0 96
423.0 106
424.0 114
425.0 77
426.0 81
427.0 70
428.0 75
429.0 52
430.0 46
431.0 53
432.0 57
433.0 53
434.0 54
435.0 50
436.0 44
437.0 46
438.0 36
439.0 39
440.0 40
441.0 36
442.0 37
443.0 49
444.0 35
445.0 40
446.0 42
447.0 46
448.0 46
449.0 31
450.0 44
451.0 38
452.0 36
453.0 47
454.0 34
455.0 30
456.0 41
457.0 37
458.0 35
459.0 31
460.0 52
461.0 56
462.0 44
463.0 50
464.0 50
465.0 121
466.0 137
467.0 89
468.0 104
469.0 77
470.0 64
471.0 62
472.0 67
473.0 55
474.0 51
475.0 40
476.0 60
477.0 52
478.0 37
479.0 45
480.0 43
481.0 40
482.0 41
483.0 31
484.0 52
485.0 40
486.0 31
487.0 41
488.0 43
489.0 38
490.0 45
491.0 35
492.0 27
493.0 34
494.0 38
495.0 44
496.0 40
497.0 86
498.0 129
499.0 120
500.0 56
501.0 36
502.0 35
503.0 36
504.0 33
505.0 48
506.0 42
507.0 32
508.0 31
509.0 38
510.0 30
511.0 46
512.0 32
513.0 32
514.0 36
515.0 31
516.0 27
517.0 36
518.0 42
519.0 24
520.0 28
521.0 32
522.0 21
523.0 31
524.0 35
525.0 33
526.0 33
527.0 31
528.0 40
529.0 33
530.0 26
531.0 43
532.0 21
533.0 24
534.0 36
535.0 37
536.0 30
537.0 25
538.0 27
539.0 28
540.0 29
541.0 24
542.0 25
543.0 25
544.0 38
545.0 31
546.0 26
547.0 28
548.0 25
549.0 22
550.0 22
551.0 24
552.0 20
553.0 22
554.0 24
555.0 27
556.0 21
557.0 25
558.0 23
559.0 33
560.0 24
561.0 24
562.0 21
563.0 21
564.0 26
565.0 17
566.0 24
567.0 26
568.0 28
569.0 40
570.0 26
571.0 22
572.0 26
573.0 19
574.0 30
575.0 23
576.0 15
577.0 23
578.0 17
579.0 26
580.0 28
581.0 23
582.0 13
583.0 40
584.0 41
585.0 32
586.0 28
587.0 57
588.0 26
589.0 20
590.0 24
591.0 21
592.0 15
593.0 28
594.0 27
595.0 28
596.0 30
597.0 17
598.0 21
599.0 17
600.0 21
601.0 25
602.0 12
603.0 27
604.0 26
605.0 21
606.0 15
607.0 24
608.0 25
609.0 21
610.0 29
611.0 24
612.0 24
613.0 17
614.0 28
615.0 19
616.0 23
617.0 18
618.0 18
619.0 16
620.0 21
621.0 16
622.0 24
623.0 16
624.0 18
625.0 14
626.0 17
627.0 17
628.0 17
629.0 22
630.0 12
631.0 18
632.0 18
633.0 13
634.0 22
635.0 19
636.0 15
637.0 15
638.0 22
639.0 17
640.0 13
641.0 28
642.0 29
643.0 23
644.0 20
645.0 25
646.0 7
647.0 27
648.0 59
649.0 44
650.0 33
651.0 28
652.0 17
653.0 10
654.0 19
655.0 13
656.0 16
657.0 26
658.0 24
659.0 123
660.0 167
661.0 127
662.0 77
663.0 54
664.0 47
665.0 33
666.0 20
667.0 27
668.0 40
669.0 18
670.0 25
671.0 22
672.0 15
673.0 14
674.0 19
675.0 21
676.0 20
677.0 13
678.0 10
679.0 20
680.0 14
681.0 14
682.0 13
683.0 15
684.0 15
685.0 10
686.0 16
687.0 12
688.0 13
689.0 16
690.0 17
691.0 10
692.0 13
693.0 10
694.0 16
695.0 15
696.0 13
697.0 12
698.0 15
699.0 19
700.0 21
701.0 15
702.0 17
703.0 17
704.0 11
705.0 18
706.0 21
707.0 20
708.0 12
709.0 21
710.0 17
711.0 13
712.0 8
713.0 22
714.0 5
715.0 24
716.0 25
717.0 18
718.0 22
719.0 16
720.0 14
721.0 12
722.0 18
723.0 7
724.0 13
725.0 14
726.0 13
727.0 12
728.0 12
729.0 13
730.0 11
731.0 19
732.0 17
733.0 12
734.0 12
735.0 14
736.0 20
737.0 11
738.0 12
739.0 10
740.0 12
741.0 10
742.0 18
743.0 14
744.0 10
745.0 18
746.0 22
747.0 26
748.0 10
749.0 10
750.0 11
751.0 7
752.0 11
753.0 10
754.0 9
755.0 13
756.0 13
757.0 8
758.0 11
759.0 20
760.0 17
761.0 17
762.0 11
763.0 16
764.0 10
765.0 10
766.0 16
767.0 17
768.0 9
769.0 9
770.0 10
771.0 10
772.0 9
773.0 15
774.0 12
775.0 8
776.0 8
777.0 15
778.0 10
779.0 7
780.0 8
781.0 11
782.0 10
783.0 15
784.0 17
785.0 18
786.0 14
787.0 17
788.0 8
789.0 10
790.0 10
791.0 14
792.0 11
793.0 10
794.0 3
795.0 13
796.0 17
797.0 9
798.0 9
799.0 5
800.0 13
801.0 10
802.0 10
803.0 10
804.0 13
805.0 12
806.0 10
807.0 7
808.0 10
809.0 15
810.0 12
811.0 10
812.0 6
813.0 12
814.0 10
815.0 7
816.0 9
817.0 12
818.0 12
819.0 6
820.0 11
821.0 10
822.0 13
823.0 5
824.0 11
825.0 10
826.0 8
827.0 7
828.0 12
829.0 69
830.0 436
831.0 184
832.0 59
833.0 30
834.0 19
835.0 18
836.0 9
837.0 7
838.0 13
839.0 13
840.0 18
841.0 11
842.0 10
843.0 7
844.0 11
845.0 12
846.0 12
847.0 7
848.0 9
849.0 3
850.0 8
851.0 5
852.0 14
853.0 12
854.0 9
855.0 10
856.0 10
857.0 6
858.0 10
859.0 4
860.0 11
861.0 12
862.0 10
863.0 7
864.0 12
865.0 9
866.0 10
867.0 13
868.0 7
869.0 6
870.0 13
871.0 12
872.0 13
873.0 8
874.0 7
875.0 10
876.0 10
877.0 7
878.0 10
879.0 9
880.0 7
881.0 6
882.0 8
883.0 10
884.0 3
885.0 7
886.0 6
887.0 9
888.0 10
889.0 10
890.0 3
891.0 12
892.0 11
893.0 13
894.0 11
895.0 9
896.0 8
897.0 6
898.0 9
899.0 7
900.0 12
901.0 8
902.0 9
903.0 6
904.0 10
905.0 5
906.0 5
907.0 11
908.0 9
909.0 12
910.0 11
911.0 4
912.0 8
913.0 7
914.0 6
915.0 6
916.0 9
917.0 4
918.0 5
919.0 15
920.0 8
921.0 5
922.0 11
923.0 6
924.0 4
925.0 5
926.0 9
927.0 6
928.0 7
929.0 4
930.0 10
931.0 8
932.0 1
933.0 4
934.0 7
935.0 3
936.0 4
937.0 10
938.0 10
939.0 4
940.0 8
941.0 5
942.0 5
943.0 5
944.0 8
945.0 11
946.0 10
947.0 8
948.0 5
949.0 6
950.0 3
951.0 11
952.0 5
953.0 10
954.0 6
955.0 5
956.0 11
957.0 6
958.0 2
959.0 11
960.0 6
961.0 8
962.0 3
963.0 5
964.0 7
965.0 3
966.0 5
967.0 5
968.0 9
969.0 10
970.0 5
971.0 6
972.0 1
973.0 2
974.0 4
975.0 3
976.0 3
977.0 6
978.0 8
979.0 2
980.0 2
981.0 5
982.0 11
983.0 4
984.0 6
985.0 10
986.0 5
987.0 6
988.0 4
989.0 4
990.0 8
991.0 5
992.0 2
993.0 5
994.0 4
995.0 4
996.0 6
997.0 5
998.0 11
999.0 7
1000.0 6
1001.0 11
1002.0 4
1003.0 3
1004.0 6
1005.0 6
1006.0 1
1007.0 7
1008.0 10
1009.0 3
1010.0 2
1011.0 6
1012.0 4
1013.0 6
1014.0 8
1015.0 3
1016.0 5
1017.0 4
1018.0 6
1019.0 9
1020.0 6
1021.0 6
1022.0 7
1023.0 4
1024.0 6
1025.0 5
1026.0 9
1027.0 5
1028.0 8
1029.0 9
1030.0 3
1031.0 7
1032.0 6
1033.0 8
1034.0 6
1035.0 6
1036.0 5
1037.0 6
1038.0 3
1039.0 6
1040.0 5
1041.0 5
1042.0 4
1043.0 9
1044.0 3
1045.0 4
1046.0 8
1047.0 4
1048.0 4
1049.0 3
1050.0 4
1051.0 9
1052.0 5
1053.0 7
1054.0 5
1055.0 4
1056.0 4
1057.0 4
1058.0 6
1059.0 8
1060.0 5
1061.0 4
1062.0 4
1063.0 6
1064.0 7
1065.0 9
1066.0 1
1067.0 4
1068.0 2
1069.0 4
1070.0 7
1071.0 7
1072.0 2
1073.0 4
1074.0 7
1075.0 3
1076.0 5
1077.0 6
1078.0 6
1079.0 6
1080.0 7
1081.0 2
1082.0 7
1083.0 3
1084.0 1
1085.0 4
1086.0 3
1087.0 6
1088.0 7
1089.0 1
1090.0 5
1091.0 5
1092.0 6
1093.0 8
1094.0 1
1095.0 5
1096.0 5
1097.0 6
1098.0 10
1099.0 7
1100.0 4
1101.0 5
1102.0 3
1103.0 4
1104.0 4
1105.0 3
1106.0 3
1107.0 8
1108.0 8
1109.0 3
1110.0 5
1111.0 3
1112.0 4
1113.0 4
1114.0 1
1115.0 4
1116.0 1
1117.0 3
1118.0 4
1119.0 4
1120.0 4
1121.0 6
1122.0 4
1123.0 5
1124.0 2
1125.0 8
1126.0 5
1127.0 4
1128.0 4
1129.0 3
1130.0 4
1131.0 4
1132.0 8
1133.0 3
1134.0 6
1135.0 3
1136.0 6
1137.0 6
1138.0 3
1139.0 6
1140.0 4
1141.0 4
1142.0 4
1143.0 5
1144.0 8
1145.0 4
1146.0 3
1147.0 3
1148.0 4
1149.0 4
1150.0 9
1151.0 2
1152.0 5
1153.0 4
1154.0 8
1155.0 2
1156.0 4
1157.0 7
1158.0 7
1159.0 6
1160.0 6
1161.0 3
1162.0 5
1163.0 7
1164.0 6
1165.0 8
1166.0 3
1167.0 2
1168.0 7
1169.0 6
1170.0 5
1171.0 3
1172.0 4
1173.0 6
1174.0 4
1175.0 1
1176.0 3
1177.0 3
1178.0 4
1179.0 3
1180.0 2
1181.0 6
1182.0 5
1183.0 6
1184.0 4
1185.0 7
1186.0 2
1187.0 3
1188.0 6
1189.0 4
1190.0 3
1191.0 2
1192.0 4
1193.0 6
1194.0 4
1195.0 4
1196.0 6
1197.0 4
1198.0 9
1199.0 3
1200.0 3
1201.0 4
1202.0 5
1203.0 3
1204.0 7
1205.0 4
1206.0 4
1207.0 1
1208.0 5
1209.0 8
1211.0 3
1212.0 5
1213.0 3
1214.0 2
1215.0 5
1216.0 2
1217.0 6
1218.0 1
1219.0 6
1220.0 4
1221.0 6
1222.0 5
1223.0 4
1224.0 3
1225.0 6
1227.0 7
1228.0 4
1229.0 4
1230.0 5
1231.0 4
1232.0 4
1233.0 3
1234.0 3
1235.0 5
1236.0 3
1237.0 3
1238.0 3
1239.0 3
1241.0 6
1242.0 9
1243.0 1
1244.0 5
1245.0 5
1246.0 2
1247.0 4
1248.0 3
1249.0 5
1250.0 7
1251.0 5
1252.0 4
1253.0 5
1255.0 5
1256.0 3
1257.0 3
1258.0 3
1259.0 5
1260.0 2
1261.0 5
1262.0 3
1263.0 2
1264.0 4
1265.0 2
1266.0 3
1267.0 4
1268.0 4
1269.0 1
1270.0 3
1271.0 4
1272.0 5
1273.0 4
1274.0 3
1275.0 4
1276.0 1
1278.0 3
1279.0 4
1280.0 3
1281.0 2
1282.0 6
1283.0 4
1284.0 9
1285.0 3
1286.0 5
1287.0 5
1288.0 5
1289.0 3
1290.0 2
1291.0 7
1292.0 3
1294.0 5
1295.0 5
1296.0 3
1297.0 1
1298.0 1
1299.0 2
1300.0 3
1301.0 7
1302.0 2
1303.0 2
1304.0 4
1305.0 1
1306.0 1
1307.0 2
1308.0 5
1309.0 2
1310.0 9
1311.0 2
1312.0 4
1313.0 8
1314.0 1
1315.0 2
1316.0 3
1317.0 7
1318.0 6
1319.0 2
1320.0 3
1321.0 3
1322.0 3
1323.0 5
1324.0 3
1325.0 2
1326.0 3
1327.0 2
1328.0 4
1329.0 5
1330.0 5
1331.0 2
1332.0 3
1333.0 7
1334.0 2
1335.0 3
1336.0 2
1337.0 5
1338.0 3
1339.0 6
1340.0 1
1341.0 2
1342.0 5
1343.0 1
1344.0 3
1345.0 4
1346.0 4
1347.0 1
1348.0 1
1349.0 2
1350.0 4
1351.0 4
1352.0 4
1353.0 1
1354.0 6
1355.0 2
1356.0 2
1357.0 3
1358.0 1
1359.0 2
1360.0 2
1361.0 2
1362.0 4
1363.0 4
1364.0 4
1365.0 5
1366.0 2
1367.0 2
1368.0 5
1369.0 2
1370.0 2
1371.0 3
1372.0 3
1373.0 4
1374.0 4
1375.0 3
1376.0 2
1377.0 4
1378.0 4
1379.0 4
1380.0 4
1381.0 4
1382.0 3
1383.0 2
1384.0 4
1385.0 1
1386.0 5
1387.0 4
1388.0 2
1389.0 5
1390.0 1
1391.0 1
1392.0 1
1393.0 4
1394.0 4
1395.0 1
1396.0 5
1397.0 3
1398.0 4
1399.0 5
1400.0 2
1401.0 3
1402.0 3
1403.0 4
1404.0 3
1405.0 2
1407.0 7
1408.0 4
1409.0 3
1410.0 2
1411.0 5
1412.0 3
1413.0 3
1415.0 2
1416.0 3
1417.0 7
1418.0 7
1419.0 2
1420.0 3
1421.0 4
1423.0 3
1424.0 4
1425.0 3
1426.0 3
1427.0 2
1428.0 3
1429.0 6
1430.0 2
1431.0 2
1432.0 3
1433.0 5
1434.0 1
1435.0 5
1436.0 4
1437.0 2
1438.0 2
1439.0 3
1440.0 3
1441.0 1
1442.0 3
1443.0 3
1444.0 2
1445.0 2
1446.0 3
1447.0 1
1448.0 3
1449.0 5
1450.0 3
1451.0 2
1452.0 3
1453.0 5
1454.0 3
1455.0 2
1456.0 3
1457.0 4
1459.0 2
1461.0 2
1462.0 5
1463.0 2
1464.0 3
1465.0 1
1466.0 5
1468.0 5
1469.0 3
1470.0 3
1472.0 1
1473.0 3
1474.0 1
1475.0 3
1476.0 2
1477.0 2
1478.0 1
1479.0 3
1480.0 4
1481.0 3
1482.0 3
1483.0 4
1484.0 2
1485.0 5
1487.0 2
1488.0 3
1490.0 6
1491.0 3
1493.0 3
1495.0 3
1496.0 1
1497.0 2
1499.0 2
1500.0 1
1501.0 3
1502.0 2
1503.0 1
1504.0 2
1505.0 2
1506.0 4
1507.0 1
1508.0 7
1509.0 3
1510.0 2
1511.0 3
1512.0 3
1513.0 1
1514.0 9
1515.0 4
1516.0 2
1518.0 1
1519.0 2
1520.0 5
1522.0 7
1523.0 3
1524.0 3
1525.0 4
1526.0 1
1527.0 4
1529.0 2
1530.0 3
1531.0 4
1532.0 2
1533.0 5
1534.0 2
1535.0 2
1536.0 3
1537.0 2
1540.0 2
1541.0 2
1543.0 2
1545.0 3
1546.0 4
1547.0 3
1548.0 7
1549.0 2
1551.0 2
1552.0 2
1553.0 1
1554.0 1
1556.0 3
1557.0 1
1558.0 3
1559.0 3
1560.0 1
1561.0 1
1562.0 4
1563.0 2
1564.0 5
1565.0 1
1566.0 1
1567.0 2
1568.0 4
1569.0 2
1570.0 1
1571.0 3
1572.0 1
1573.0 2
1574.0 2
1576.0 1
1577.0 2
1578.0 2
1579.0 1
1580.0 3
1581.0 1
1582.0 2
1583.0 2
1584.0 2
1585.0 2
1586.0 4
1587.0 1
1588.0 4
1589.0 1
1591.0 3
1592.0 2
1593.0 3
1594.0 3
1595.0 3
1596.0 3
1597.0 3
1599.0 6
1600.0 3
1601.0 3
1603.0 1
1604.0 1
1605.0 3
1606.0 1
1607.0 2
1608.0 3
1609.0 8
1610.0 2
1611.0 1
1613.0 3
1614.0 1
1615.0 2
1616.0 3
1617.0 2
1618.0 4
1619.0 1
1620.0 2
1621.0 3
1622.0 3
1623.0 4
1624.0 2
1626.0 1
1627.0 5
1628.0 1
1630.0 2
1631.0 2
1632.0 2
1633.0 1
1634.0 2
1635.0 2
1636.0 1
1637.0 2
1638.0 2
1639.0 1
1640.0 2
1641.0 3
1642.0 2
1643.0 1
1644.0 1
1645.0 1
1646.0 2
1647.0 1
1648.0 1
1649.0 1
1650.0 1
1651.0 1
1652.0 3
1653.0 4
1654.0 1
1655.0 2
1657.0 2
1659.0 2
1660.0 1
1661.0 6
1662.0 5
1666.0 1
1667.0 2
1668.0 2
1672.0 1
1673.0 2
1675.0 1
1676.0 1
1677.0 2
1678.0 4
1680.0 1
1681.0 2
1682.0 2
1683.0 1
1684.0 4
1685.0 1
1686.0 4
1687.0 2
1688.0 4
1689.0 3
1690.0 1
1691.0 4
1692.0 5
1693.0 3
1694.0 5
1695.0 1
1696.0 1
1697.0 1
1698.0 1
1699.0 2
1700.0 1
1701.0 2
1702.0 6
1703.0 3
1704.0 5
1705.0 1
1706.0 1
1707.0 2
1708.0 4
1709.0 2
1710.0 1
1711.0 1
1712.0 1
1713.0 1
1714.0 2
1715.0 1
1717.0 2
1718.0 1
1719.0 3
1720.0 3
1721.0 5
1722.0 3
1723.0 4
1724.0 5
1725.0 3
1726.0 1
1727.0 3
1728.0 2
1729.0 2
1730.0 3
1731.0 1
1732.0 3
1733.0 3
1734.0 1
1735.0 3
1736.0 5
1737.0 3
1738.0 5
1739.0 2
1741.0 2
1742.0 2
1743.0 2
1744.0 1
1745.0 1
1746.0 1
1747.0 3
1748.0 2
1749.0 2
1750.0 2
1751.0 2
1752.0 6
1753.0 2
1754.0 1
1755.0 1
1758.0 2
1759.0 2
1760.0 4
1764.0 1
1766.0 1
1768.0 5
1769.0 2
1771.0 3
1772.0 3
1774.0 2
1775.0 2
1776.0 1
1778.0 2
1779.0 2
1780.0 2
1781.0 2
1783.0 2
1785.0 3
1786.0 2
1787.0 1
1788.0 3
1789.0 2
1790.0 3
1791.0 2
1792.0 2
1793.0 3
1798.0 1
1799.0 3
1801.0 2
1802.0 3
1803.0 3
1804.0 3
1806.0 1
1807.0 3
1808.0 1
1809.0 2
1811.0 1
1812.0 1
1813.0 1
1814.0 4
1815.0 3
1816.0 2
1817.0 1
1818.0 2
1819.0 1
1820.0 1
1824.0 2
1826.0 3
1827.0 3
1828.0 2
1829.0 3
1830.0 2
1831.0 2
1832.0 4
1833.0 3
1835.0 3
1837.0 4
1838.0 2
1839.0 3
1840.0 2
1841.0 1
1842.0 2
1843.0 1
1844.0 2
1848.0 4
1850.0 1
1852.0 1
1853.0 1
1854.0 2
1855.0 1
1856.0 1
1857.0 2
1858.0 2
1859.0 2
1860.0 5
1861.0 1
1862.0 1
1865.0 1
1866.0 3
1867.0 2
1868.0 3
1869.0 3
1870.0 2
1872.0 4
1873.0 4
1875.0 1
1876.0 2
1877.0 6
1878.0 1
1881.0 1
1882.0 1
1883.0 3
1884.0 1
1886.0 2
1887.0 3
1888.0 1
1889.0 1
1890.0 4
1891.0 3
1892.0 1
1894.0 1
1895.0 1
1896.0 1
1897.0 4
1899.0 4
1900.0 2
1901.0 1
1903.0 2
1904.0 1
1905.0 3
1907.0 1
1908.0 3
1909.0 2
1910.0 2
1911.0 2
1912.0 1
1913.0 2
1914.0 3
1915.0 2
1917.0 1
1918.0 1
1919.0 1
1920.0 3
1921.0 2
1923.0 2
1924.0 1
1926.0 2
1927.0 1
1928.0 5
1931.0 1
1932.0 1
1933.0 2
1935.0 1
1936.0 2
1937.0 1
1938.0 4
1940.0 1
1942.0 1
1943.0 1
1945.0 3
1947.0 3
1950.0 1
1951.0 2
1952.0 1
1953.0 1
1954.0 1
1955.0 1
1956.0 2
1957.0 2
1961.0 2
1963.0 1
1965.0 3
1966.0 2
1967.0 2
1968.0 1
1970.0 4
1971.0 3
1973.0 3
1974.0 1
1977.0 1
1978.0 2
1979.0 2
1980.0 1
1981.0 2
1983.0 2
1986.0 1
1987.0 2
1988.0 1
1990.0 1
1991.0 1
1992.0 1
1993.0 1
1994.0 2
1995.0 2
1997.0 2
1998.0 5
1999.0 3
2000.0 1
2001.0 3
2002.0 1
2003.0 1
2004.0 2
2007.0 5
2008.0 1
2009.0 1
2010.0 4
2013.0 1
2014.0 2
2015.0 3
2016.0 3
2018.0 1
2019.0 1
2020.0 2
2022.0 1
2023.0 3
2024.0 2
2025.0 3
2026.0 1
2027.0 1
2028.0 1
2029.0 3
2030.0 1
2031.0 2
2032.0 1
2033.0 2
2034.0 3
2035.0 2
2036.0 2
2037.0 3
2038.0 1
2040.0 1
2041.0 2
2042.0 2
2043.0 3
2044.0 3
2045.0 1
2047.0 2
2048.0 1
2049.0 3
2050.0 1
2052.0 2
2053.0 2
2054.0 4
2055.0 3
2056.0 1
2057.0 3
2058.0 2
2059.0 3
2060.0 1
2061.0 1
2063.0 3
2064.0 1
2065.0 3
2069.0 1
2070.0 1
2071.0 1
2072.0 1
2073.0 1
2074.0 1
2075.0 1
2076.0 1
2078.0 1
2079.0 1
2080.0 1
2081.0 2
2082.0 2
2083.0 1
2086.0 1
2089.0 2
2091.0 1
2092.0 5
2093.0 2
2095.0 2
2096.0 1
2097.0 1
2098.0 2
2099.0 1
2101.0 1
2102.0 3
2105.0 2
2107.0 2
2108.0 1
2109.0 2
2112.0 1
2113.0 1
2114.0 3
2116.0 1
2117.0 1
2120.0 1
2121.0 1
2122.0 3
2123.0 3
2125.0 2
2126.0 1
2127.0 3
2129.0 3
2130.0 2
2131.0 1
2132.0 2
2134.0 2
2135.0 1
2136.0 1
2138.0 3
2140.0 3
2142.0 2
2147.0 1
2148.0 1
2149.0 2
2150.0 1
2151.0 1
2154.0 1
2156.0 1
2157.0 2
2158.0 3
2159.0 1
2160.0 3
2161.0 1
2162.0 1
2163.0 2
2165.0 1
2167.0 2
2168.0 2
2169.0 2
2172.0 2
2173.0 2
2174.0 1
2178.0 1
2179.0 1
2180.0 1
2183.0 1
2184.0 1
2185.0 1
2186.0 1
2189.0 1
2190.0 1
2191.0 2
2193.0 1
2197.0 1
2199.0 1
2200.0 2
2204.0 2
2205.0 2
2206.0 3
2209.0 2
2210.0 1
2211.0 3
2212.0 2
2214.0 1
2215.0 1
2216.0 5
2218.0 4
2219.0 1
2223.0 1
2225.0 1
2227.0 1
2228.0 1
2229.0 3
2230.0 1
2231.0 2
2234.0 3
2236.0 2
2237.0 1
2238.0 1
2239.0 1
2241.0 1
2242.0 1
2243.0 1
2244.0 2
2245.0 1
2246.0 2
2247.0 1
2249.0 2
2250.0 3
2251.0 3
2253.0 1
2254.0 3
2256.0 1
2257.0 1
2259.0 1
2260.0 1
2262.0 1
2263.0 1
2264.0 1
2265.0 1
2269.0 2
2270.0 1
2272.0 1
2273.0 1
2274.0 1
2275.0 1
2277.0 1
2278.0 1
2279.0 3
2280.0 3
2282.0 1
2283.0 1
2285.0 1
2286.0 1
2289.0 3
2292.0 3
2293.0 1
2296.0 1
2297.0 2
2298.0 1
2300.0 3
2302.0 3
2304.0 2
2306.0 4
2307.0 2
2310.0 1
2311.0 2
2312.0 1
2314.0 2
2315.0 1
2316.0 2
2317.0 1
2318.0 3
2321.0 1
2325.0 1
2327.0 1
2329.0 1
2330.0 1
2331.0 1
2332.0 3
2333.0 1
2335.0 1
2337.0 1
2338.0 1
2339.0 2
2340.0 1
2344.0 2
2345.0 1
2346.0 1
2352.0 2
2353.0 2
2356.0 2
2357.0 1
2359.0 3
2360.0 1
2361.0 1
2363.0 1
2364.0 1
2365.0 3
2366.0 3
2367.0 2
2368.0 1
2369.0 1
2370.0 1
2376.0 2
2377.0 1
2378.0 3
2381.0 1
2383.0 1
2385.0 1
2386.0 1
2387.0 1
2388.0 1
2389.0 1
2391.0 2
2392.0 1
2394.0 1
2395.0 1
2399.0 1
2401.0 2
2403.0 1
2407.0 2
2409.0 1
2410.0 1
2411.0 2
2412.0 1
2414.0 2
2415.0 1
2417.0 1
2421.0 1
2422.0 1
2425.0 1
2426.0 2
2427.0 2
2428.0 4
2429.0 1
2430.0 3
2432.0 2
2433.0 1
2435.0 1
2437.0 1
2439.0 1
2440.0 2
2443.0 2
2444.0 3
2445.0 1
2446.0 1
2447.0 1
2450.0 3
2454.0 1
2457.0 1
2458.0 3
2460.0 3
2461.0 1
2462.0 1
2463.0 1
2465.0 1
2468.0 1
2473.0 2
2474.0 1
2475.0 2
2479.0 2
2480.0 1
2486.0 1
2488.0 1
2492.0 2
2493.0 1
2496.0 2
2497.0 1
2498.0 1
2500.0 1
2501.0 3
2503.0 2
2504.0 2
2505.0 3
2507.0 1
2512.0 1
2513.0 1
2515.0 1
2517.0 2
2518.0 1
2519.0 2
2522.0 2
2524.0 2
2526.0 2
2528.0 1
2530.0 2
2531.0 1
2532.0 1
2533.0 1
2535.0 1
2536.0 2
2538.0 1
2539.0 1
2540.0 1
2541.0 3
2542.0 2
2544.0 2
2545.0 1
2547.0 1
2548.0 1
2551.0 1
2555.0 2
2556.0 1
2557.0 1
2558.0 2
2561.0 1
2563.0 1
2564.0 4
2567.0 1
2568.0 2
2569.0 1
2572.0 1
2574.0 1
2575.0 1
2576.0 2
2577.0 1
2578.0 1
2580.0 2
2581.0 3
2582.0 1
2583.0 1
2584.0 1
2585.0 4
2587.0 2
2588.0 1
2589.0 3
2590.0 1
2592.0 3
2594.0 1
2595.0 1
2596.0 2
2597.0 1
2598.0 1
2599.0 1
2600.0 2
2603.0 1
2604.0 1
2609.0 3
2610.0 2
2612.0 1
2613.0 1
2614.0 2
2615.0 1
2616.0 1
2617.0 1
2618.0 1
2619.0 1
2620.0 2
2621.0 1
2622.0 2
2623.0 2
2624.0 1
2625.0 4
2626.0 1
2628.0 1
2629.0 2
2630.0 3
2632.0 2
2633.0 1
2636.0 2
2637.0 1
2638.0 1
2639.0 1
2640.0 1
2641.0 2
2642.0 1
2644.0 5
2645.0 3
2646.0 1
2647.0 3
2648.0 6
2649.0 4
2650.0 3
2651.0 2
2652.0 1
2654.0 2
2656.0 1
2657.0 4
2659.0 2
2660.0 1
2663.0 1
2665.0 1
2667.0 2
2671.0 1
2673.0 2
2674.0 1
2675.0 1
2676.0 1
2677.0 1
2678.0 1
2679.0 4
2680.0 1
2681.0 2
2682.0 2
2683.0 4
2685.0 3
2686.0 1
2687.0 5
2688.0 2
2689.0 1
2690.0 3
2691.0 1
2692.0 4
2693.0 2
2694.0 3
2695.0 3
2697.0 1
2698.0 1
2699.0 1
2700.0 1
2701.0 1
2703.0 2
2704.0 3
2705.0 1
2706.0 1
2707.0 4
2708.0 2
2709.0 1
2710.0 2
2711.0 2
2712.0 1
2713.0 2
2714.0 2
2715.0 2
2716.0 1
2717.0 1
2718.0 1
2719.0 2
2720.0 2
2721.0 1
2722.0 1
2723.0 2
2725.0 2
2726.0 1
2727.0 2
2728.0 3
2730.0 2
2731.0 1
2733.0 3
2734.0 1
2735.0 1
2736.0 2
2738.0 1
2739.0 1
2740.0 3
2742.0 1
2743.0 1
2744.0 2
2746.0 3
2747.0 1
2748.0 3
2749.0 3
2750.0 1
2751.0 6
2752.0 2
2753.0 2
2754.0 3
2756.0 1
2757.0 3
2759.0 3
2760.0 3
2761.0 1
2762.0 3
2763.0 1
2764.0 1
2765.0 1
2767.0 4
2768.0 1
2769.0 1
2770.0 4
2771.0 1
2772.0 2
2773.0 2
2774.0 2
2775.0 1
2776.0 1
2778.0 2
2779.0 1
2780.0 1
2781.0 3
2782.0 1
2783.0 3
2784.0 2
2785.0 3
2786.0 2
2788.0 4
2789.0 3
2790.0 4
2791.0 1
2792.0 2
2793.0 2
2794.0 1
2795.0 2
2798.0 2
2800.0 1
2803.0 2
2804.0 1
2805.0 1
2806.0 1
2807.0 2
2808.0 3
2809.0 1
2814.0 1
2815.0 5
2816.0 1
2817.0 3
2818.0 1
2819.0 1
2820.0 2
2821.0 1
2823.0 2
2824.0 1
2825.0 2
2827.0 2
2828.0 3
2829.0 4
2830.0 1
2833.0 2
2834.0 2
2835.0 2
2836.0 2
2837.0 1
2838.0 1
2840.0 2
2841.0 1
2842.0 1
2843.0 3
2844.0 1
2845.0 4
2846.0 1
2849.0 1
2851.0 1
2852.0 1
2853.0 2
2855.0 1
2856.0 1
2857.0 2
2859.0 2
2861.0 2
2862.0 1
2863.0 1
2865.0 3
2866.0 2
2867.0 1
2872.0 1
2873.0 2
2874.0 1
2875.0 1
2876.0 1
2877.0 3
2878.0 1
2879.0 2
2880.0 2
2881.0 1
2882.0 3
2884.0 3
2885.0 1
2887.0 1
2888.0 3
2889.0 2
2890.0 2
2891.0 1
2893.0 3
2894.0 1
2896.0 3
2898.0 1
2899.0 3
2900.0 2
2901.0 3
2902.0 3
2904.0 2
2905.0 1
2906.0 6
2907.0 2
2910.0 3
2911.0 2
2912.0 2
2913.0 1
2917.0 2
2918.0 1
2919.0 5
2920.0 1
2921.0 1
2922.0 1
2923.0 1
2924.0 2
2925.0 3
2926.0 4
2927.0 1
2928.0 1
2930.0 3
2931.0 2
2932.0 1
2933.0 1
2934.0 1
2935.0 1
2936.0 1
2938.0 1
2939.0 2
2941.0 1
2942.0 1
2944.0 1
2946.0 2
2949.0 1
2950.0 1
2951.0 1
2952.0 2
2953.0 1
2954.0 1
2955.0 2
2956.0 2
2957.0 1
2958.0 1
2959.0 1
2961.0 3
2962.0 2
2963.0 3
2966.0 1
2967.0 3
2969.0 2
2970.0 1
2972.0 1
2973.0 1
2974.0 1
2975.0 1
2977.0 1
2978.0 3
2981.0 1
2984.0 2
2986.0 1
2987.0 2
2988.0 2
2989.0 2
2990.0 3
2991.0 2
2992.0 1
2993.0 2
2994.0 1
2995.0 4
2998.0 2
2999.0 2
3000.0 1
3001.0 1
3002.0 2
3003.0 2
3004.0 2
3009.0 1
3012.0 1
3013.0 2
3015.0 1
3016.0 2
3019.0 2
3022.0 2
3026.0 1
3029.0 1
3031.0 1
3032.0 2
3033.0 4
3035.0 1
3039.0 2
3040.0 2
3041.0 1
3042.0 2
3044.0 3
3047.0 1
3048.0 1
3050.0 1
3053.0 2
3055.0 1
3057.0 2
3062.0 1
3064.0 2
3070.0 1
3073.0 2
3078.0 3
3079.0 1
3086.0 2
3089.0 1
3092.0 1
3099.0 1
3103.0 1
3106.0 1
3108.0 1
3110.0 1
3111.0 2
3114.0 3
3118.0 2
3119.0 1
3121.0 2
3123.0 1
3124.0 1
3127.0 2
3130.0 1
3132.0 1
3135.0 1
3138.0 1
3142.0 1
3143.0 1
3145.0 2
3146.0 1
3147.0 2
3148.0 2
3149.0 1
3152.0 1
3154.0 2
3156.0 1
3157.0 3
3161.0 1
3163.0 1
3165.0 1
3169.0 1
3170.0 1
3172.0 2
3173.0 1
3174.0 3
3180.0 1
3181.0 1
3183.0 1
3184.0 1
3187.0 2
3188.0 2
3189.0 2
3190.0 1
3198.0 1
3202.0 1
3204.0 1
3205.0 1
3206.0 1
3207.0 1
3208.0 1
3210.0 1
3212.0 1
3214.0 1
3218.0 1
3220.0 1
3224.0 1
3226.0 1
3228.0 1
3236.0 1
3239.0 1
3242.0 1
3244.0 1
3246.0 2
3249.0 1
3250.0 2
3251.0 1
3253.0 1
3254.0 1
3256.0 2
3257.0 1
3258.0 1
3264.0 2
3265.0 2
3266.0 1
3269.0 1
3270.0 1
3271.0 3
3274.0 2
3278.0 2
3279.0 1
3281.0 1
3291.0 1
3294.0 1
3297.0 1
3298.0 1
3304.0 1
3311.0 1
3313.0 1
3314.0 2
3315.0 1
3316.0 1
3317.0 1
3318.0 1
3319.0 1
3320.0 1
3325.0 1
3328.0 2
3330.0 1
3332.0 1
3333.0 2
3334.0 1
3335.0 2
3340.0 2
3341.0 1
3343.0 3
3347.0 1
3350.0 1
3351.0 2
3365.0 2
3367.0 1
3368.0 2
3369.0 2
3370.0 1
3373.0 1
3375.0 1
3376.0 1
3382.0 1
3384.0 1
3386.0 2
3388.0 3
3389.0 1
3390.0 1
3391.0 1
3392.0 1
3400.0 1
3401.0 1
3403.0 1
3409.0 1
3410.0 1
3414.0 1
3417.0 1
3419.0 2
3421.0 1
3424.0 1
3429.0 2
3433.0 1
3434.0 1
3437.0 1
3438.0 1
3441.0 1
3444.0 1
3446.0 1
3447.0 1
3448.0 1
3449.0 1
3450.0 1
3451.0 1
3453.0 1
3457.0 1
3459.0 1
3460.0 1
3462.0 2
3468.0 1
3471.0 1
3473.0 1
3474.0 1
3476.0 1
3478.0 2
3485.0 1
3489.0 1
3491.0 1
3496.0 1
3498.0 1
3505.0 1
3506.0 1
3508.0 1
3509.0 3
3514.0 1
3516.0 1
3520.0 1
3521.0 2
3522.0 1
3524.0 1
3537.0 1
3538.0 1
3543.0 1
3545.0 3
3547.0 1
3551.0 1
3553.0 1
3556.0 1
3557.0 2
3558.0 1
3560.0 1
3561.0 1
3562.0 1
3565.0 1
3571.0 1
3585.0 1
3586.0 1
3587.0 2
3589.0 1
3595.0 1
3598.0 1
3602.0 1
3610.0 1
3616.0 1
3618.0 1
3619.0 2
3620.0 2
3623.0 1
3624.0 1
3625.0 1
3631.0 2
3637.0 1
3641.0 2
3644.0 1
3646.0 1
3647.0 1
3649.0 2
3650.0 1
3655.0 1
3660.0 1
3662.0 1
3671.0 2
3672.0 2
3684.0 1
3691.0 1
3698.0 1
3704.0 1
3706.0 1
3710.0 1
3717.0 1
3718.0 1
3719.0 2
3721.0 1
3725.0 1
3726.0 1
3731.0 1
3732.0 1
3735.0 2
3740.0 1
3742.0 1
3743.0 1
3747.0 1
3756.0 2
3764.0 1
3769.0 1
3773.0 1
3774.0 1
3775.0 1
3777.0 2
3778.0 2
3780.0 1
3781.0 1
3782.0 1
3783.0 1
3788.0 1
3790.0 1
3791.0 2
3802.0 1
3804.0 1
3808.0 1
3809.0 1
3811.0 1
3812.0 2
3813.0 2
3815.0 1
3817.0 1
3821.0 1
3822.0 1
3825.0 1
3829.0 1
3830.0 1
3838.0 1
3847.0 1
3851.0 1
3854.0 1
3858.0 1
3859.0 1
3861.0 1
3862.0 1
3864.0 2
3865.0 1
3877.0 1
3878.0 1
3885.0 1
3887.0 1
3892.0 2
3893.0 1
3896.0 1
3904.0 1
3905.0 1
3906.0 1
3922.0 1
3925.0 1
3937.0 1
3939.0 3
3944.0 2
3946.0 1
3947.0 1
3964.0 1
3969.0 1
3977.0 1
3979.0 1
3982.0 1
3990.0 1
3996.0 1
4001.0 1
4006.0 1
4010.0 1
4019.0 2
4020.0 1
4022.0 2
4023.0 1
4031.0 1
4033.0 2
4036.0 1
4053.0 1
4058.0 1
4059.0 1
4062.0 1
4082.0 1
4084.0 1
4093.0 1
4094.0 1
4095.0 1
4097.0 1
4100.0 1
4105.0 1
4107.0 1
4114.0 1
4127.0 1
4129.0 1
4142.0 1
4145.0 1
4153.0 1
4158.0 1
4162.0 1
4163.0 1
4165.0 1
4173.0 1
4177.0 1
4179.0 1
4184.0 1
4185.0 1
4186.0 1
4188.0 1
4196.0 26
4198.0 2
4201.0 2
4223.0 1
4230.0 1
4235.0 1
4238.0 1
4244.0 4
4245.0 1
4246.0 1
4248.0 2
4251.0 1
4254.0 1
4256.0 1
4267.0 1
4271.0 1
4279.0 1
4281.0 1
4287.0 1
4296.0 1
4305.0 1
4314.0 1
4315.0 1
4317.0 1
4320.0 1
4322.0 1
4338.0 2
4346.0 1
4349.0 1
4367.0 1
4372.0 1
4378.0 1
4383.0 1
4386.0 1
4389.0 1
4390.0 1
4392.0 1
4397.0 1
4401.0 1
4404.0 1
4406.0 1
4409.0 1
4413.0 1
4414.0 1
4418.0 1
4426.0 1
4430.0 2
4432.0 1
4449.0 1
4457.0 1
4459.0 3
4473.0 1
4481.0 2
4485.0 1
4486.0 1
4488.0 1
4498.0 1
4499.0 1
4502.0 1
4505.0 2
4508.0 1
4511.0 1
4518.0 1
4524.0 1
4527.0 1
4532.0 1
4543.0 1
4545.0 1
4547.0 1
4551.0 3
4558.0 1
4565.0 1
4571.0 1
4575.0 1
4578.0 1
4589.0 1
4592.0 1
4594.0 1
4595.0 1
4598.0 2
4599.0 1
4604.0 1
4623.0 2
4630.0 1
4637.0 1
4639.0 1
4643.0 1
4647.0 1
4653.0 1
4655.0 1
4656.0 1
4666.0 1
4671.0 1
4674.0 1
4677.0 1
4681.0 1
4686.0 2
4687.0 1
4691.0 1
4692.0 2
4697.0 1
4701.0 2
4708.0 1
4711.0 1
4720.0 2
4721.0 1
4724.0 3
4733.0 1
4735.0 1
4749.0 1
4762.0 1
4764.0 1
4770.0 1
4774.0 1
4781.0 1
4782.0 2
4789.0 1
4798.0 1
4807.0 1
4827.0 1
4831.0 1
4832.0 1
4837.0 2
4843.0 1
4846.0 1
4853.0 1
4855.0 1
4857.0 1
4860.0 1
4861.0 1
4869.0 1
4877.0 1
4889.0 1
4893.0 1
4900.0 1
4906.0 1
4913.0 1
4928.0 1
4929.0 1
4930.0 1
4934.0 1
4936.0 1
4946.0 1
4947.0 1
4953.0 2
4954.0 1
4968.0 1
4969.0 1
4970.0 1
4972.0 1
4979.0 1
4987.0 1
4996.0 1
5003.0 1
5007.0 1
5010.0 1
5013.0 1
5021.0 1
5022.0 1
5025.0 1
5030.0 1
5048.0 1
5051.0 1
5056.0 1
5060.0 1
5065.0 1
5086.0 1
5093.0 1
5096.0 1
5105.0 1
5115.0 1
5118.0 1
5126.0 1
5129.0 1
5136.0 1
5143.0 1
5146.0 1
5161.0 1
5163.0 1
5164.0 2
5165.0 2
5168.0 1
5180.0 1
5185.0 2
5194.0 1
5196.0 1
5201.0 1
5210.0 1
5211.0 1
5212.0 1
5213.0 1
5223.0 1
5234.0 1
5237.0 1
5241.0 1
5251.0 1
5256.0 1
5266.0 1
5290.0 1
5291.0 1
5297.0 1
5298.0 1
5303.0 1
5305.0 1
5309.0 1
5313.0 1
5348.0 1
5359.0 2
5375.0 2
5381.0 2
5385.0 1
5387.0 1
5395.0 1
5406.0 1
5412.0 1
5415.0 1
5424.0 2
5436.0 1
5441.0 1
5447.0 1
5451.0 1
5453.0 1
5456.0 2
5458.0 1
5471.0 1
5474.0 1
5479.0 1
5488.0 1
5489.0 1
5496.0 1
5500.0 1
5507.0 1
5512.0 1
5517.0 1
5527.0 1
5546.0 1
5551.0 1
5554.0 1
5566.0 1
5571.0 2
5580.0 1
5585.0 1
5589.0 1
5597.0 1
5598.0 1
5607.0 1
5608.0 1
5615.0 1
5617.0 1
5624.0 2
5629.0 1
5634.0 1
5637.0 1
5651.0 1
5662.0 1
5666.0 1
5669.0 1
5680.0 1
5687.0 1
5693.0 1
5694.0 1
5698.0 1
5699.0 1
5724.0 1
5748.0 1
5752.0 1
5768.0 1
5775.0 1
5787.0 1
5799.0 1
5809.0 1
5812.0 1
5816.0 1
5820.0 1
5842.0 1
5846.0 1
5847.0 1
5853.0 1
5855.0 1
5859.0 1
5864.0 1
5892.0 2
5895.0 1
5927.0 1
5942.0 1
5945.0 1
5947.0 1
5951.0 1
5957.0 1
5958.0 1
5959.0 2
5973.0 1
5981.0 1
5994.0 1
6001.0 1
6004.0 1
6007.0 1
6009.0 1
6027.0 2
6028.0 1
6040.0 1
6050.0 1
6060.0 1
6070.0 1
6076.0 1
6082.0 1
6094.0 1
6100.0 1
6104.0 1
6122.0 1
6130.0 1
6136.0 1
6141.0 1
6157.0 1
6176.0 1
6185.0 1
6190.0 1
6195.0 1
6200.0 1
6201.0 1
6202.0 1
6214.0 1
6226.0 1
6250.0 1
6252.0 1
6256.0 1
6275.0 1
6280.0 1
6284.0 1
6286.0 1
6287.0 1
6291.0 1
6298.0 1
6304.0 1
6322.0 2
6324.0 1
6334.0 1
6344.0 1
6364.0 1
6366.0 1
6380.0 1
6381.0 1
6402.0 1
6403.0 1
6409.0 1
6413.0 1
6419.0 1
6422.0 1
6432.0 1
6435.0 1
6444.0 1
6472.0 1
6478.0 1
6479.0 2
6509.0 1
6516.0 1
6564.0 1
6582.0 1
6584.0 1
6605.0 1
6611.0 1
6612.0 1
6615.0 1
6687.0 1
6692.0 1
6696.0 1
6698.0 1
6708.0 1
6746.0 1
6774.0 1
6777.0 1
6780.0 1
6789.0 1
6797.0 1
6802.0 1
6823.0 1
6835.0 1
6855.0 1
6903.0 1
6906.0 1
6912.0 1
6929.0 1
6986.0 1
6995.0 1
7003.0 1
7039.0 1
7043.0 2
7054.0 1
7056.0 1
7061.0 1
7064.0 1
7094.0 1
7115.0 2
7121.0 1
7126.0 1
7134.0 1
7164.0 1
7167.0 1
7170.0 1
7178.0 1
7181.0 1
7197.0 1
7211.0 1
7222.0 1
7243.0 1
7254.0 2
7256.0 1
7263.0 1
7270.0 1
7282.0 1
7300.0 1
7301.0 1
7302.0 1
7314.0 1
7316.0 1
7321.0 1
7322.0 1
7327.0 1
7332.0 1
7345.0 1
7357.0 1
7358.0 1
7364.0 1
7368.0 1
7408.0 1
7412.0 1
7436.0 1
7444.0 1
7456.0 1
7461.0 1
7467.0 1
7471.0 1
7474.0 1
7480.0 1
7481.0 1
7489.0 1
7492.0 1
7496.0 1
7507.0 1
7512.0 1
7513.0 1
7515.0 1
7516.0 1
7518.0 1
7526.0 1
7528.0 1
7536.0 1
7539.0 2
7577.0 1
7579.0 1
7586.0 1
7592.0 1
7624.0 2
7646.0 1
7652.0 1
7666.0 1
7671.0 1
7696.0 1
7716.0 1
7725.0 2
7726.0 1
7731.0 1
7748.0 2
7755.0 2
7767.0 1
7779.0 1
7785.0 1
7815.0 1
7843.0 1
7854.0 1
7862.0 1
7869.0 1
7881.0 1
7888.0 1
7910.0 3
7912.0 1
7918.0 1
7923.0 1
7932.0 1
7935.0 1
7942.0 1
7967.0 1
7970.0 1
7987.0 1
8006.0 1
8010.0 1
8014.0 1
8020.0 1
8023.0 1
8029.0 3
8037.0 1
8042.0 1
8043.0 1
8051.0 2
8052.0 1
8068.0 1
8069.0 2
8073.0 1
8084.0 1
8089.0 1
8091.0 1
8096.0 1
8102.0 1
8111.0 1
8113.0 1
8118.0 2
8135.0 1
8160.0 1
8161.0 1
8166.0 1
8175.0 1
8208.0 1
8227.0 1
8233.0 1
8242.0 1
8261.0 1
8271.0 1
8290.0 1
8298.0 1
8303.0 1
8335.0 3
8355.0 1
8409.0 1
8441.0 1
8507.0 1
8508.0 1
8512.0 1
8532.0 1
8553.0 1
8575.0 1
8576.0 1
8595.0 1
8612.0 1
8630.0 1
8689.0 1
8722.0 1
8769.0 1
8849.0 1
8904.0 1
8910.0 1
8964.0 1
8993.0 2
9007.0 1
9023.0 1
9069.0 1
9073.0 1
9101.0 1
9108.0 1
9127.0 1
9128.0 1
9134.0 1
9153.0 1
9164.0 1
9198.0 1
9249.0 1
9254.0 1
9298.0 1
9335.0 1
9344.0 1
9351.0 1
9369.0 1
9444.0 1
9571.0 1
9604.0 1
9666.0 1
9769.0 1
9867.0 1
9901.0 1
10008.0 1
10009.0 1
10010.0 1
10048.0 1
10071.0 1
10120.0 1
10162.0 1
10182.0 1
10319.0 1
10352.0 1
10395.0 1
10402.0 1
10421.0 1
10609.0 1
10633.0 1
10747.0 1
10765.0 1
10766.0 1
10796.0 1
10811.0 1
10841.0 1
10946.0 1
10989.0 1
11010.0 1
11073.0 1
11143.0 1
11166.0 1
11238.0 1
11260.0 1
11421.0 1
11552.0 1
11570.0 1
11761.0 1
11848.0 1
11883.0 1
11989.0 1
12079.0 1
12085.0 1
12103.0 1
12141.0 1
12153.0 1
12158.0 1
12172.0 1
12228.0 1
12229.0 1
12280.0 1
12286.0 1
12315.0 1
12322.0 1
12359.0 1
12362.0 1
12462.0 1
12549.0 1
12624.0 1
12628.0 1
12638.0 1
12785.0 1
12816.0 1
12931.0 1
13119.0 1
13346.0 1
13396.0 1
13480.0 1
13535.0 1
13590.0 1
13883.0 1
13924.0 1
14166.0 1
14223.0 1
14457.0 1
14459.0 1
14666.0 1
14800.0 1
14959.0 1
14981.0 1
15086.0 1
15151.0 1
15231.0 1
15277.0 1
15282.0 1
15313.0 1
15415.0 1
15461.0 1
15473.0 1
15511.0 1
15515.0 1
15557.0 1
15598.0 1
15620.0 1
15633.0 1
15776.0 1
15866.0 1
16210.0 1
16225.0 1
16262.0 1
16487.0 1
16488.0 1
16511.0 1
16670.0 1
16765.0 1
16805.0 1
17011.0 1
17100.0 1
17302.0 1
17441.0 1
17445.0 1
17514.0 1
17707.0 1
17853.0 1
17912.0 1
18324.0 1
18586.0 1
18854.0 1
18930.0 1
19050.0 1
19159.0 1
19235.0 1
19276.0 1
19401.0 1
19483.0 1
19675.0 1
19705.0 1
20061.0 1
20319.0 1
20370.0 1
20504.0 1
20865.0 1
21418.0 1
21555.0 1
21787.0 1
21828.0 1
21917.0 1
21965.0 1
22175.0 1
22580.0 1
22671.0 1
22767.0 1
22770.0 1
22789.0 1
22909.0 1
23074.0 1
23113.0 1
23192.0 1
23325.0 1
23343.0 1
23632.0 1
23673.0 1
24110.0 1
24539.0 1
24656.0 1
24946.0 1
25070.0 1
25613.0 1
25747.0 1
26625.0 1
26772.0 1
26908.0 1
27104.0 1
27914.0 1
28082.0 1
28270.0 1
28505.0 1
28548.0 1
29778.0 1
29995.0 1
30318.0 1
30499.0 1
30547.0 1
30774.0 1
32053.0 1
32227.0 1
33244.0 1
35141.0 1
35195.0 1
36046.0 1
36174.0 1
36243.0 1
36521.0 1
36642.0 1
36825.0 1
37005.0 1
37327.0 1
37418.0 1
37484.0 1
38199.0 1
38224.0 1
38616.0 1
39088.0 1
39480.0 1
39749.0 1
40228.0 1
40251.0 1
41397.0 1
43012.0 1
43543.0 1
43658.0 1
49188.0 1
50701.0 1
54599.0 1
56896.0 1
57639.0 1
60058.0 1
64166.0 1
64789.0 1
66665.0 1
67317.0 1
69367.0 1
69458.0 1
73516.0 1
75929.0 1
84621.0 1
92524.0 1
99947.0 1
100101.0 1
102165.0 1
102571.0 1
138541.0 1
139302.0 1
148150.0 1
228459.0 1
358520.0 1
370392.0 1
