1.0 1342491
2.0 66671
3.0 43654
4.0 35521
5.0 32460
6.0 32516
7.0 32744
8.0 34471
9.0 37101
10.0 39283
11.0 41414
12.0 42427
13.0 42549
14.0 43347
15.0 43493
16.0 43351
17.0 43434
18.0 42483
19.0 41758
20.0 41001
21.0 39787
22.0 38883
23.0 37136
24.0 35656
25.0 34807
26.0 33040
27.0 31294
28.0 30065
29.0 28638
30.0 27402
31.0 26083
32.0 24938
33.0 23648
34.0 22444
35.0 21483
36.0 20671
37.0 19542
38.0 18136
39.0 17552
40.0 16703
41.0 15870
42.0 15412
43.0 14378
44.0 13772
45.0 13317
46.0 12662
47.0 12051
48.0 11497
49.0 11264
50.0 10478
51.0 10359
52.0 9958
53.0 9436
54.0 9239
55.0 8814
56.0 8476
57.0 8494
58.0 7980
59.0 7614
60.0 7299
61.0 7310
62.0 7084
63.0 6803
64.0 6678
65.0 6283
66.0 6063
67.0 5964
68.0 5787
69.0 5663
70.0 5653
71.0 5465
72.0 5193
73.0 5146
74.0 4969
75.0 4945
76.0 4770
77.0 4618
78.0 4388
79.0 4297
80.0 4166
81.0 4059
82.0 4048
83.0 3829
84.0 3847
85.0 3624
86.0 3455
87.0 3532
88.0 3282
89.0 3369
90.0 3132
91.0 3271
92.0 3145
93.0 3095
94.0 3120
95.0 3000
96.0 2714
97.0 2788
98.0 2688
99.0 2718
100.0 2543
101.0 2503
102.0 2375
103.0 2397
104.0 2326
105.0 2258
106.0 2211
107.0 2165
108.0 2091
109.0 2011
110.0 1953
111.0 2032
112.0 1982
113.0 1851
114.0 1753
115.0 1710
116.0 1640
117.0 1707
118.0 1828
119.0 1680
120.0 1643
121.0 1632
122.0 1529
123.0 1596
124.0 1588
125.0 1559
126.0 1440
127.0 1529
128.0 1458
129.0 1327
130.0 1296
131.0 1258
132.0 1305
133.0 1426
134.0 1278
135.0 1298
136.0 1286
137.0 1193
138.0 1185
139.0 1306
140.0 1318
141.0 1149
142.0 1112
143.0 1050
144.0 1057
145.0 1060
146.0 966
147.0 932
148.0 962
149.0 939
150.0 897
151.0 898
152.0 945
153.0 920
154.0 926
155.0 948
156.0 835
157.0 867
158.0 858
159.0 791
160.0 860
161.0 826
162.0 791
163.0 772
164.0 772
165.0 719
166.0 674
167.0 667
168.0 675
169.0 656
170.0 612
171.0 638
172.0 652
173.0 661
174.0 634
175.0 586
176.0 641
177.0 689
178.0 642
179.0 574
180.0 579
181.0 552
182.0 521
183.0 559
184.0 539
185.0 475
186.0 554
187.0 557
188.0 528
189.0 527
190.0 505
191.0 525
192.0 545
193.0 509
194.0 451
195.0 483
196.0 404
197.0 394
198.0 383
199.0 452
200.0 450
201.0 434
202.0 447
203.0 401
204.0 406
205.0 444
206.0 457
207.0 508
208.0 580
209.0 572
210.0 468
211.0 411
212.0 417
213.0 386
214.0 371
215.0 395
216.0 377
217.0 356
218.0 367
219.0 387
220.0 395
221.0 391
222.0 344
223.0 350
224.0 413
225.0 323
226.0 293
227.0 279
228.0 302
229.0 275
230.0 320
231.0 254
232.0 276
233.0 231
234.0 219
235.0 242
236.0 237
237.0 218
238.0 242
239.0 220
240.0 228
241.0 239
242.0 208
243.0 212
244.0 206
245.0 220
246.0 182
247.0 174
248.0 173
249.0 159
250.0 201
251.0 202
252.0 191
253.0 184
254.0 205
255.0 170
256.0 171
257.0 157
258.0 179
259.0 250
260.0 283
261.0 306
262.0 287
263.0 268
264.0 244
265.0 250
266.0 256
267.0 170
268.0 189
269.0 180
270.0 192
271.0 179
272.0 164
273.0 200
274.0 206
275.0 214
276.0 202
277.0 233
278.0 234
279.0 183
280.0 187
281.0 212
282.0 186
283.0 179
284.0 179
285.0 167
286.0 186
287.0 237
288.0 241
289.0 223
290.0 214
291.0 210
292.0 216
293.0 161
294.0 148
295.0 158
296.0 140
297.0 151
298.0 140
299.0 168
300.0 167
301.0 151
302.0 189
303.0 189
304.0 156
305.0 166
306.0 179
307.0 148
308.0 172
309.0 135
310.0 138
311.0 126
312.0 135
313.0 105
314.0 115
315.0 103
316.0 124
317.0 80
318.0 114
319.0 121
320.0 133
321.0 122
322.0 115
323.0 109
324.0 101
325.0 89
326.0 101
327.0 97
328.0 90
329.0 121
330.0 116
331.0 145
332.0 148
333.0 174
334.0 156
335.0 163
336.0 166
337.0 141
338.0 106
339.0 123
340.0 93
341.0 110
342.0 118
343.0 103
344.0 98
345.0 100
346.0 105
347.0 92
348.0 79
349.0 74
350.0 68
351.0 98
352.0 78
353.0 100
354.0 91
355.0 91
356.0 82
357.0 80
358.0 97
359.0 109
360.0 108
361.0 92
362.0 93
363.0 116
364.0 122
365.0 125
366.0 101
367.0 96
368.0 106
369.0 88
370.0 102
371.0 97
372.0 110
373.0 114
374.0 117
375.0 100
376.0 69
377.0 60
378.0 49
379.0 53
380.0 54
381.0 46
382.0 47
383.0 39
384.0 45
385.0 45
386.0 30
387.0 54
388.0 54
389.0 60
390.0 59
391.0 69
392.0 74
393.0 77
394.0 72
395.0 59
396.0 71
397.0 55
398.0 59
399.0 71
400.0 83
401.0 85
402.0 51
403.0 49
404.0 50
405.0 41
406.0 50
407.0 37
408.0 39
409.0 33
410.0 30
411.0 26
412.0 26
413.0 22
414.0 27
415.0 22
416.0 17
417.0 33
418.0 19
419.0 26
420.0 38
421.0 21
422.0 25
423.0 32
424.0 28
425.0 12
426.0 28
427.0 31
428.0 20
429.0 22
430.0 23
431.0 35
432.0 24
433.0 39
434.0 42
435.0 55
436.0 56
437.0 93
438.0 88
439.0 92
440.0 82
441.0 91
442.0 86
443.0 57
444.0 63
445.0 46
446.0 52
447.0 41
448.0 33
449.0 31
450.0 34
451.0 30
452.0 30
453.0 22
454.0 16
455.0 26
456.0 19
457.0 21
458.0 16
459.0 24
460.0 21
461.0 18
462.0 20
463.0 18
464.0 18
465.0 12
466.0 22
467.0 14
468.0 17
469.0 14
470.0 33
471.0 23
472.0 20
473.0 15
474.0 23
475.0 23
476.0 28
477.0 19
478.0 20
479.0 17
480.0 19
481.0 23
482.0 18
483.0 22
484.0 11
485.0 15
486.0 13
487.0 16
488.0 23
489.0 21
490.0 27
491.0 29
492.0 33
493.0 43
494.0 41
495.0 53
496.0 55
497.0 80
498.0 91
499.0 110
500.0 74
501.0 68
502.0 65
503.0 45
504.0 40
505.0 35
506.0 55
507.0 40
508.0 36
509.0 38
510.0 39
511.0 34
512.0 28
513.0 27
514.0 32
515.0 15
516.0 23
517.0 22
518.0 19
519.0 31
520.0 17
521.0 23
522.0 22
523.0 17
524.0 18
525.0 17
526.0 18
527.0 16
528.0 13
529.0 20
530.0 26
531.0 18
532.0 25
533.0 17
534.0 21
535.0 23
536.0 17
537.0 24
538.0 14
539.0 13
540.0 15
541.0 22
542.0 20
543.0 18
544.0 15
545.0 20
546.0 18
547.0 20
548.0 22
549.0 25
550.0 21
551.0 18
552.0 23
553.0 22
554.0 12
555.0 21
556.0 16
557.0 17
558.0 14
559.0 19
560.0 25
561.0 8
562.0 20
563.0 14
564.0 16
565.0 15
566.0 10
567.0 18
568.0 14
569.0 7
570.0 7
571.0 11
572.0 9
573.0 10
574.0 9
575.0 12
576.0 7
577.0 9
578.0 8
579.0 12
580.0 8
581.0 12
582.0 8
583.0 9
584.0 13
585.0 8
586.0 13
587.0 13
588.0 7
589.0 13
590.0 9
591.0 9
592.0 10
593.0 12
594.0 15
595.0 15
596.0 19
597.0 27
598.0 17
599.0 17
600.0 16
601.0 22
602.0 22
603.0 8
604.0 11
605.0 21
606.0 4
607.0 8
608.0 6
609.0 10
610.0 8
611.0 9
612.0 7
613.0 5
614.0 10
615.0 7
616.0 5
617.0 18
618.0 7
619.0 9
620.0 5
621.0 9
622.0 3
623.0 14
624.0 10
625.0 7
626.0 6
627.0 6
628.0 11
629.0 11
630.0 4
631.0 11
632.0 5
633.0 2
634.0 6
635.0 5
636.0 8
637.0 5
638.0 2
639.0 9
640.0 6
641.0 5
642.0 6
643.0 2
644.0 3
645.0 9
646.0 5
647.0 14
648.0 13
649.0 21
650.0 10
651.0 11
652.0 17
653.0 13
654.0 13
655.0 15
656.0 19
657.0 25
658.0 9
659.0 21
660.0 16
661.0 8
662.0 11
663.0 14
664.0 4
665.0 7
666.0 5
667.0 7
668.0 7
669.0 12
670.0 7
671.0 11
672.0 14
673.0 27
674.0 35
675.0 51
676.0 59
677.0 63
678.0 47
679.0 59
680.0 53
681.0 57
682.0 36
683.0 30
684.0 33
685.0 37
686.0 18
687.0 14
688.0 11
689.0 15
690.0 3
691.0 9
692.0 16
693.0 4
694.0 13
695.0 10
696.0 2
697.0 6
698.0 5
699.0 8
700.0 6
701.0 12
702.0 4
703.0 10
704.0 6
705.0 8
706.0 4
707.0 3
708.0 9
709.0 4
710.0 12
711.0 9
712.0 6
713.0 9
714.0 3
715.0 9
716.0 8
717.0 10
718.0 12
719.0 13
720.0 6
721.0 15
722.0 18
723.0 6
724.0 15
725.0 15
726.0 10
727.0 12
728.0 13
729.0 3
730.0 9
731.0 3
732.0 5
733.0 8
734.0 9
735.0 6
736.0 7
737.0 3
738.0 4
739.0 4
740.0 9
741.0 5
742.0 9
743.0 9
744.0 5
745.0 4
746.0 10
747.0 3
748.0 4
749.0 8
750.0 8
751.0 6
752.0 7
753.0 5
754.0 9
755.0 8
756.0 7
757.0 3
758.0 8
759.0 5
760.0 8
761.0 3
762.0 4
763.0 7
764.0 8
765.0 6
766.0 8
767.0 3
768.0 3
769.0 3
770.0 3
771.0 3
772.0 9
773.0 6
774.0 10
775.0 2
776.0 3
777.0 6
778.0 10
779.0 1
780.0 4
781.0 4
782.0 6
783.0 4
784.0 6
785.0 2
786.0 3
787.0 3
788.0 3
789.0 3
790.0 4
791.0 5
792.0 7
793.0 5
794.0 7
795.0 4
796.0 3
797.0 7
798.0 6
799.0 5
800.0 5
801.0 7
802.0 3
803.0 4
804.0 4
805.0 5
806.0 5
807.0 4
808.0 8
809.0 7
810.0 7
811.0 2
812.0 6
813.0 4
814.0 4
815.0 7
816.0 3
817.0 1
818.0 6
819.0 3
820.0 3
822.0 3
823.0 3
824.0 5
825.0 3
826.0 3
827.0 4
828.0 4
829.0 4
830.0 3
831.0 9
832.0 12
833.0 12
834.0 11
835.0 14
836.0 22
837.0 14
838.0 17
839.0 20
840.0 26
841.0 33
842.0 40
843.0 66
844.0 67
845.0 63
846.0 59
847.0 60
848.0 60
849.0 40
850.0 40
851.0 41
852.0 42
853.0 23
854.0 14
855.0 16
856.0 12
857.0 9
858.0 8
859.0 10
860.0 7
861.0 7
862.0 4
863.0 4
864.0 4
865.0 6
866.0 6
867.0 2
868.0 6
869.0 6
870.0 5
871.0 2
872.0 5
873.0 5
874.0 7
875.0 5
876.0 5
877.0 6
878.0 4
879.0 3
880.0 7
881.0 3
882.0 5
883.0 4
884.0 3
885.0 5
886.0 2
887.0 8
888.0 10
889.0 3
890.0 5
891.0 4
892.0 6
893.0 2
894.0 6
895.0 4
896.0 8
897.0 9
898.0 7
899.0 6
900.0 5
901.0 6
902.0 8
903.0 4
904.0 6
905.0 4
906.0 7
907.0 4
908.0 5
909.0 4
910.0 7
911.0 4
912.0 4
913.0 4
914.0 5
915.0 5
916.0 3
917.0 6
919.0 3
920.0 3
921.0 4
922.0 3
923.0 7
924.0 2
925.0 4
926.0 4
927.0 4
929.0 5
930.0 6
931.0 5
932.0 3
933.0 3
934.0 3
935.0 5
936.0 3
937.0 3
938.0 3
939.0 3
940.0 2
941.0 1
942.0 2
943.0 5
944.0 3
945.0 7
947.0 3
948.0 4
949.0 6
950.0 1
951.0 5
952.0 5
953.0 4
954.0 3
955.0 2
956.0 2
957.0 4
958.0 6
959.0 4
960.0 5
961.0 5
962.0 6
963.0 3
964.0 8
965.0 2
966.0 7
967.0 4
968.0 4
969.0 1
970.0 2
971.0 2
972.0 3
973.0 1
974.0 2
975.0 2
977.0 3
978.0 5
979.0 3
980.0 1
981.0 3
982.0 3
983.0 2
984.0 1
985.0 4
986.0 2
987.0 3
988.0 1
989.0 2
990.0 4
992.0 4
993.0 2
995.0 2
996.0 2
997.0 5
998.0 2
999.0 3
1000.0 1
1001.0 3
1002.0 2
1003.0 1
1004.0 2
1005.0 1
1007.0 3
1008.0 1
1009.0 1
1010.0 3
1011.0 1
1012.0 3
1014.0 2
1015.0 1
1018.0 3
1019.0 2
1020.0 2
1021.0 4
1022.0 1
1023.0 2
1025.0 3
1027.0 1
1028.0 1
1029.0 1
1030.0 2
1033.0 1
1034.0 1
1035.0 1
1037.0 1
1038.0 4
1039.0 5
1040.0 7
1041.0 1
1042.0 2
1043.0 2
1044.0 1
1046.0 2
1047.0 2
1048.0 2
1049.0 1
1050.0 1
1051.0 2
1052.0 1
1054.0 1
1055.0 2
1056.0 1
1057.0 2
1058.0 1
1059.0 1
1060.0 1
1062.0 1
1063.0 2
1064.0 1
1067.0 3
1069.0 2
1070.0 1
1073.0 2
1074.0 2
1076.0 4
1077.0 3
1079.0 1
1080.0 2
1081.0 2
1082.0 1
1083.0 1
1084.0 1
1085.0 1
1086.0 3
1087.0 3
1089.0 3
1091.0 1
1092.0 3
1093.0 1
1094.0 1
1095.0 1
1097.0 2
1099.0 2
1100.0 3
1102.0 1
1103.0 1
1104.0 1
1107.0 3
1108.0 1
1109.0 1
1110.0 3
1111.0 5
1114.0 1
1115.0 1
1117.0 3
1120.0 2
1121.0 1
1122.0 2
1124.0 2
1125.0 1
1128.0 4
1131.0 2
1133.0 1
1134.0 2
1137.0 1
1139.0 2
1141.0 1
1142.0 2
1143.0 3
1144.0 4
1145.0 1
1146.0 2
1148.0 1
1149.0 2
1150.0 2
1151.0 2
1153.0 1
1154.0 4
1155.0 1
1156.0 1
1158.0 3
1159.0 3
1160.0 1
1161.0 2
1163.0 2
1164.0 2
1165.0 1
1166.0 1
1169.0 1
1170.0 4
1171.0 2
1172.0 3
1173.0 1
1174.0 3
1175.0 2
1177.0 2
1178.0 3
1180.0 3
1181.0 1
1182.0 1
1183.0 4
1185.0 1
1186.0 1
1187.0 1
1188.0 2
1190.0 2
1191.0 1
1192.0 2
1193.0 1
1194.0 1
1195.0 6
1196.0 1
1197.0 2
1198.0 1
1199.0 1
1200.0 1
1203.0 1
1204.0 1
1206.0 3
1207.0 1
1208.0 1
1209.0 1
1211.0 2
1212.0 1
1213.0 1
1214.0 3
1217.0 2
1218.0 2
1219.0 1
1220.0 1
1221.0 2
1224.0 4
1225.0 2
1226.0 1
1227.0 1
1228.0 4
1229.0 1
1230.0 1
1231.0 3
1232.0 3
1233.0 1
1234.0 1
1235.0 2
1236.0 1
1237.0 1
1239.0 1
1240.0 1
1241.0 2
1246.0 2
1248.0 1
1250.0 1
1252.0 2
1256.0 1
1258.0 2
1259.0 1
1260.0 2
1262.0 2
1263.0 1
1264.0 1
1267.0 1
1268.0 1
1269.0 1
1270.0 2
1272.0 1
1273.0 2
1276.0 1
1277.0 1
1283.0 3
1284.0 3
1285.0 1
1286.0 2
1290.0 1
1292.0 1
1294.0 2
1302.0 2
1303.0 1
1305.0 3
1306.0 1
1309.0 1
1311.0 1
1313.0 2
1315.0 1
1317.0 1
1318.0 2
1319.0 1
1320.0 1
1321.0 1
1322.0 1
1323.0 2
1324.0 1
1326.0 1
1327.0 1
1334.0 1
1335.0 1
1336.0 3
1337.0 2
1339.0 2
1340.0 3
1342.0 2
1343.0 1
1344.0 3
1345.0 2
1347.0 2
1348.0 1
1349.0 1
1350.0 2
1351.0 1
1353.0 2
1354.0 3
1357.0 1
1358.0 1
1359.0 1
1361.0 1
1362.0 1
1364.0 2
1365.0 3
1366.0 2
1367.0 1
1374.0 3
1375.0 1
1377.0 2
1381.0 2
1383.0 2
1384.0 1
1385.0 1
1387.0 2
1390.0 1
1391.0 1
1393.0 1
1394.0 2
1395.0 1
1396.0 1
1398.0 1
1400.0 1
1401.0 1
1402.0 1
1404.0 2
1407.0 1
1408.0 1
1411.0 1
1413.0 1
1414.0 1
1416.0 2
1418.0 2
1419.0 2
1420.0 1
1426.0 1
1428.0 1
1430.0 1
1436.0 1
1437.0 1
1438.0 2
1442.0 4
1443.0 1
1444.0 2
1445.0 1
1446.0 2
1449.0 1
1452.0 1
1453.0 1
1459.0 2
1460.0 1
1461.0 4
1462.0 3
1463.0 1
1464.0 1
1466.0 3
1467.0 1
1468.0 1
1469.0 1
1470.0 2
1472.0 1
1473.0 1
1474.0 1
1475.0 1
1476.0 1
1477.0 1
1478.0 1
1479.0 1
1482.0 1
1484.0 1
1485.0 1
1487.0 1
1488.0 1
1489.0 2
1490.0 1
1494.0 1
1497.0 1
1500.0 1
1503.0 1
1505.0 1
1507.0 1
1508.0 1
1510.0 1
1511.0 1
1512.0 2
1513.0 1
1522.0 1
1525.0 1
1527.0 1
1528.0 1
1530.0 1
1537.0 1
1539.0 1
1541.0 1
1544.0 2
1550.0 1
1553.0 2
1555.0 1
1558.0 1
1567.0 1
1568.0 2
1570.0 1
1571.0 1
1572.0 1
1573.0 2
1574.0 1
1577.0 3
1579.0 1
1580.0 2
1584.0 1
1585.0 1
1588.0 1
1589.0 2
1590.0 1
1592.0 1
1594.0 2
1595.0 1
1598.0 1
1599.0 2
1600.0 1
1602.0 1
1607.0 1
1609.0 2
1614.0 1
1617.0 1
1618.0 1
1623.0 1
1627.0 1
1630.0 2
1638.0 1
1642.0 1
1644.0 2
1648.0 1
1651.0 1
1654.0 1
1655.0 1
1656.0 1
1659.0 2
1660.0 1
1662.0 1
1666.0 1
1668.0 1
1671.0 1
1679.0 1
1682.0 1
1686.0 1
1687.0 3
1691.0 1
1696.0 1
1701.0 1
1704.0 1
1705.0 1
1714.0 1
1716.0 1
1717.0 1
1718.0 1
1719.0 1
1720.0 1
1723.0 1
1725.0 1
1727.0 1
1728.0 1
1729.0 1
1734.0 2
1735.0 2
1738.0 1
1742.0 1
1746.0 1
1747.0 1
1750.0 1
1752.0 2
1753.0 2
1754.0 1
1755.0 2
1756.0 1
1757.0 1
1762.0 1
1764.0 2
1769.0 1
1775.0 1
1778.0 1
1780.0 1
1784.0 1
1787.0 1
1789.0 1
1793.0 1
1798.0 1
1799.0 1
1801.0 2
1803.0 1
1806.0 2
1807.0 2
1808.0 1
1809.0 1
1813.0 1
1815.0 1
1817.0 1
1823.0 1
1824.0 1
1825.0 1
1830.0 1
1840.0 1
1845.0 1
1846.0 1
1848.0 1
1853.0 1
1858.0 1
1871.0 1
1876.0 1
1878.0 1
1879.0 1
1881.0 1
1887.0 1
1888.0 1
1895.0 2
1897.0 1
1909.0 1
1913.0 1
1914.0 1
1928.0 1
1929.0 1
1935.0 2
1940.0 1
1949.0 1
1950.0 1
1951.0 1
1952.0 1
1964.0 1
1967.0 1
1981.0 1
1983.0 1
1987.0 1
2010.0 1
2038.0 1
2078.0 1
2092.0 1
2102.0 1
2111.0 1
2118.0 1
2119.0 1
2133.0 1
2135.0 1
2149.0 1
2151.0 1
2188.0 1
2206.0 1
2218.0 1
2222.0 1
2252.0 2
2255.0 1
2260.0 1
2265.0 1
2268.0 1
2279.0 1
2281.0 1
2289.0 1
2295.0 1
2298.0 1
2303.0 1
2307.0 1
2314.0 1
2317.0 1
2324.0 1
2333.0 2
2336.0 1
2338.0 1
2339.0 1
2349.0 2
2356.0 1
2358.0 1
2387.0 1
2401.0 1
2411.0 1
2430.0 1
2434.0 1
2443.0 1
2445.0 1
2446.0 1
2450.0 1
2467.0 1
2470.0 1
2487.0 1
2503.0 1
2510.0 1
2519.0 1
2525.0 1
2563.0 1
2599.0 1
2614.0 1
2628.0 1
2633.0 1
2665.0 1
2669.0 1
2690.0 1
2700.0 1
2733.0 1
2736.0 1
2749.0 1
2875.0 1
2912.0 1
2993.0 1
3045.0 1
3058.0 1
3130.0 1
3160.0 1
3209.0 1
3275.0 1
3341.0 1
3435.0 1
3467.0 1
3628.0 1
4040.0 1
4263.0 1
4371.0 1
5213.0 1
6423.0 1
