1.0 604496
2.0 12844
3.0 13855
4.0 14876
5.0 15512
6.0 15672
7.0 16430
8.0 17138
9.0 18523
10.0 20455
11.0 23660
12.0 22848
13.0 23980
14.0 25231
15.0 24423
16.0 23489
17.0 22862
18.0 23924
19.0 21773
20.0 20493
21.0 19796
22.0 19382
23.0 18903
24.0 18074
25.0 17510
26.0 17124
27.0 16409
28.0 16027
29.0 15502
30.0 16379
31.0 17382
32.0 18867
33.0 15441
34.0 15518
35.0 16141
36.0 15524
37.0 14590
38.0 12975
39.0 12412
40.0 11676
41.0 11269
42.0 10814
43.0 9982
44.0 9501
45.0 9249
46.0 9173
47.0 8850
48.0 8276
49.0 8039
50.0 7891
51.0 7766
52.0 7310
53.0 7171
54.0 7092
55.0 7178
56.0 6599
57.0 6451
58.0 5987
59.0 5834
60.0 5613
61.0 5575
62.0 5421
63.0 5482
64.0 5399
65.0 5027
66.0 4927
67.0 4753
68.0 4967
69.0 4622
70.0 4442
71.0 4190
72.0 4171
73.0 3991
74.0 4122
75.0 4053
76.0 3998
77.0 3876
78.0 3773
79.0 3614
80.0 3473
81.0 3462
82.0 3428
83.0 3420
84.0 3358
85.0 3227
86.0 3250
87.0 3285
88.0 3097
89.0 3001
90.0 2776
91.0 2951
92.0 2721
93.0 2647
94.0 2769
95.0 2582
96.0 2526
97.0 2553
98.0 2822
99.0 2942
100.0 2531
101.0 2806
102.0 2678
103.0 2776
104.0 2541
105.0 2875
106.0 2504
107.0 2307
108.0 2370
109.0 2437
110.0 2372
111.0 2305
112.0 2220
113.0 2035
114.0 2042
115.0 2071
116.0 2262
117.0 2099
118.0 2181
119.0 1934
120.0 1990
121.0 2236
122.0 2223
123.0 2038
124.0 1803
125.0 1831
126.0 1783
127.0 1811
128.0 1937
129.0 2033
130.0 1980
131.0 1847
132.0 1904
133.0 1774
134.0 1750
135.0 1445
136.0 1484
137.0 1556
138.0 1617
139.0 1516
140.0 1519
141.0 1661
142.0 1417
143.0 1732
144.0 1466
145.0 1369
146.0 1249
147.0 1308
148.0 1115
149.0 1191
150.0 1099
151.0 1130
152.0 1077
153.0 1080
154.0 941
155.0 1083
156.0 1138
157.0 968
158.0 1327
159.0 1091
160.0 1069
161.0 989
162.0 1093
163.0 976
164.0 1087
165.0 1016
166.0 888
167.0 789
168.0 827
169.0 888
170.0 894
171.0 824
172.0 795
173.0 831
174.0 824
175.0 855
176.0 904
177.0 843
178.0 816
179.0 870
180.0 904
181.0 807
182.0 947
183.0 808
184.0 729
185.0 749
186.0 820
187.0 750
188.0 702
189.0 799
190.0 809
191.0 814
192.0 760
193.0 709
194.0 796
195.0 738
196.0 631
197.0 660
198.0 773
199.0 660
200.0 672
201.0 659
202.0 654
203.0 576
204.0 575
205.0 632
206.0 527
207.0 489
208.0 576
209.0 479
210.0 578
211.0 594
212.0 506
213.0 497
214.0 486
215.0 508
216.0 542
217.0 510
218.0 543
219.0 570
220.0 579
221.0 528
222.0 523
223.0 610
224.0 507
225.0 516
226.0 549
227.0 502
228.0 597
229.0 669
230.0 705
231.0 632
232.0 466
233.0 593
234.0 419
235.0 403
236.0 420
237.0 358
238.0 474
239.0 349
240.0 516
241.0 619
242.0 669
243.0 494
244.0 481
245.0 380
246.0 388
247.0 349
248.0 362
249.0 369
250.0 360
251.0 419
252.0 402
253.0 384
254.0 429
255.0 451
256.0 371
257.0 437
258.0 574
259.0 363
260.0 393
261.0 351
262.0 262
263.0 331
264.0 429
265.0 448
266.0 721
267.0 475
268.0 255
269.0 317
270.0 471
271.0 255
272.0 206
273.0 239
274.0 352
275.0 278
276.0 360
277.0 446
278.0 575
279.0 563
280.0 322
281.0 241
282.0 241
283.0 251
284.0 286
285.0 274
286.0 209
287.0 193
288.0 171
289.0 163
290.0 154
291.0 169
292.0 165
293.0 201
294.0 365
295.0 339
296.0 225
297.0 219
298.0 169
299.0 182
300.0 361
301.0 316
302.0 220
303.0 246
304.0 423
305.0 253
306.0 227
307.0 513
308.0 432
309.0 595
310.0 348
311.0 259
312.0 357
313.0 390
314.0 338
315.0 536
316.0 344
317.0 461
318.0 336
319.0 234
320.0 232
321.0 241
322.0 214
323.0 201
324.0 202
325.0 393
326.0 236
327.0 203
328.0 355
329.0 231
330.0 192
331.0 167
332.0 206
333.0 357
334.0 368
335.0 428
336.0 246
337.0 186
338.0 267
339.0 416
340.0 538
341.0 210
342.0 178
343.0 163
344.0 140
345.0 149
346.0 144
347.0 146
348.0 137
349.0 147
350.0 140
351.0 215
352.0 317
353.0 210
354.0 210
355.0 219
356.0 158
357.0 336
358.0 343
359.0 249
360.0 422
361.0 173
362.0 145
363.0 170
364.0 249
365.0 169
366.0 109
367.0 127
368.0 312
369.0 221
370.0 577
371.0 271
372.0 116
373.0 126
374.0 77
375.0 115
376.0 273
377.0 166
378.0 90
379.0 120
380.0 84
381.0 327
382.0 139
383.0 162
384.0 308
385.0 125
386.0 67
387.0 107
388.0 77
389.0 52
390.0 306
391.0 85
392.0 102
393.0 244
394.0 166
395.0 119
396.0 80
397.0 63
398.0 69
399.0 67
400.0 63
401.0 56
402.0 56
403.0 50
404.0 47
405.0 54
406.0 36
407.0 43
408.0 48
409.0 43
410.0 39
411.0 106
412.0 57
413.0 46
414.0 252
415.0 89
416.0 56
417.0 309
418.0 130
419.0 54
420.0 96
421.0 313
422.0 74
423.0 59
424.0 93
425.0 41
426.0 38
427.0 38
428.0 45
429.0 45
430.0 44
431.0 57
432.0 264
433.0 310
434.0 80
435.0 69
436.0 192
437.0 81
438.0 339
439.0 107
440.0 60
441.0 67
442.0 41
443.0 38
444.0 32
445.0 43
446.0 41
447.0 34
448.0 35
449.0 382
450.0 357
451.0 89
452.0 47
453.0 82
454.0 48
455.0 30
456.0 33
457.0 59
458.0 296
459.0 98
460.0 55
461.0 63
462.0 64
463.0 94
464.0 245
465.0 98
466.0 58
467.0 59
468.0 52
469.0 321
470.0 99
471.0 43
472.0 329
473.0 127
474.0 55
475.0 108
476.0 222
477.0 180
478.0 75
479.0 46
480.0 50
481.0 27
482.0 29
483.0 25
484.0 26
485.0 29
486.0 21
487.0 22
488.0 21
489.0 21
490.0 30
491.0 124
492.0 248
493.0 60
494.0 54
495.0 57
496.0 108
497.0 313
498.0 60
499.0 42
500.0 62
501.0 36
502.0 23
503.0 16
504.0 22
505.0 18
506.0 15
507.0 26
508.0 11
509.0 24
510.0 22
511.0 24
512.0 68
513.0 27
514.0 40
515.0 324
516.0 427
517.0 101
518.0 45
519.0 71
520.0 28
521.0 22
522.0 22
523.0 25
524.0 17
525.0 19
526.0 25
527.0 83
528.0 352
529.0 130
530.0 492
531.0 863
532.0 338
533.0 96
534.0 109
535.0 69
536.0 263
537.0 202
538.0 75
539.0 49
540.0 52
541.0 38
542.0 22
543.0 29
544.0 98
545.0 303
546.0 93
547.0 223
548.0 258
549.0 85
550.0 41
551.0 53
552.0 59
553.0 373
554.0 109
555.0 42
556.0 96
557.0 346
558.0 75
559.0 45
560.0 54
561.0 43
562.0 22
563.0 66
564.0 379
565.0 73
566.0 40
567.0 85
568.0 28
569.0 14
570.0 19
571.0 10
572.0 18
573.0 12
574.0 17
575.0 11
576.0 21
577.0 21
578.0 17
579.0 11
580.0 12
581.0 27
582.0 396
583.0 76
584.0 20
585.0 58
586.0 32
587.0 16
588.0 10
589.0 9
590.0 14
591.0 11
592.0 6
593.0 12
594.0 7
595.0 14
596.0 16
597.0 8
598.0 36
599.0 438
600.0 101
601.0 419
602.0 128
603.0 45
604.0 74
605.0 424
606.0 109
607.0 37
608.0 45
609.0 31
610.0 28
611.0 387
612.0 150
613.0 30
614.0 35
615.0 14
616.0 7
617.0 15
618.0 14
619.0 10
620.0 8
621.0 6
622.0 13
623.0 15
624.0 10
625.0 3
626.0 12
627.0 8
628.0 22
629.0 426
630.0 100
631.0 20
632.0 95
633.0 381
634.0 208
635.0 36
636.0 33
637.0 48
638.0 15
639.0 14
640.0 12
641.0 12
642.0 8
643.0 12
644.0 8
645.0 7
646.0 8
647.0 5
648.0 7
649.0 5
650.0 8
651.0 7
652.0 10
653.0 6
654.0 23
655.0 9
656.0 20
657.0 432
658.0 69
659.0 69
660.0 32
661.0 14
662.0 9
663.0 5
664.0 8
665.0 18
666.0 156
667.0 261
668.0 46
669.0 42
670.0 95
671.0 30
672.0 16
673.0 68
674.0 438
675.0 91
676.0 23
677.0 66
678.0 19
679.0 12
680.0 13
681.0 8
682.0 9
683.0 6
684.0 10
685.0 3
686.0 10
687.0 6
688.0 8
689.0 5
690.0 5
691.0 2
692.0 5
693.0 10
694.0 6
695.0 3
696.0 3
697.0 2
698.0 4
699.0 5
700.0 4
701.0 6
702.0 32
703.0 481
704.0 101
705.0 27
706.0 129
707.0 429
708.0 103
709.0 37
710.0 57
711.0 16
712.0 11
713.0 8
714.0 4
715.0 4
716.0 11
717.0 6
718.0 3
719.0 4
720.0 3
721.0 8
722.0 5
723.0 10
724.0 3
725.0 2
726.0 4
727.0 5
728.0 4
729.0 3
730.0 5
731.0 3
732.0 4
733.0 2
734.0 8
735.0 4
736.0 4
737.0 2
738.0 18
739.0 505
740.0 119
741.0 18
742.0 59
743.0 29
744.0 8
745.0 7
746.0 6
747.0 10
748.0 27
749.0 335
750.0 225
751.0 56
752.0 33
753.0 28
754.0 17
755.0 9
756.0 7
757.0 9
758.0 4
759.0 2
760.0 3
761.0 4
762.0 3
763.0 4
764.0 5
765.0 7
766.0 3
767.0 2
768.0 6
769.0 4
770.0 10
771.0 9
772.0 6
773.0 11
774.0 19
775.0 16
776.0 19
777.0 21
778.0 22
779.0 27
780.0 33
781.0 35
782.0 50
783.0 44
784.0 47
785.0 42
786.0 79
787.0 557
788.0 129
789.0 64
790.0 69
791.0 39
792.0 49
793.0 30
794.0 22
795.0 25
796.0 7
797.0 14
798.0 16
799.0 12
800.0 12
801.0 14
802.0 13
803.0 17
804.0 7
805.0 16
806.0 7
807.0 9
808.0 11
809.0 9
810.0 8
811.0 8
812.0 8
813.0 7
814.0 6
815.0 4
816.0 6
817.0 8
818.0 8
819.0 6
820.0 5
821.0 8
822.0 4
823.0 9
824.0 4
825.0 5
826.0 11
827.0 5
828.0 4
829.0 4
830.0 626
831.0 89
832.0 40
833.0 49
834.0 16
835.0 20
836.0 10
837.0 10
838.0 6
839.0 8
840.0 6
841.0 9
842.0 4
843.0 3
844.0 5
845.0 7
846.0 6
847.0 10
848.0 4
849.0 7
850.0 6
851.0 7
852.0 3
853.0 4
854.0 1
855.0 5
856.0 1
857.0 4
858.0 5
859.0 6
860.0 7
861.0 4
862.0 4
863.0 6
864.0 5
865.0 8
866.0 4
867.0 10
868.0 437
869.0 23
870.0 25
871.0 295
872.0 38
873.0 27
874.0 12
875.0 7
876.0 11
877.0 10
878.0 6
879.0 5
880.0 5
881.0 7
882.0 6
883.0 5
884.0 7
885.0 4
886.0 5
887.0 9
888.0 4
889.0 5
890.0 1
891.0 2
892.0 3
893.0 3
894.0 5
895.0 3
896.0 3
897.0 8
898.0 3
899.0 6
900.0 2
901.0 4
902.0 5
903.0 4
904.0 3
905.0 3
906.0 6
907.0 4
909.0 4
910.0 5
911.0 4
912.0 6
913.0 4
914.0 1
915.0 3
916.0 5
917.0 4
918.0 5
919.0 3
920.0 3
921.0 2
922.0 5
923.0 2
924.0 3
925.0 2
926.0 4
927.0 2
928.0 5
929.0 4
930.0 3
931.0 1
932.0 3
933.0 2
934.0 6
935.0 4
936.0 3
937.0 3
938.0 3
939.0 3
940.0 2
941.0 1
942.0 3
943.0 3
944.0 4
945.0 2
946.0 8
947.0 3
948.0 4
949.0 3
950.0 3
951.0 4
952.0 5
953.0 5
954.0 2
955.0 1
956.0 4
957.0 4
958.0 1
959.0 3
960.0 2
961.0 2
962.0 3
964.0 1
965.0 1
966.0 3
967.0 4
968.0 5
969.0 3
970.0 1
971.0 2
972.0 2
973.0 1
974.0 5
975.0 1
976.0 2
978.0 4
979.0 1
980.0 2
981.0 2
982.0 3
983.0 2
984.0 2
986.0 1
987.0 1
989.0 1
990.0 6
991.0 3
992.0 1
993.0 2
994.0 4
995.0 1
997.0 1
998.0 4
999.0 2
1000.0 4
1001.0 2
1002.0 2
1004.0 1
1005.0 1
1007.0 1
1009.0 1
1010.0 1
1012.0 1
1015.0 2
1016.0 1
1017.0 3
1018.0 2
1019.0 2
1020.0 2
1021.0 1
1022.0 1
1024.0 3
1025.0 3
1026.0 1
1031.0 1
1032.0 4
1034.0 2
1040.0 1
1041.0 1
1043.0 2
1044.0 1
1045.0 1
1048.0 1
1049.0 2
1050.0 1
1051.0 2
1052.0 2
1053.0 2
1054.0 1
1055.0 2
1058.0 1
1059.0 1
1060.0 1
1066.0 1
1067.0 2
1068.0 2
1070.0 2
1071.0 1
1074.0 2
1077.0 1
1078.0 2
1079.0 2
1080.0 2
1084.0 1
1086.0 1
1089.0 1
1091.0 1
1092.0 2
1093.0 2
1095.0 1
1096.0 1
1099.0 1
1102.0 2
1103.0 3
1105.0 1
1107.0 1
1110.0 2
1111.0 1
1112.0 1
1113.0 1
1114.0 1
1116.0 1
1117.0 1
1118.0 1
1119.0 1
1122.0 2
1124.0 2
1128.0 1
1131.0 2
1133.0 1
1134.0 1
1135.0 1
1136.0 1
1138.0 3
1140.0 1
1144.0 2
1145.0 2
1148.0 2
1149.0 1
1151.0 2
1152.0 2
1154.0 1
1155.0 1
1159.0 1
1162.0 1
1163.0 2
1164.0 1
1165.0 1
1175.0 1
1176.0 1
1179.0 1
1180.0 3
1184.0 2
1186.0 1
1189.0 1
1193.0 1
1194.0 2
1196.0 1
1197.0 2
1200.0 3
1203.0 3
1204.0 1
1206.0 1
1208.0 1
1209.0 2
1210.0 1
1212.0 2
1213.0 2
1214.0 2
1217.0 1
1218.0 1
1220.0 1
1222.0 1
1224.0 2
1226.0 1
1228.0 1
1229.0 1
1232.0 3
1233.0 1
1234.0 1
1236.0 1
1239.0 1
1241.0 1
1242.0 1
1243.0 1
1244.0 1
1245.0 2
1249.0 1
1251.0 1
1257.0 1
1259.0 2
1260.0 1
1261.0 2
1262.0 1
1263.0 1
1265.0 1
1267.0 2
1269.0 1
1270.0 2
1271.0 1
1272.0 1
1276.0 1
1280.0 1
1283.0 1
1284.0 1
1288.0 1
1293.0 1
1298.0 1
1307.0 1
1308.0 2
1311.0 1
1312.0 2
1313.0 2
1315.0 2
1319.0 2
1321.0 1
1323.0 1
1325.0 1
1329.0 1
1338.0 1
1339.0 1
1342.0 1
1344.0 1
1346.0 1
1353.0 1
1361.0 1
1364.0 1
1368.0 1
1369.0 1
1370.0 1
1373.0 1
1382.0 1
1384.0 1
1386.0 1
1388.0 1
1394.0 1
1395.0 1
1399.0 1
1409.0 1
1413.0 1
1418.0 1
1434.0 2
1435.0 1
1436.0 1
1439.0 2
1444.0 1
1447.0 1
1450.0 1
1451.0 2
1452.0 1
1453.0 1
1458.0 1
1459.0 1
1465.0 1
1466.0 1
1480.0 1
1497.0 1
1502.0 2
1507.0 1
1512.0 1
1518.0 1
1521.0 1
1527.0 1
1528.0 1
1532.0 1
1545.0 1
1547.0 1
1549.0 1
1552.0 1
1557.0 1
1562.0 1
1564.0 1
1570.0 1
1575.0 1
1582.0 1
1592.0 1
1593.0 1
1603.0 1
1604.0 1
1605.0 1
1610.0 1
1614.0 1
1621.0 1
1622.0 1
1623.0 1
1633.0 2
1643.0 1
1649.0 2
1651.0 1
1656.0 1
1662.0 1
1665.0 1
1675.0 1
1677.0 1
1680.0 2
1691.0 1
1706.0 1
1707.0 1
1712.0 1
1716.0 1
1719.0 1
1721.0 1
1727.0 1
1732.0 1
1735.0 3
1744.0 1
1746.0 1
1759.0 1
1776.0 1
1796.0 1
1805.0 1
1820.0 1
1821.0 1
1831.0 1
1834.0 1
1847.0 1
1850.0 1
1852.0 1
1863.0 1
1881.0 1
1885.0 1
1888.0 1
1900.0 1
1902.0 1
1905.0 1
1912.0 2
1927.0 1
1935.0 2
1938.0 1
1951.0 1
1958.0 2
1962.0 1
1963.0 1
1993.0 1
1999.0 1
2010.0 1
2026.0 1
2033.0 1
2047.0 1
2059.0 1
2085.0 1
2093.0 1
2112.0 1
2193.0 1
2205.0 1
2210.0 1
2213.0 1
2228.0 1
2269.0 1
2276.0 1
2291.0 1
2315.0 1
2327.0 1
2341.0 1
2342.0 1
2385.0 1
2410.0 1
2434.0 1
2459.0 1
2497.0 1
2503.0 1
2520.0 1
2522.0 1
2525.0 1
2570.0 1
2577.0 1
2583.0 1
2593.0 1
2596.0 1
2693.0 1
2709.0 1
2718.0 1
2725.0 1
2740.0 1
2761.0 1
2783.0 1
2792.0 1
2815.0 2
2832.0 1
2845.0 1
2889.0 1
2897.0 1
2902.0 1
2922.0 1
2932.0 1
2958.0 1
3032.0 1
3040.0 1
3095.0 1
3105.0 1
3136.0 1
3137.0 1
3150.0 1
3161.0 1
3244.0 1
3272.0 1
3301.0 1
3333.0 1
3390.0 1
3566.0 1
3606.0 1
3705.0 1
3719.0 1
3815.0 1
3873.0 1
3907.0 1
3967.0 1
4021.0 1
4084.0 1
4101.0 1
4128.0 1
4165.0 1
4198.0 1
5210.0 1
