1.0 186191
2.0 121416
3.0 98300
4.0 84986
5.0 76475
6.0 61895
7.0 49725
8.0 41593
9.0 35152
10.0 30239
11.0 26437
12.0 23588
13.0 20758
14.0 18723
15.0 17169
16.0 15946
17.0 14783
18.0 14005
19.0 12720
20.0 12127
21.0 11230
22.0 10880
23.0 10248
24.0 9776
25.0 9567
26.0 9426
27.0 9315
28.0 8957
29.0 8717
30.0 8402
31.0 7940
32.0 7269
33.0 6947
34.0 6688
35.0 6697
36.0 6331
37.0 6080
38.0 5801
39.0 5752
40.0 5634
41.0 5524
42.0 5357
43.0 5296
44.0 4995
45.0 4851
46.0 4732
47.0 4374
48.0 4436
49.0 4125
50.0 3905
51.0 3879
52.0 4008
53.0 3913
54.0 3833
55.0 3707
56.0 3505
57.0 3478
58.0 3464
59.0 3355
60.0 3367
61.0 3012
62.0 2938
63.0 3148
64.0 2979
65.0 2960
66.0 2719
67.0 2823
68.0 2657
69.0 2679
70.0 2590
71.0 2515
72.0 2569
73.0 2440
74.0 2663
75.0 2433
76.0 2491
77.0 2473
78.0 2457
79.0 2389
80.0 2466
81.0 2412
82.0 2261
83.0 2219
84.0 2030
85.0 2114
86.0 1994
87.0 2091
88.0 1995
89.0 1970
90.0 1884
91.0 1990
92.0 1999
93.0 1786
94.0 1866
95.0 1817
96.0 1741
97.0 1964
98.0 1725
99.0 1731
100.0 1784
101.0 1664
102.0 1938
103.0 1527
104.0 1442
105.0 1582
106.0 1579
107.0 1526
108.0 1801
109.0 1739
110.0 1538
111.0 1492
112.0 1491
113.0 1485
114.0 1438
115.0 1469
116.0 1403
117.0 1549
118.0 1492
119.0 1527
120.0 1481
121.0 1298
122.0 1392
123.0 1176
124.0 1042
125.0 1066
126.0 943
127.0 874
128.0 905
129.0 988
130.0 1159
131.0 1110
132.0 903
133.0 1000
134.0 1033
135.0 1212
136.0 994
137.0 927
138.0 976
139.0 880
140.0 1058
141.0 982
142.0 900
143.0 941
144.0 939
145.0 919
146.0 867
147.0 787
148.0 851
149.0 723
150.0 774
151.0 760
152.0 847
153.0 718
154.0 771
155.0 813
156.0 727
157.0 702
158.0 628
159.0 650
160.0 679
161.0 614
162.0 586
163.0 655
164.0 616
165.0 615
166.0 696
167.0 838
168.0 796
169.0 903
170.0 773
171.0 628
172.0 620
173.0 648
174.0 754
175.0 805
176.0 712
177.0 687
178.0 722
179.0 676
180.0 640
181.0 716
182.0 575
183.0 599
184.0 577
185.0 670
186.0 733
187.0 837
188.0 767
189.0 608
190.0 627
191.0 525
192.0 469
193.0 619
194.0 482
195.0 442
196.0 418
197.0 554
198.0 492
199.0 493
200.0 533
201.0 467
202.0 507
203.0 457
204.0 564
205.0 587
206.0 543
207.0 521
208.0 562
209.0 598
210.0 494
211.0 462
212.0 422
213.0 418
214.0 517
215.0 474
216.0 606
217.0 410
218.0 740
219.0 537
220.0 439
221.0 518
222.0 585
223.0 508
224.0 497
225.0 667
226.0 462
227.0 411
228.0 589
229.0 360
230.0 412
231.0 331
232.0 330
233.0 289
234.0 322
235.0 330
236.0 587
237.0 436
238.0 467
239.0 329
240.0 305
241.0 328
242.0 295
243.0 248
244.0 251
245.0 432
246.0 266
247.0 233
248.0 599
249.0 456
250.0 303
251.0 251
252.0 211
253.0 458
254.0 331
255.0 178
256.0 206
257.0 412
258.0 169
259.0 260
260.0 346
261.0 367
262.0 573
263.0 626
264.0 510
265.0 412
266.0 328
267.0 293
268.0 233
269.0 207
270.0 194
271.0 192
272.0 175
273.0 270
274.0 233
275.0 202
276.0 210
277.0 155
278.0 195
279.0 290
280.0 336
281.0 265
282.0 218
283.0 296
284.0 274
285.0 272
286.0 399
287.0 288
288.0 354
289.0 302
290.0 196
291.0 180
292.0 246
293.0 336
294.0 254
295.0 500
296.0 342
297.0 320
298.0 244
299.0 203
300.0 150
301.0 148
302.0 229
303.0 473
304.0 350
305.0 294
306.0 313
307.0 237
308.0 172
309.0 125
310.0 134
311.0 159
312.0 327
313.0 245
314.0 202
315.0 156
316.0 151
317.0 141
318.0 256
319.0 151
320.0 135
321.0 149
322.0 230
323.0 167
324.0 119
325.0 124
326.0 294
327.0 239
328.0 230
329.0 254
330.0 152
331.0 124
332.0 144
333.0 305
334.0 392
335.0 239
336.0 225
337.0 283
338.0 182
339.0 148
340.0 194
341.0 382
342.0 262
343.0 206
344.0 140
345.0 142
346.0 192
347.0 150
348.0 114
349.0 112
350.0 94
351.0 74
352.0 233
353.0 233
354.0 198
355.0 236
356.0 496
357.0 217
358.0 175
359.0 199
360.0 163
361.0 361
362.0 180
363.0 121
364.0 91
365.0 90
366.0 121
367.0 88
368.0 187
369.0 235
370.0 174
371.0 230
372.0 167
373.0 106
374.0 136
375.0 363
376.0 430
377.0 217
378.0 139
379.0 113
380.0 77
381.0 81
382.0 70
383.0 64
384.0 52
385.0 38
386.0 64
387.0 43
388.0 54
389.0 61
390.0 59
391.0 43
392.0 56
393.0 72
394.0 52
395.0 54
396.0 47
397.0 45
398.0 55
399.0 57
400.0 113
401.0 234
402.0 143
403.0 165
404.0 239
405.0 176
406.0 172
407.0 247
408.0 137
409.0 87
410.0 51
411.0 44
412.0 45
413.0 53
414.0 48
415.0 51
416.0 53
417.0 45
418.0 54
419.0 314
420.0 271
421.0 207
422.0 146
423.0 109
424.0 81
425.0 84
426.0 69
427.0 57
428.0 42
429.0 45
430.0 45
431.0 33
432.0 41
433.0 44
434.0 113
435.0 234
436.0 138
437.0 79
438.0 34
439.0 119
440.0 386
441.0 290
442.0 152
443.0 73
444.0 61
445.0 38
446.0 53
447.0 37
448.0 41
449.0 47
450.0 40
451.0 43
452.0 46
453.0 34
454.0 42
455.0 46
456.0 67
457.0 186
458.0 212
459.0 124
460.0 61
461.0 45
462.0 40
463.0 42
464.0 314
465.0 322
466.0 199
467.0 125
468.0 62
469.0 45
470.0 83
471.0 322
472.0 320
473.0 245
474.0 242
475.0 193
476.0 117
477.0 79
478.0 43
479.0 45
480.0 50
481.0 35
482.0 44
483.0 26
484.0 35
485.0 29
486.0 30
487.0 41
488.0 33
489.0 43
490.0 32
491.0 31
492.0 30
493.0 37
494.0 85
495.0 261
496.0 172
497.0 108
498.0 256
499.0 143
500.0 81
501.0 124
502.0 283
503.0 178
504.0 77
505.0 49
506.0 42
507.0 24
508.0 37
509.0 22
510.0 21
511.0 37
512.0 28
513.0 131
514.0 265
515.0 173
516.0 247
517.0 151
518.0 86
519.0 58
520.0 49
521.0 38
522.0 32
523.0 21
524.0 116
525.0 283
526.0 133
527.0 61
528.0 37
529.0 28
530.0 36
531.0 25
532.0 31
533.0 47
534.0 166
535.0 208
536.0 370
537.0 202
538.0 105
539.0 50
540.0 51
541.0 113
542.0 98
543.0 79
544.0 246
545.0 195
546.0 435
547.0 397
548.0 208
549.0 103
550.0 64
551.0 41
552.0 30
553.0 38
554.0 21
555.0 16
556.0 24
557.0 18
558.0 58
559.0 275
560.0 160
561.0 51
562.0 38
563.0 37
564.0 37
565.0 36
566.0 34
567.0 44
568.0 38
569.0 32
570.0 50
571.0 101
572.0 232
573.0 169
574.0 93
575.0 53
576.0 34
577.0 27
578.0 24
579.0 24
580.0 26
581.0 23
582.0 22
583.0 26
584.0 25
585.0 23
586.0 26
587.0 10
588.0 20
589.0 73
590.0 274
591.0 173
592.0 74
593.0 34
594.0 114
595.0 636
596.0 289
597.0 126
598.0 68
599.0 50
600.0 75
601.0 242
602.0 189
603.0 102
604.0 67
605.0 32
606.0 20
607.0 24
608.0 24
609.0 30
610.0 16
611.0 26
612.0 21
613.0 24
614.0 18
615.0 20
616.0 21
617.0 19
618.0 14
619.0 17
620.0 25
621.0 269
622.0 231
623.0 85
624.0 42
625.0 31
626.0 20
627.0 18
628.0 15
629.0 18
630.0 7
631.0 20
632.0 16
633.0 16
634.0 14
635.0 16
636.0 13
637.0 18
638.0 15
639.0 20
640.0 19
641.0 19
642.0 22
643.0 11
644.0 16
645.0 12
646.0 28
647.0 267
648.0 163
649.0 84
650.0 53
651.0 26
652.0 31
653.0 48
654.0 283
655.0 163
656.0 89
657.0 53
658.0 41
659.0 40
660.0 29
661.0 35
662.0 33
663.0 25
664.0 33
665.0 19
666.0 17
667.0 18
668.0 16
669.0 16
670.0 16
671.0 16
672.0 16
673.0 15
674.0 18
675.0 18
676.0 108
677.0 264
678.0 205
679.0 89
680.0 26
681.0 30
682.0 19
683.0 12
684.0 22
685.0 17
686.0 20
687.0 17
688.0 11
689.0 14
690.0 8
691.0 15
692.0 16
693.0 9
694.0 115
695.0 290
696.0 180
697.0 71
698.0 40
699.0 24
700.0 14
701.0 23
702.0 27
703.0 15
704.0 15
705.0 17
706.0 12
707.0 187
708.0 533
709.0 349
710.0 133
711.0 57
712.0 34
713.0 33
714.0 19
715.0 19
716.0 126
717.0 296
718.0 184
719.0 75
720.0 50
721.0 38
722.0 28
723.0 16
724.0 14
725.0 14
726.0 10
727.0 11
728.0 3
729.0 18
730.0 14
731.0 10
732.0 12
733.0 14
734.0 11
735.0 16
736.0 11
737.0 9
738.0 6
739.0 12
740.0 14
741.0 10
742.0 14
743.0 6
744.0 12
745.0 11
746.0 8
747.0 79
748.0 343
749.0 198
750.0 66
751.0 40
752.0 19
753.0 22
754.0 9
755.0 16
756.0 17
757.0 11
758.0 13
759.0 10
760.0 10
761.0 12
762.0 10
763.0 17
764.0 10
765.0 9
766.0 11
767.0 15
768.0 9
769.0 9
770.0 9
771.0 12
772.0 11
773.0 7
774.0 9
775.0 12
776.0 136
777.0 320
778.0 188
779.0 86
780.0 41
781.0 19
782.0 21
783.0 16
784.0 10
785.0 16
786.0 17
787.0 12
788.0 9
789.0 15
790.0 14
791.0 12
792.0 7
793.0 7
794.0 31
795.0 33
796.0 36
797.0 20
798.0 6
799.0 6
800.0 8
801.0 12
802.0 13
803.0 7
804.0 10
805.0 8
806.0 11
807.0 12
808.0 13
809.0 13
810.0 7
811.0 11
812.0 11
813.0 6
814.0 5
815.0 6
816.0 12
817.0 82
818.0 209
819.0 418
820.0 258
821.0 125
822.0 86
823.0 55
824.0 55
825.0 36
826.0 30
827.0 25
828.0 20
829.0 32
830.0 28
831.0 36
832.0 17
833.0 24
834.0 22
835.0 18
836.0 13
837.0 18
838.0 17
839.0 18
840.0 15
841.0 13
842.0 5
843.0 16
844.0 13
845.0 13
846.0 10
847.0 9
848.0 3
849.0 10
850.0 12
851.0 9
852.0 6
853.0 11
854.0 105
855.0 447
856.0 168
857.0 68
858.0 37
859.0 20
860.0 15
861.0 15
862.0 12
863.0 19
864.0 19
865.0 13
866.0 13
867.0 14
868.0 10
869.0 11
870.0 8
871.0 7
872.0 11
873.0 7
874.0 11
875.0 9
876.0 9
877.0 12
878.0 11
879.0 7
880.0 10
881.0 9
882.0 13
883.0 7
884.0 12
885.0 7
886.0 7
887.0 7
888.0 5
889.0 10
890.0 48
891.0 174
892.0 166
893.0 78
894.0 32
895.0 12
896.0 13
897.0 18
898.0 11
899.0 9
900.0 8
901.0 13
902.0 13
903.0 5
904.0 5
905.0 7
906.0 8
907.0 14
908.0 5
909.0 3
910.0 11
911.0 6
912.0 5
913.0 9
914.0 6
915.0 8
916.0 5
917.0 9
918.0 9
919.0 14
920.0 6
921.0 4
922.0 7
923.0 5
924.0 1
925.0 7
926.0 9
927.0 8
928.0 8
929.0 3
930.0 6
931.0 4
932.0 4
933.0 4
934.0 5
935.0 6
936.0 4
937.0 4
938.0 12
939.0 11
940.0 10
941.0 2
942.0 5
943.0 8
944.0 4
945.0 4
946.0 6
947.0 8
948.0 7
949.0 7
950.0 4
951.0 4
952.0 9
953.0 6
954.0 5
955.0 8
956.0 6
957.0 3
958.0 3
959.0 4
960.0 5
961.0 5
962.0 5
963.0 4
964.0 4
965.0 9
966.0 4
967.0 5
968.0 6
969.0 5
970.0 6
971.0 3
972.0 4
973.0 5
974.0 4
975.0 6
976.0 5
977.0 8
978.0 6
979.0 5
980.0 6
981.0 4
982.0 4
983.0 6
984.0 4
985.0 3
986.0 3
987.0 7
988.0 5
989.0 3
990.0 4
991.0 3
992.0 4
993.0 6
994.0 5
995.0 4
996.0 2
997.0 6
998.0 8
999.0 2
1000.0 6
1001.0 5
1002.0 5
1003.0 5
1004.0 4
1005.0 4
1006.0 5
1007.0 6
1008.0 5
1009.0 3
1010.0 7
1011.0 6
1012.0 2
1013.0 5
1014.0 4
1015.0 2
1016.0 1
1017.0 2
1018.0 9
1019.0 4
1020.0 3
1021.0 5
1022.0 6
1023.0 2
1025.0 4
1026.0 5
1027.0 1
1028.0 7
1029.0 7
1030.0 7
1031.0 4
1032.0 6
1033.0 1
1034.0 5
1035.0 6
1036.0 5
1037.0 5
1038.0 5
1039.0 3
1040.0 6
1041.0 3
1042.0 3
1043.0 2
1044.0 3
1045.0 2
1046.0 1
1047.0 5
1048.0 8
1049.0 6
1050.0 3
1051.0 6
1052.0 9
1053.0 5
1054.0 2
1055.0 7
1056.0 6
1057.0 4
1058.0 2
1059.0 1
1060.0 1
1061.0 2
1062.0 4
1063.0 4
1064.0 4
1065.0 2
1066.0 6
1067.0 5
1068.0 4
1069.0 3
1070.0 5
1071.0 2
1072.0 3
1073.0 5
1074.0 7
1075.0 3
1076.0 4
1077.0 10
1078.0 6
1079.0 3
1080.0 4
1081.0 2
1082.0 8
1083.0 6
1084.0 3
1085.0 4
1086.0 2
1087.0 3
1088.0 3
1089.0 7
1090.0 5
1092.0 5
1093.0 4
1094.0 3
1095.0 3
1096.0 5
1097.0 2
1098.0 2
1099.0 5
1100.0 3
1101.0 2
1102.0 1
1103.0 4
1104.0 3
1105.0 5
1106.0 3
1107.0 5
1108.0 2
1109.0 5
1110.0 5
1111.0 5
1112.0 5
1113.0 8
1114.0 4
1115.0 1
1116.0 8
1117.0 4
1118.0 9
1119.0 5
1120.0 1
1121.0 5
1122.0 4
1123.0 5
1124.0 3
1125.0 4
1126.0 5
1127.0 2
1128.0 4
1129.0 2
1130.0 3
1131.0 5
1132.0 2
1133.0 3
1134.0 5
1135.0 2
1136.0 3
1137.0 4
1138.0 3
1139.0 4
1140.0 2
1141.0 4
1142.0 4
1144.0 4
1145.0 2
1146.0 3
1147.0 8
1148.0 5
1149.0 5
1150.0 4
1151.0 2
1152.0 2
1154.0 2
1155.0 7
1156.0 7
1157.0 2
1158.0 5
1159.0 8
1160.0 2
1161.0 3
1162.0 5
1163.0 1
1164.0 1
1166.0 3
1167.0 4
1168.0 2
1169.0 3
1170.0 2
1171.0 8
1172.0 1
1173.0 3
1174.0 6
1175.0 1
1177.0 3
1178.0 2
1179.0 2
1180.0 1
1181.0 1
1182.0 3
1183.0 3
1184.0 6
1185.0 7
1186.0 4
1187.0 1
1188.0 4
1189.0 4
1190.0 3
1191.0 4
1192.0 5
1193.0 2
1194.0 5
1195.0 4
1196.0 3
1197.0 3
1198.0 4
1199.0 3
1200.0 6
1201.0 4
1202.0 4
1203.0 5
1204.0 2
1207.0 4
1209.0 4
1210.0 1
1211.0 2
1213.0 3
1214.0 6
1215.0 8
1216.0 5
1217.0 2
1218.0 3
1219.0 2
1220.0 6
1222.0 3
1223.0 1
1224.0 4
1225.0 4
1226.0 4
1227.0 4
1228.0 3
1229.0 4
1230.0 3
1231.0 4
1232.0 4
1233.0 2
1234.0 6
1236.0 2
1237.0 2
1238.0 6
1239.0 2
1240.0 5
1241.0 3
1242.0 2
1243.0 4
1244.0 3
1245.0 3
1246.0 3
1247.0 2
1248.0 2
1249.0 4
1250.0 3
1251.0 5
1252.0 5
1254.0 1
1255.0 2
1256.0 3
1257.0 1
1258.0 2
1259.0 6
1260.0 2
1261.0 3
1262.0 1
1263.0 4
1264.0 5
1265.0 3
1267.0 4
1268.0 5
1269.0 8
1270.0 2
1271.0 4
1272.0 2
1273.0 4
1274.0 1
1275.0 1
1276.0 4
1277.0 1
1278.0 1
1279.0 2
1280.0 5
1281.0 1
1282.0 4
1283.0 2
1284.0 6
1286.0 5
1287.0 4
1288.0 3
1289.0 2
1290.0 3
1291.0 2
1292.0 2
1293.0 4
1294.0 1
1295.0 4
1296.0 2
1297.0 1
1298.0 2
1299.0 3
1300.0 2
1301.0 3
1302.0 1
1303.0 3
1304.0 3
1305.0 3
1306.0 2
1307.0 4
1309.0 1
1310.0 3
1311.0 2
1312.0 6
1313.0 2
1314.0 2
1315.0 1
1316.0 3
1317.0 2
1318.0 1
1319.0 1
1321.0 4
1322.0 1
1323.0 2
1324.0 1
1325.0 1
1326.0 3
1328.0 3
1329.0 4
1330.0 2
1331.0 4
1332.0 3
1333.0 4
1334.0 1
1335.0 1
1336.0 1
1337.0 2
1338.0 6
1339.0 3
1340.0 5
1341.0 5
1342.0 5
1343.0 1
1344.0 3
1345.0 6
1347.0 5
1348.0 3
1349.0 1
1350.0 2
1351.0 2
1352.0 2
1353.0 5
1354.0 3
1355.0 2
1356.0 1
1357.0 1
1358.0 3
1359.0 1
1360.0 3
1361.0 2
1362.0 4
1363.0 1
1364.0 4
1365.0 5
1366.0 4
1367.0 4
1368.0 6
1369.0 5
1370.0 4
1371.0 4
1372.0 5
1373.0 3
1374.0 2
1375.0 3
1376.0 2
1377.0 5
1378.0 1
1379.0 2
1380.0 4
1381.0 2
1382.0 2
1383.0 4
1384.0 3
1385.0 7
1386.0 3
1387.0 4
1388.0 8
1389.0 2
1390.0 4
1391.0 4
1392.0 2
1393.0 3
1394.0 3
1395.0 3
1396.0 4
1397.0 1
1398.0 1
1399.0 5
1400.0 4
1401.0 1
1402.0 4
1403.0 2
1404.0 1
1405.0 3
1406.0 3
1407.0 5
1408.0 1
1409.0 4
1410.0 4
1412.0 4
1413.0 3
1414.0 4
1415.0 5
1416.0 3
1417.0 1
1418.0 2
1419.0 3
1420.0 6
1421.0 2
1422.0 5
1423.0 4
1424.0 3
1425.0 3
1426.0 5
1427.0 4
1428.0 1
1429.0 3
1430.0 5
1431.0 5
1432.0 4
1433.0 4
1434.0 3
1435.0 6
1436.0 6
1437.0 1
1438.0 8
1439.0 1
1440.0 3
1441.0 2
1442.0 9
1443.0 2
1444.0 5
1445.0 2
1447.0 6
1448.0 3
1449.0 3
1450.0 4
1451.0 6
1452.0 4
1453.0 3
1454.0 3
1455.0 6
1456.0 4
1457.0 4
1458.0 4
1459.0 2
1460.0 6
1461.0 6
1462.0 1
1463.0 7
1464.0 1
1465.0 2
1466.0 7
1467.0 5
1468.0 4
1469.0 4
1470.0 5
1471.0 4
1472.0 1
1473.0 5
1474.0 4
1475.0 4
1476.0 2
1477.0 4
1478.0 5
1479.0 5
1480.0 4
1481.0 7
1482.0 3
1483.0 8
1484.0 4
1485.0 8
1486.0 4
1487.0 3
1488.0 5
1490.0 2
1491.0 4
1492.0 2
1493.0 2
1494.0 3
1495.0 2
1496.0 2
1497.0 1
1498.0 4
1499.0 5
1500.0 4
1501.0 2
1502.0 3
1503.0 3
1504.0 4
1505.0 2
1506.0 3
1507.0 3
1508.0 2
1509.0 5
1510.0 3
1511.0 4
1512.0 2
1513.0 5
1514.0 4
1515.0 1
1516.0 1
1517.0 4
1518.0 2
1519.0 1
1520.0 5
1521.0 6
1522.0 3
1523.0 4
1524.0 4
1525.0 3
1526.0 5
1527.0 3
1528.0 3
1529.0 6
1530.0 4
1531.0 7
1532.0 1
1533.0 8
1534.0 5
1535.0 5
1536.0 2
1537.0 5
1538.0 2
1539.0 4
1540.0 3
1541.0 5
1542.0 5
1543.0 5
1544.0 2
1545.0 3
1546.0 2
1547.0 7
1548.0 7
1549.0 20
1550.0 23
1551.0 36
1552.0 42
1553.0 34
1554.0 18
1555.0 26
1556.0 22
1557.0 14
1558.0 16
1559.0 16
1560.0 8
1561.0 5
1562.0 7
1563.0 10
1564.0 4
1565.0 4
1566.0 8
1567.0 8
1568.0 2
1569.0 3
1570.0 2
1571.0 2
1572.0 3
1573.0 5
1574.0 5
1575.0 3
1576.0 5
1577.0 6
1578.0 2
1579.0 3
1580.0 2
1581.0 3
1582.0 5
1583.0 5
1584.0 3
1585.0 4
1586.0 2
1587.0 2
1589.0 3
1590.0 4
1591.0 1
1592.0 4
1593.0 3
1594.0 4
1595.0 5
1596.0 3
1597.0 4
1598.0 6
1599.0 3
1600.0 1
1601.0 4
1602.0 1
1603.0 7
1604.0 2
1605.0 4
1606.0 4
1607.0 2
1608.0 2
1609.0 2
1610.0 4
1611.0 3
1612.0 1
1613.0 4
1614.0 2
1615.0 1
1616.0 3
1617.0 2
1618.0 3
1619.0 2
1620.0 1
1621.0 2
1622.0 1
1623.0 1
1624.0 3
1625.0 1
1626.0 1
1627.0 2
1628.0 4
1629.0 1
1630.0 4
1631.0 3
1632.0 5
1633.0 1
1634.0 2
1635.0 1
1636.0 4
1638.0 2
1639.0 4
1640.0 3
1641.0 4
1642.0 1
1643.0 5
1644.0 2
1645.0 1
1646.0 2
1647.0 3
1648.0 1
1649.0 1
1650.0 2
1651.0 1
1652.0 5
1654.0 1
1655.0 2
1656.0 1
1657.0 2
1658.0 2
1659.0 1
1660.0 1
1661.0 1
1662.0 1
1664.0 2
1665.0 2
1666.0 2
1667.0 1
1669.0 2
1670.0 4
1671.0 3
1672.0 4
1673.0 2
1674.0 1
1675.0 5
1676.0 2
1677.0 2
1678.0 1
1679.0 2
1680.0 5
1681.0 2
1682.0 2
1684.0 1
1685.0 3
1686.0 3
1687.0 1
1688.0 1
1689.0 2
1690.0 1
1692.0 1
1694.0 3
1695.0 3
1696.0 2
1697.0 3
1698.0 1
1699.0 1
1700.0 3
1701.0 2
1702.0 3
1703.0 2
1704.0 2
1705.0 3
1706.0 1
1707.0 1
1708.0 3
1709.0 6
1710.0 1
1711.0 1
1713.0 4
1715.0 3
1716.0 2
1717.0 1
1718.0 2
1719.0 1
1721.0 1
1722.0 1
1723.0 2
1724.0 3
1727.0 2
1728.0 1
1729.0 2
1730.0 1
1731.0 1
1732.0 3
1733.0 1
1734.0 3
1736.0 3
1737.0 3
1738.0 1
1739.0 1
1741.0 2
1742.0 1
1743.0 1
1744.0 3
1745.0 2
1747.0 2
1748.0 6
1749.0 3
1750.0 2
1753.0 4
1754.0 1
1755.0 1
1756.0 2
1757.0 3
1758.0 1
1759.0 5
1760.0 4
1761.0 1
1763.0 3
1764.0 1
1765.0 1
1766.0 2
1767.0 1
1768.0 1
1769.0 1
1770.0 1
1771.0 2
1773.0 2
1774.0 2
1775.0 1
1777.0 1
1778.0 4
1779.0 2
1780.0 1
1782.0 2
1783.0 1
1784.0 1
1785.0 1
1786.0 1
1788.0 1
1789.0 3
1790.0 1
1791.0 1
1793.0 1
1795.0 1
1796.0 1
1797.0 1
1798.0 3
1799.0 1
1801.0 2
1802.0 1
1803.0 1
1805.0 3
1806.0 1
1808.0 2
1809.0 2
1810.0 1
1812.0 2
1815.0 2
1816.0 1
1817.0 1
1818.0 3
1819.0 1
1820.0 2
1821.0 2
1822.0 1
1823.0 2
1824.0 4
1825.0 1
1829.0 1
1830.0 2
1831.0 1
1832.0 1
1834.0 1
1835.0 1
1836.0 2
1837.0 3
1838.0 1
1839.0 1
1841.0 3
1842.0 3
1843.0 1
1844.0 2
1845.0 2
1846.0 1
1847.0 1
1849.0 2
1850.0 1
1851.0 1
1852.0 2
1853.0 3
1854.0 4
1855.0 2
1856.0 3
1858.0 4
1859.0 2
1860.0 1
1861.0 1
1862.0 2
1863.0 3
1864.0 1
1865.0 1
1866.0 4
1867.0 2
1868.0 3
1869.0 2
1871.0 1
1872.0 1
1873.0 1
1874.0 3
1878.0 1
1879.0 1
1880.0 2
1881.0 2
1882.0 1
1883.0 1
1884.0 1
1885.0 1
1887.0 1
1888.0 1
1889.0 1
1890.0 3
1891.0 1
1892.0 1
1893.0 4
1894.0 1
1895.0 2
1897.0 2
1899.0 2
1900.0 1
1901.0 1
1902.0 3
1904.0 2
1905.0 3
1906.0 1
1910.0 2
1914.0 1
1917.0 1
1918.0 1
1920.0 1
1922.0 17
1923.0 29
1924.0 11
1925.0 15
1926.0 11
1927.0 6
1928.0 11
1929.0 9
1930.0 8
1931.0 7
1932.0 3
1933.0 2
1934.0 5
1935.0 3
1936.0 2
1937.0 1
1938.0 4
1939.0 2
1940.0 1
1941.0 2
1943.0 2
1944.0 2
1945.0 3
1946.0 1
1947.0 2
1950.0 2
1951.0 2
1952.0 2
1953.0 1
1955.0 1
1956.0 2
1958.0 2
1961.0 2
1964.0 2
1965.0 2
1966.0 1
1970.0 2
1974.0 2
1976.0 1
1977.0 1
1981.0 2
1985.0 3
1989.0 1
1991.0 4
1992.0 2
1993.0 2
1995.0 2
1996.0 1
1997.0 1
2000.0 3
2001.0 2
2002.0 1
2004.0 1
2006.0 1
2007.0 1
2008.0 4
2009.0 2
2010.0 1
2012.0 1
2013.0 2
2015.0 1
2016.0 1
2017.0 1
2019.0 4
2022.0 3
2023.0 1
2030.0 1
2031.0 2
2034.0 1
2035.0 3
2036.0 1
2038.0 1
2039.0 2
2041.0 1
2045.0 1
2046.0 3
2049.0 1
2051.0 2
2055.0 2
2056.0 1
2057.0 3
2060.0 1
2062.0 1
2063.0 1
2064.0 1
2065.0 1
2066.0 2
2067.0 1
2069.0 1
2070.0 2
2071.0 1
2072.0 1
2073.0 4
2074.0 2
2075.0 1
2076.0 1
2077.0 1
2079.0 1
2080.0 2
2081.0 1
2083.0 3
2084.0 3
2087.0 2
2088.0 2
2089.0 1
2095.0 1
2098.0 1
2099.0 1
2102.0 1
2105.0 1
2106.0 1
2110.0 1
2111.0 1
2114.0 2
2115.0 1
2117.0 2
2120.0 1
2126.0 1
2127.0 1
2130.0 1
2131.0 2
2132.0 1
2134.0 3
2135.0 2
2136.0 3
2137.0 1
2138.0 1
2139.0 1
2140.0 1
2142.0 1
2143.0 2
2145.0 1
2146.0 1
2147.0 1
2148.0 4
2149.0 1
2150.0 2
2153.0 1
2154.0 1
2155.0 3
2156.0 3
2157.0 1
2158.0 1
2161.0 1
2162.0 1
2168.0 3
2169.0 1
2171.0 1
2173.0 1
2174.0 1
2177.0 1
2178.0 1
2179.0 2
2181.0 2
2182.0 1
2184.0 1
2185.0 3
2189.0 1
2191.0 1
2192.0 1
2193.0 1
2194.0 1
2195.0 1
2196.0 1
2198.0 1
2200.0 1
2201.0 1
2205.0 3
2208.0 1
2211.0 1
2217.0 1
2218.0 1
2219.0 2
2223.0 1
2224.0 1
2225.0 1
2226.0 1
2229.0 1
2230.0 1
2232.0 1
2234.0 1
2235.0 1
2236.0 2
2238.0 1
2239.0 1
2240.0 1
2242.0 1
2243.0 1
2246.0 1
2247.0 1
2249.0 2
2251.0 2
2253.0 1
2254.0 1
2256.0 1
2261.0 1
2263.0 2
2266.0 1
2267.0 2
2269.0 1
2272.0 2
2278.0 2
2279.0 1
2283.0 2
2284.0 1
2285.0 1
2286.0 2
2287.0 2
2291.0 1
2293.0 2
2298.0 2
2301.0 1
2303.0 1
2304.0 1
2306.0 1
2308.0 1
2311.0 1
2312.0 1
2315.0 1
2316.0 1
2320.0 1
2321.0 1
2322.0 1
2323.0 1
2325.0 1
2327.0 1
2330.0 2
2332.0 1
2333.0 1
2334.0 2
2336.0 1
2337.0 1
2338.0 2
2339.0 2
2340.0 1
2344.0 3
2345.0 3
2346.0 1
2347.0 1
2350.0 1
2351.0 1
2354.0 1
2356.0 1
2357.0 1
2359.0 1
2360.0 1
2361.0 1
2362.0 2
2363.0 1
2365.0 4
2366.0 2
2369.0 1
2370.0 3
2372.0 2
2373.0 1
2374.0 1
2375.0 2
2380.0 1
2382.0 1
2383.0 1
2384.0 1
2387.0 3
2390.0 1
2393.0 3
2395.0 1
2399.0 1
2402.0 2
2403.0 1
2405.0 1
2408.0 1
2409.0 1
2412.0 1
2415.0 1
2416.0 1
2418.0 1
2420.0 1
2423.0 1
2424.0 2
2425.0 3
2427.0 1
2428.0 1
2429.0 1
2432.0 2
2433.0 2
2436.0 1
2441.0 2
2442.0 1
2445.0 2
2446.0 1
2454.0 1
2455.0 2
2456.0 2
2458.0 1
2459.0 1
2464.0 2
2465.0 2
2467.0 1
2469.0 1
2471.0 1
2474.0 1
2478.0 1
2479.0 1
2480.0 1
2483.0 1
2485.0 1
2492.0 1
2494.0 2
2496.0 1
2497.0 1
2499.0 2
2501.0 2
2503.0 1
2512.0 1
2515.0 1
2518.0 1
2519.0 1
2520.0 1
2522.0 1
2525.0 1
2527.0 1
2530.0 1
2533.0 1
2539.0 1
2541.0 1
2542.0 5
2546.0 1
2547.0 1
2548.0 1
2551.0 1
2555.0 1
2560.0 2
2561.0 1
2562.0 1
2566.0 1
2571.0 1
2572.0 1
2573.0 3
2579.0 1
2580.0 1
2582.0 1
2584.0 1
2585.0 1
2588.0 1
2589.0 1
2590.0 1
2591.0 1
2595.0 1
2596.0 1
2603.0 2
2606.0 2
2608.0 1
2613.0 1
2615.0 3
2617.0 1
2618.0 3
2619.0 1
2622.0 2
2623.0 1
2630.0 1
2632.0 2
2633.0 1
2635.0 1
2637.0 2
2639.0 2
2642.0 1
2643.0 1
2651.0 1
2653.0 1
2655.0 1
2660.0 1
2661.0 1
2664.0 1
2673.0 1
2674.0 1
2681.0 1
2686.0 1
2689.0 2
2693.0 2
2697.0 1
2698.0 2
2701.0 1
2705.0 1
2708.0 1
2712.0 1
2714.0 1
2721.0 2
2723.0 1
2729.0 1
2734.0 1
2735.0 1
2736.0 1
2738.0 1
2739.0 1
2740.0 1
2741.0 1
2743.0 1
2744.0 1
2750.0 1
2751.0 1
2753.0 1
2762.0 2
2763.0 2
2765.0 1
2768.0 1
2770.0 1
2771.0 1
2772.0 1
2775.0 1
2776.0 1
2778.0 1
2787.0 1
2789.0 4
2792.0 1
2793.0 1
2796.0 1
2797.0 1
2798.0 1
2799.0 1
2800.0 1
2808.0 2
2811.0 1
2814.0 1
2821.0 1
2822.0 1
2823.0 2
2829.0 1
2839.0 1
2840.0 1
2843.0 1
2845.0 1
2846.0 2
2849.0 1
2853.0 2
2859.0 1
2860.0 1
2863.0 1
2866.0 1
2868.0 2
2870.0 1
2872.0 1
2877.0 1
2878.0 1
2882.0 1
2892.0 1
2897.0 1
2898.0 1
2907.0 2
2908.0 1
2910.0 1
2915.0 2
2916.0 1
2918.0 1
2919.0 1
2923.0 1
2928.0 1
2929.0 1
2933.0 1
2938.0 1
2945.0 3
2954.0 1
2955.0 1
2957.0 1
2958.0 1
2959.0 2
2967.0 1
2968.0 1
2970.0 1
2974.0 1
2978.0 1
2983.0 4
2984.0 1
2985.0 3
2986.0 3
2987.0 2
2991.0 1
2993.0 1
2995.0 1
2996.0 1
2999.0 1
3003.0 2
3004.0 1
3005.0 1
3007.0 1
3009.0 1
3010.0 1
3014.0 1
3019.0 2
3020.0 1
3021.0 1
3022.0 1
3024.0 1
3025.0 1
3028.0 1
3037.0 1
3039.0 2
3042.0 1
3044.0 1
3045.0 1
3046.0 1
3049.0 1
3059.0 1
3066.0 3
3073.0 1
3074.0 1
3077.0 1
3078.0 2
3082.0 1
3083.0 1
3089.0 1
3091.0 1
3095.0 1
3096.0 1
3098.0 1
3102.0 1
3103.0 2
3104.0 1
3107.0 1
3108.0 1
3111.0 1
3116.0 2
3117.0 3
3118.0 1
3120.0 1
3124.0 2
3128.0 1
3131.0 1
3132.0 1
3133.0 1
3134.0 1
3141.0 1
3142.0 1
3143.0 1
3147.0 1
3149.0 1
3155.0 1
3157.0 1
3159.0 1
3162.0 1
3164.0 2
3167.0 1
3171.0 1
3172.0 1
3175.0 1
3179.0 1
3183.0 2
3185.0 4
3190.0 1
3196.0 1
3197.0 1
3198.0 1
3199.0 1
3200.0 1
3202.0 1
3205.0 2
3213.0 2
3215.0 1
3223.0 1
3224.0 1
3225.0 1
3227.0 1
3230.0 1
3234.0 1
3238.0 1
3240.0 1
3242.0 1
3249.0 1
3250.0 1
3252.0 1
3253.0 1
3257.0 4
3258.0 2
3261.0 2
3271.0 1
3272.0 1
3274.0 2
3276.0 1
3281.0 2
3287.0 1
3289.0 1
3295.0 1
3297.0 2
3298.0 1
3303.0 1
3304.0 1
3308.0 1
3309.0 1
3310.0 1
3314.0 1
3321.0 1
3322.0 1
3323.0 1
3326.0 1
3327.0 1
3332.0 1
3335.0 2
3341.0 1
3342.0 1
3343.0 2
3344.0 1
3346.0 1
3347.0 1
3350.0 1
3355.0 1
3357.0 1
3360.0 1
3362.0 1
3367.0 1
3369.0 1
3372.0 2
3373.0 1
3375.0 1
3381.0 1
3391.0 1
3398.0 2
3404.0 1
3410.0 1
3417.0 1
3421.0 2
3425.0 2
3427.0 1
3428.0 1
3441.0 1
3442.0 1
3444.0 1
3452.0 1
3463.0 1
3467.0 2
3469.0 1
3475.0 1
3480.0 1
3482.0 1
3485.0 1
3487.0 1
3489.0 1
3491.0 1
3497.0 1
3501.0 1
3504.0 1
3515.0 1
3518.0 1
3522.0 1
3523.0 1
3524.0 1
3526.0 1
3530.0 1
3534.0 2
3537.0 1
3540.0 1
3548.0 1
3552.0 1
3554.0 1
3557.0 1
3558.0 1
3559.0 1
3563.0 1
3580.0 1
3581.0 2
3582.0 1
3585.0 1
3600.0 1
3603.0 1
3607.0 2
3616.0 1
3618.0 1
3632.0 1
3636.0 1
3642.0 1
3664.0 1
3665.0 2
3667.0 2
3669.0 1
3675.0 1
3676.0 1
3678.0 1
3680.0 2
3681.0 1
3683.0 1
3692.0 1
3694.0 1
3697.0 1
3710.0 1
3711.0 1
3712.0 1
3715.0 2
3719.0 1
3724.0 1
3728.0 1
3734.0 1
3735.0 1
3738.0 2
3739.0 1
3741.0 1
3753.0 2
3756.0 1
3765.0 1
3768.0 1
3779.0 1
3780.0 1
3787.0 2
3790.0 1
3793.0 1
3803.0 1
3805.0 1
3813.0 1
3814.0 1
3819.0 1
3822.0 1
3826.0 2
3836.0 3
3842.0 1
3848.0 1
3849.0 1
3856.0 1
3858.0 3
3868.0 1
3869.0 1
3871.0 2
3875.0 1
3879.0 1
3886.0 1
3891.0 1
3894.0 1
3895.0 1
3896.0 1
3898.0 1
3899.0 1
3900.0 1
3901.0 1
3903.0 1
3908.0 1
3912.0 1
3917.0 2
3935.0 1
3937.0 1
3942.0 1
3943.0 1
3945.0 1
3948.0 1
3950.0 2
3951.0 1
3960.0 1
3963.0 3
3965.0 1
3980.0 1
3982.0 1
3986.0 1
3987.0 1
3991.0 1
4001.0 1
4010.0 1
4016.0 1
4024.0 2
4030.0 1
4032.0 1
4037.0 1
4042.0 1
4044.0 1
4050.0 1
4054.0 1
4055.0 1
4056.0 1
4061.0 1
4063.0 1
4067.0 1
4071.0 1
4073.0 1
4080.0 2
4082.0 1
4083.0 2
4086.0 1
4088.0 1
4089.0 1
4090.0 1
4101.0 1
4104.0 2
4108.0 1
4109.0 1
4113.0 1
4117.0 1
4120.0 1
4155.0 1
4156.0 2
4159.0 1
4164.0 1
4170.0 1
4178.0 1
4188.0 1
4193.0 1
4202.0 1
4204.0 1
4210.0 1
4220.0 1
4221.0 1
4228.0 1
4236.0 1
4237.0 2
4239.0 1
4248.0 1
4250.0 1
4251.0 2
4254.0 1
4270.0 1
4296.0 1
4297.0 1
4313.0 1
4321.0 1
4329.0 1
4330.0 1
4332.0 1
4337.0 1
4338.0 1
4348.0 1
4349.0 1
4352.0 1
4357.0 1
4359.0 1
4364.0 1
4375.0 1
4386.0 1
4388.0 1
4389.0 1
4390.0 1
4392.0 3
4403.0 2
4410.0 1
4411.0 1
4421.0 1
4422.0 1
4423.0 2
4424.0 1
4427.0 1
4428.0 2
4436.0 2
4456.0 1
4461.0 2
4462.0 1
4464.0 1
4476.0 1
4481.0 1
4492.0 1
4506.0 1
4507.0 1
4509.0 1
4511.0 1
4518.0 1
4524.0 1
4526.0 1
4530.0 1
4532.0 1
4554.0 2
4569.0 1
4571.0 1
4574.0 1
4577.0 2
4580.0 1
4589.0 1
4591.0 1
4616.0 1
4623.0 1
4625.0 1
4641.0 1
4644.0 1
4654.0 1
4658.0 1
4687.0 1
4693.0 1
4702.0 1
4704.0 1
4705.0 1
4718.0 1
4724.0 1
4728.0 1
4731.0 1
4739.0 2
4749.0 1
4754.0 1
4755.0 1
4763.0 1
4785.0 1
4790.0 1
4792.0 1
4794.0 1
4819.0 1
4823.0 1
4826.0 1
4853.0 1
4878.0 1
4879.0 1
4881.0 1
4883.0 1
4894.0 1
4898.0 1
4903.0 1
4922.0 1
4931.0 1
4943.0 1
4947.0 1
4950.0 1
4952.0 1
4969.0 1
4972.0 1
4977.0 1
4979.0 1
4984.0 1
4985.0 1
4999.0 1
5001.0 1
5020.0 1
5036.0 3
5037.0 1
5041.0 1
5046.0 1
5050.0 1
5054.0 1
5058.0 1
5068.0 1
5071.0 1
5078.0 1
5087.0 1
5113.0 1
5125.0 1
5129.0 1
5133.0 1
5144.0 1
5145.0 1
5146.0 1
5151.0 1
5159.0 1
5176.0 1
5188.0 1
5192.0 1
5198.0 1
5210.0 1
5211.0 1
5239.0 1
5268.0 1
5273.0 1
5290.0 1
5307.0 1
5356.0 1
5360.0 2
5372.0 1
5377.0 1
5399.0 1
5415.0 1
5454.0 1
5472.0 1
5473.0 1
5475.0 1
5478.0 1
5496.0 1
5501.0 1
5504.0 1
5508.0 1
5509.0 1
5516.0 1
5533.0 1
5534.0 1
5545.0 1
5571.0 1
5574.0 1
5581.0 1
5583.0 1
5592.0 1
5608.0 2
5632.0 1
5644.0 1
5662.0 1
5672.0 1
5681.0 1
5689.0 1
5713.0 1
5715.0 1
5719.0 1
5722.0 1
5732.0 1
5737.0 1
5744.0 1
5752.0 1
5767.0 1
5810.0 1
5812.0 1
5816.0 1
5857.0 1
5867.0 1
5920.0 1
5930.0 2
5932.0 1
5939.0 1
5941.0 1
5946.0 1
5960.0 1
6005.0 1
6006.0 1
6013.0 1
6019.0 1
6023.0 1
6034.0 1
6047.0 1
6083.0 1
6092.0 1
6095.0 1
6103.0 1
6104.0 1
6110.0 1
6123.0 1
6124.0 1
6132.0 1
6139.0 1
6148.0 1
6165.0 1
6195.0 1
6204.0 1
6234.0 1
6255.0 1
6261.0 1
6277.0 1
6290.0 1
6310.0 1
6320.0 1
6323.0 1
6328.0 1
6329.0 1
6332.0 1
6333.0 1
6337.0 1
6341.0 1
6363.0 1
6402.0 1
6405.0 1
6412.0 1
6413.0 2
6442.0 1
6465.0 1
6518.0 1
6531.0 1
6544.0 1
6545.0 1
6581.0 1
6607.0 1
6611.0 1
6620.0 1
6654.0 1
6675.0 1
6695.0 1
6697.0 1
6754.0 1
6787.0 1
6790.0 1
6832.0 1
6845.0 1
6859.0 2
6862.0 1
6865.0 1
6878.0 1
6889.0 1
6924.0 1
6928.0 1
6952.0 1
6955.0 1
6964.0 1
7013.0 1
7022.0 1
7028.0 1
7037.0 1
7076.0 1
7082.0 1
7095.0 1
7114.0 1
7125.0 1
7138.0 1
7141.0 1
7163.0 1
7203.0 1
7250.0 1
7251.0 1
7271.0 1
7287.0 1
7291.0 1
7293.0 1
7299.0 1
7334.0 1
7390.0 1
7392.0 1
7429.0 1
7454.0 1
7469.0 1
7480.0 1
7485.0 1
7538.0 1
7545.0 1
7557.0 1
7572.0 1
7625.0 1
7636.0 1
7642.0 1
7652.0 1
7674.0 1
7675.0 1
7697.0 1
7710.0 1
7780.0 1
7785.0 2
7801.0 1
7802.0 1
7803.0 1
7804.0 1
7807.0 1
7816.0 1
7892.0 1
7910.0 1
7911.0 1
7935.0 1
7940.0 1
7961.0 1
7975.0 1
8006.0 1
8041.0 1
8058.0 2
8080.0 1
8142.0 1
8171.0 1
8179.0 1
8227.0 1
8255.0 1
8256.0 1
8310.0 1
8314.0 1
8360.0 1
8367.0 1
8374.0 1
8404.0 1
8439.0 1
8441.0 1
8465.0 1
8470.0 1
8487.0 1
8518.0 1
8562.0 1
8580.0 1
8600.0 1
8657.0 1
8699.0 1
8726.0 1
8735.0 1
8812.0 1
8825.0 1
8849.0 1
8858.0 1
8859.0 1
8861.0 1
8871.0 1
8915.0 1
8929.0 1
8954.0 1
8988.0 1
9026.0 1
9052.0 1
9070.0 1
9149.0 1
9186.0 1
9194.0 1
9236.0 1
9308.0 1
9314.0 1
9353.0 1
9523.0 1
9537.0 1
9543.0 1
9551.0 1
9558.0 1
9572.0 1
9581.0 1
9644.0 1
9653.0 1
9712.0 1
9727.0 1
9793.0 1
9817.0 1
9868.0 1
9900.0 1
9922.0 1
10025.0 1
10377.0 1
10425.0 1
10433.0 1
10519.0 1
10535.0 1
10550.0 1
10593.0 1
10614.0 1
10627.0 1
10740.0 1
10851.0 1
10909.0 1
10913.0 1
10914.0 1
10968.0 1
11089.0 1
11207.0 1
11276.0 1
11279.0 1
11440.0 1
11466.0 1
11561.0 1
11566.0 1
11635.0 1
11743.0 1
11779.0 1
11802.0 1
11990.0 1
12009.0 1
12112.0 1
12132.0 1
12155.0 1
12182.0 1
12189.0 1
12348.0 1
12361.0 1
12473.0 1
12569.0 1
12575.0 1
12600.0 1
12631.0 1
12813.0 1
12863.0 1
12929.0 1
12942.0 1
12984.0 1
13069.0 1
13168.0 1
13228.0 1
13254.0 1
13285.0 1
13318.0 1
13360.0 1
13396.0 1
13442.0 1
13492.0 1
13518.0 1
13521.0 1
13543.0 1
13568.0 1
13663.0 1
13717.0 2
13742.0 1
13896.0 1
13904.0 1
13921.0 1
13924.0 1
13947.0 1
13971.0 1
14028.0 1
14061.0 1
14071.0 1
14089.0 1
14099.0 1
14139.0 1
14195.0 1
14324.0 1
14343.0 1
14374.0 1
14389.0 1
14563.0 1
14787.0 1
14799.0 1
14811.0 1
14821.0 1
14847.0 1
14860.0 1
14879.0 1
14922.0 1
14927.0 1
14952.0 1
15026.0 1
15188.0 1
15233.0 1
15262.0 1
15329.0 1
15360.0 1
15489.0 1
15580.0 1
15672.0 1
15710.0 1
15765.0 1
15901.0 1
15922.0 1
16263.0 1
16404.0 1
16429.0 1
16571.0 1
16573.0 1
16757.0 1
16900.0 1
16925.0 1
16953.0 1
16979.0 1
17079.0 1
17097.0 1
17133.0 1
17149.0 1
17225.0 1
17275.0 1
17287.0 1
17315.0 1
17346.0 1
17368.0 1
17378.0 1
17492.0 1
17586.0 1
17590.0 1
17624.0 1
17661.0 1
17761.0 1
17879.0 1
17976.0 1
18005.0 1
18368.0 1
18602.0 1
18708.0 1
18713.0 1
18890.0 1
18891.0 1
19114.0 1
19188.0 1
19457.0 1
19484.0 1
19489.0 1
19544.0 1
19546.0 1
19570.0 1
19630.0 1
19642.0 1
19651.0 1
19801.0 1
19846.0 1
19877.0 1
19892.0 2
19899.0 1
19940.0 1
19957.0 1
19958.0 1
19960.0 2
19980.0 1
19984.0 1
20003.0 1
20016.0 1
20076.0 2
20097.0 1
20161.0 1
20185.0 1
20264.0 1
20509.0 1
20557.0 1
20650.0 1
20684.0 1
20734.0 1
20754.0 1
20773.0 1
21056.0 1
21130.0 1
21363.0 1
21376.0 1
21437.0 1
21818.0 1
22138.0 1
22258.0 1
22352.0 1
22378.0 1
22396.0 1
22460.0 1
22854.0 1
22937.0 1
22983.0 1
23318.0 1
23319.0 1
23438.0 1
23457.0 1
23514.0 1
23644.0 1
23669.0 1
23726.0 1
24067.0 1
24282.0 1
24531.0 1
24711.0 1
24716.0 1
24783.0 1
24900.0 1
25042.0 1
25200.0 1
25560.0 1
25592.0 1
25599.0 1
25615.0 1
25659.0 1
25667.0 1
25992.0 1
26063.0 1
26332.0 1
26353.0 1
26678.0 1
26748.0 1
27309.0 1
27593.0 1
27606.0 1
27796.0 1
28452.0 1
28743.0 1
28821.0 1
29213.0 1
29274.0 1
29288.0 1
29600.0 1
29864.0 1
29944.0 1
29970.0 1
30261.0 1
30466.0 1
30537.0 1
30586.0 1
30657.0 1
30873.0 1
30997.0 1
31124.0 1
31419.0 1
31620.0 1
31702.0 1
31748.0 1
31813.0 1
32176.0 1
32284.0 1
32420.0 1
32654.0 1
32695.0 1
32841.0 1
32946.0 1
33006.0 1
33024.0 1
33317.0 1
33325.0 1
33372.0 1
33665.0 1
33833.0 1
33865.0 1
33916.0 1
34327.0 1
35307.0 1
35962.0 1
36660.0 1
36687.0 1
37071.0 1
37199.0 1
37296.0 1
37615.0 1
37789.0 1
38396.0 1
39791.0 1
40211.0 1
40326.0 1
40855.0 1
41146.0 1
41726.0 1
41817.0 1
41995.0 1
42147.0 1
42687.0 1
42843.0 1
42990.0 1
43999.0 1
46194.0 1
46235.0 1
47566.0 1
47721.0 1
48658.0 1
50638.0 1
50864.0 1
53924.0 1
54046.0 1
54440.0 1
54563.0 1
54729.0 1
55432.0 1
56037.0 1
56132.0 1
56364.0 1
57082.0 1
57528.0 1
57593.0 1
58748.0 1
59307.0 1
59566.0 1
60485.0 1
60579.0 1
62239.0 1
65598.0 1
69002.0 1
69139.0 1
72221.0 1
73184.0 1
73231.0 1
75797.0 1
79530.0 1
81740.0 1
84312.0 1
86118.0 1
93546.0 1
94451.0 1
107094.0 1
108669.0 1
114885.0 1
116589.0 1
118428.0 1
118462.0 1
147603.0 1
151388.0 1
156461.0 1
181264.0 1
185752.0 1
195739.0 1
199205.0 1
228983.0 1
237109.0 1
