1.0 379055
2.0 17564
3.0 17003
4.0 19727
5.0 22051
6.0 24635
7.0 27854
8.0 26819
9.0 34703
10.0 30908
11.0 30627
12.0 28714
13.0 29567
14.0 32256
15.0 23562
16.0 22842
17.0 22033
18.0 21345
19.0 22651
20.0 23963
21.0 27330
22.0 20728
23.0 18526
24.0 16803
25.0 15565
26.0 14772
27.0 13911
28.0 13164
29.0 12609
30.0 12291
31.0 11677
32.0 11539
33.0 10872
34.0 10883
35.0 10346
36.0 10069
37.0 9894
38.0 9213
39.0 8954
40.0 8743
41.0 8655
42.0 8073
43.0 7917
44.0 7916
45.0 7669
46.0 7349
47.0 6966
48.0 6951
49.0 6557
50.0 6716
51.0 6554
52.0 6339
53.0 6226
54.0 6005
55.0 5997
56.0 5657
57.0 5289
58.0 5060
59.0 5228
60.0 5010
61.0 4905
62.0 4891
63.0 4685
64.0 4451
65.0 4385
66.0 4332
67.0 4366
68.0 3892
69.0 3813
70.0 3815
71.0 3704
72.0 3963
73.0 3965
74.0 3284
75.0 3439
76.0 3160
77.0 3293
78.0 3221
79.0 3018
80.0 2820
81.0 2846
82.0 3007
83.0 2789
84.0 2566
85.0 2664
86.0 2569
87.0 2639
88.0 2665
89.0 2507
90.0 2453
91.0 2557
92.0 2089
93.0 2676
94.0 1906
95.0 2165
96.0 2163
97.0 2376
98.0 2064
99.0 2030
100.0 1853
101.0 1994
102.0 1842
103.0 1929
104.0 1992
105.0 1854
106.0 1926
107.0 1742
108.0 1976
109.0 2114
110.0 1940
111.0 1985
112.0 1818
113.0 1665
114.0 1471
115.0 1547
116.0 1575
117.0 1462
118.0 1501
119.0 1297
120.0 1585
121.0 1705
122.0 1450
123.0 1302
124.0 1623
125.0 1696
126.0 1164
127.0 1337
128.0 1496
129.0 1433
130.0 1597
131.0 1199
132.0 1580
133.0 1097
134.0 1278
135.0 991
136.0 1465
137.0 989
138.0 1185
139.0 1456
140.0 1301
141.0 1163
142.0 931
143.0 1092
144.0 1081
145.0 941
146.0 803
147.0 813
148.0 697
149.0 899
150.0 936
151.0 657
152.0 607
153.0 1069
154.0 813
155.0 866
156.0 621
157.0 733
158.0 802
159.0 514
160.0 908
161.0 1140
162.0 724
163.0 678
164.0 748
165.0 617
166.0 717
167.0 732
168.0 593
169.0 843
170.0 640
171.0 469
172.0 785
173.0 438
174.0 900
175.0 609
176.0 553
177.0 732
178.0 719
179.0 621
180.0 419
181.0 549
182.0 812
183.0 453
184.0 551
185.0 411
186.0 429
187.0 550
188.0 334
189.0 308
190.0 321
191.0 502
192.0 527
193.0 360
194.0 311
195.0 452
196.0 325
197.0 270
198.0 437
199.0 298
200.0 283
201.0 463
202.0 285
203.0 377
204.0 242
205.0 399
206.0 605
207.0 419
208.0 316
209.0 446
210.0 386
211.0 484
212.0 540
213.0 283
214.0 448
215.0 424
216.0 230
217.0 226
218.0 236
219.0 463
220.0 523
221.0 410
222.0 426
223.0 268
224.0 412
225.0 238
226.0 479
227.0 269
228.0 477
229.0 492
230.0 313
231.0 621
232.0 270
233.0 411
234.0 633
235.0 433
236.0 231
237.0 225
238.0 223
239.0 279
240.0 457
241.0 228
242.0 346
243.0 213
244.0 183
245.0 165
246.0 506
247.0 358
248.0 435
249.0 238
250.0 204
251.0 172
252.0 157
253.0 184
254.0 188
255.0 180
256.0 397
257.0 637
258.0 404
259.0 136
260.0 163
261.0 149
262.0 379
263.0 555
264.0 179
265.0 386
266.0 243
267.0 207
268.0 150
269.0 113
270.0 135
271.0 112
272.0 121
273.0 95
274.0 118
275.0 318
276.0 123
277.0 102
278.0 106
279.0 120
280.0 244
281.0 344
282.0 153
283.0 109
284.0 103
285.0 178
286.0 189
287.0 548
288.0 146
289.0 151
290.0 84
291.0 127
292.0 375
293.0 371
294.0 153
295.0 239
296.0 284
297.0 258
298.0 112
299.0 97
300.0 103
301.0 104
302.0 110
303.0 401
304.0 138
305.0 110
306.0 312
307.0 115
308.0 88
309.0 85
310.0 71
311.0 65
312.0 75
313.0 58
314.0 69
315.0 68
316.0 71
317.0 65
318.0 337
319.0 109
320.0 203
321.0 142
322.0 318
323.0 89
324.0 68
325.0 57
326.0 60
327.0 61
328.0 50
329.0 61
330.0 66
331.0 60
332.0 66
333.0 56
334.0 59
335.0 50
336.0 47
337.0 53
338.0 57
339.0 53
340.0 45
341.0 52
342.0 44
343.0 43
344.0 55
345.0 328
346.0 64
347.0 42
348.0 39
349.0 32
350.0 64
351.0 341
352.0 54
353.0 49
354.0 38
355.0 35
356.0 41
357.0 39
358.0 21
359.0 78
360.0 325
361.0 41
362.0 51
363.0 42
364.0 30
365.0 38
366.0 46
367.0 39
368.0 37
369.0 35
370.0 27
371.0 29
372.0 375
373.0 49
374.0 36
375.0 43
376.0 339
377.0 54
378.0 28
379.0 50
380.0 362
381.0 28
382.0 25
383.0 30
384.0 23
385.0 25
386.0 30
387.0 29
388.0 56
389.0 45
390.0 42
391.0 52
392.0 42
393.0 44
394.0 66
395.0 56
396.0 34
397.0 38
398.0 44
399.0 46
400.0 36
401.0 31
402.0 26
403.0 23
404.0 19
405.0 25
406.0 25
407.0 20
408.0 16
409.0 19
410.0 13
411.0 12
412.0 16
413.0 25
414.0 21
415.0 19
416.0 14
417.0 17
418.0 30
419.0 29
420.0 36
421.0 38
422.0 46
423.0 39
424.0 40
425.0 86
426.0 38
427.0 28
428.0 30
429.0 30
430.0 26
431.0 32
432.0 23
433.0 25
434.0 23
435.0 16
436.0 23
437.0 23
438.0 19
439.0 24
440.0 10
441.0 12
442.0 18
443.0 22
444.0 14
445.0 14
446.0 13
447.0 17
448.0 16
449.0 13
450.0 13
451.0 19
452.0 16
453.0 19
454.0 13
455.0 15
456.0 17
457.0 9
458.0 11
459.0 12
460.0 14
461.0 20
462.0 24
463.0 19
464.0 14
465.0 14
466.0 16
467.0 22
468.0 12
469.0 16
470.0 13
471.0 9
472.0 12
473.0 14
474.0 14
475.0 12
476.0 15
477.0 16
478.0 13
479.0 23
480.0 15
481.0 22
482.0 15
483.0 16
484.0 17
485.0 21
486.0 25
487.0 16
488.0 21
489.0 28
490.0 14
491.0 15
492.0 15
493.0 24
494.0 22
495.0 16
496.0 16
497.0 16
498.0 17
499.0 22
500.0 9
501.0 17
502.0 7
503.0 13
504.0 5
505.0 13
506.0 12
507.0 15
508.0 12
509.0 21
510.0 12
511.0 14
512.0 14
513.0 10
514.0 14
515.0 21
516.0 8
517.0 22
518.0 11
519.0 12
520.0 12
521.0 13
522.0 8
523.0 15
524.0 9
525.0 8
526.0 11
527.0 14
528.0 9
529.0 14
530.0 13
531.0 14
532.0 9
533.0 16
534.0 10
535.0 12
536.0 9
537.0 7
538.0 10
539.0 11
540.0 9
541.0 11
542.0 6
543.0 13
544.0 17
545.0 18
546.0 13
547.0 19
548.0 11
549.0 13
550.0 9
551.0 10
552.0 8
553.0 9
554.0 10
555.0 10
556.0 19
557.0 13
558.0 9
559.0 7
560.0 13
561.0 15
562.0 6
563.0 4
564.0 8
565.0 6
566.0 6
567.0 12
568.0 8
569.0 13
570.0 11
571.0 5
572.0 4
573.0 6
574.0 12
575.0 9
576.0 7
577.0 7
578.0 5
579.0 4
580.0 5
581.0 11
582.0 4
583.0 3
584.0 7
585.0 5
586.0 7
587.0 7
588.0 4
589.0 5
590.0 8
591.0 6
592.0 2
593.0 7
594.0 3
595.0 6
596.0 7
597.0 3
598.0 8
599.0 4
600.0 7
601.0 3
602.0 7
603.0 6
604.0 3
605.0 3
606.0 3
607.0 6
608.0 4
609.0 6
610.0 5
611.0 5
612.0 3
613.0 6
614.0 8
615.0 5
616.0 6
617.0 5
618.0 4
619.0 5
620.0 4
621.0 5
622.0 3
623.0 4
624.0 1
625.0 2
626.0 5
627.0 7
628.0 4
629.0 7
630.0 5
631.0 4
632.0 6
633.0 7
634.0 5
635.0 3
636.0 5
637.0 8
638.0 2
640.0 3
641.0 6
642.0 4
643.0 6
644.0 2
645.0 3
646.0 5
647.0 1
648.0 6
649.0 4
650.0 2
651.0 3
652.0 1
653.0 1
654.0 6
655.0 2
656.0 7
657.0 6
658.0 4
659.0 2
660.0 2
661.0 3
662.0 1
663.0 5
664.0 3
665.0 3
666.0 1
667.0 2
668.0 1
669.0 3
670.0 1
671.0 3
672.0 6
673.0 2
674.0 1
675.0 2
676.0 5
677.0 6
679.0 2
680.0 1
681.0 1
682.0 4
683.0 1
684.0 2
685.0 3
686.0 1
688.0 1
689.0 2
690.0 5
691.0 2
692.0 4
693.0 2
694.0 1
695.0 2
696.0 2
697.0 3
698.0 2
699.0 1
701.0 1
702.0 2
703.0 2
704.0 3
705.0 3
706.0 2
707.0 1
709.0 1
711.0 1
712.0 4
714.0 1
715.0 1
716.0 3
717.0 10
718.0 16
719.0 199
720.0 56
721.0 32
722.0 28
723.0 44
724.0 66
725.0 34
726.0 27
727.0 21
728.0 17
729.0 14
730.0 9
731.0 8
732.0 9
733.0 8
734.0 8
735.0 12
736.0 5
737.0 7
738.0 11
739.0 5
740.0 5
741.0 4
742.0 4
743.0 6
744.0 4
745.0 5
746.0 5
747.0 6
748.0 3
749.0 3
750.0 4
751.0 6
752.0 4
753.0 3
754.0 7
755.0 6
756.0 1
757.0 1
758.0 8
759.0 1
761.0 6
762.0 3
763.0 2
764.0 6
765.0 4
766.0 4
767.0 3
769.0 6
770.0 1
771.0 2
772.0 4
774.0 3
775.0 2
777.0 3
778.0 1
779.0 4
780.0 1
781.0 2
782.0 3
783.0 3
785.0 1
786.0 2
787.0 2
788.0 1
789.0 1
790.0 3
792.0 3
793.0 1
794.0 2
795.0 3
797.0 4
798.0 2
801.0 2
803.0 2
805.0 1
807.0 2
808.0 1
809.0 1
811.0 1
813.0 3
814.0 2
815.0 2
816.0 3
817.0 1
818.0 2
821.0 1
824.0 1
825.0 1
826.0 1
830.0 3
831.0 4
833.0 1
836.0 1
839.0 1
840.0 1
841.0 1
846.0 1
848.0 1
849.0 1
850.0 2
851.0 1
852.0 2
853.0 1
855.0 1
856.0 1
859.0 2
860.0 1
861.0 4
862.0 3
864.0 2
865.0 3
866.0 1
867.0 1
869.0 2
871.0 1
872.0 2
873.0 2
874.0 2
875.0 14
876.0 18
877.0 26
878.0 36
879.0 32
880.0 26
881.0 42
882.0 34
883.0 36
884.0 37
885.0 41
886.0 38
887.0 37
888.0 26
889.0 28
890.0 29
891.0 28
892.0 21
893.0 24
894.0 19
895.0 21
896.0 17
897.0 24
898.0 11
899.0 12
900.0 13
901.0 12
902.0 15
903.0 11
904.0 10
905.0 7
906.0 7
907.0 6
908.0 5
909.0 4
910.0 7
911.0 3
912.0 7
913.0 7
914.0 1
915.0 5
916.0 5
917.0 9
918.0 6
919.0 2
920.0 2
921.0 2
922.0 5
923.0 1
924.0 1
925.0 2
926.0 5
928.0 1
929.0 3
930.0 1
931.0 2
932.0 3
933.0 2
934.0 2
935.0 5
936.0 1
937.0 4
938.0 3
939.0 2
940.0 1
941.0 2
942.0 1
943.0 2
945.0 2
946.0 1
947.0 1
948.0 2
949.0 2
950.0 2
951.0 1
952.0 2
953.0 1
954.0 2
955.0 2
956.0 3
957.0 2
960.0 1
962.0 3
963.0 5
964.0 3
965.0 1
966.0 2
967.0 1
968.0 1
969.0 2
970.0 2
971.0 2
972.0 4
973.0 1
974.0 3
975.0 3
976.0 4
977.0 2
978.0 5
979.0 1
980.0 4
981.0 2
982.0 3
983.0 1
984.0 3
985.0 4
987.0 2
988.0 2
989.0 1
992.0 5
993.0 2
994.0 1
996.0 6
997.0 3
998.0 2
999.0 2
1000.0 3
1001.0 1
1002.0 3
1003.0 5
1004.0 4
1005.0 2
1006.0 3
1007.0 3
1008.0 2
1009.0 2
1010.0 2
1011.0 1
1012.0 1
1013.0 3
1015.0 2
1016.0 2
1017.0 3
1018.0 3
1019.0 6
1020.0 1
1021.0 6
1022.0 1
1023.0 2
1024.0 2
1025.0 3
1026.0 1
1027.0 2
1028.0 2
1029.0 2
1030.0 2
1031.0 5
1032.0 3
1033.0 2
1034.0 3
1035.0 4
1036.0 5
1037.0 2
1039.0 2
1040.0 5
1041.0 5
1043.0 7
1045.0 3
1046.0 2
1047.0 4
1049.0 4
1050.0 1
1052.0 2
1053.0 1
1054.0 1
1055.0 3
1056.0 4
1057.0 2
1058.0 4
1059.0 2
1060.0 1
1062.0 3
1063.0 2
1064.0 2
1065.0 3
1066.0 1
1068.0 3
1069.0 1
1070.0 2
1072.0 5
1073.0 1
1074.0 1
1075.0 3
1076.0 1
1077.0 2
1081.0 1
1082.0 1
1083.0 3
1084.0 1
1085.0 2
1086.0 2
1087.0 2
1088.0 1
1089.0 2
1090.0 2
1091.0 3
1092.0 1
1094.0 4
1095.0 2
1096.0 2
1097.0 2
1098.0 1
1100.0 4
1101.0 2
1102.0 3
1103.0 2
1104.0 2
1105.0 1
1106.0 2
1107.0 3
1108.0 2
1109.0 3
1110.0 1
1111.0 1
1112.0 2
1113.0 2
1114.0 1
1115.0 3
1116.0 1
1119.0 1
1121.0 4
1122.0 1
1123.0 2
1124.0 1
1125.0 3
1126.0 4
1127.0 1
1128.0 2
1129.0 1
1130.0 1
1132.0 1
1133.0 3
1134.0 1
1136.0 2
1137.0 1
1138.0 1
1139.0 2
1140.0 3
1141.0 1
1142.0 1
1143.0 2
1144.0 1
1145.0 2
1146.0 3
1147.0 1
1149.0 2
1150.0 2
1151.0 2
1152.0 1
1153.0 3
1155.0 2
1156.0 1
1157.0 1
1158.0 1
1160.0 1
1161.0 3
1163.0 1
1167.0 1
1169.0 3
1170.0 3
1172.0 2
1174.0 1
1178.0 2
1179.0 1
1183.0 1
1184.0 1
1186.0 2
1187.0 1
1191.0 3
1193.0 1
1196.0 1
1200.0 1
1202.0 1
1204.0 2
1205.0 1
1206.0 1
1210.0 1
1214.0 1
1215.0 1
1216.0 3
1217.0 2
1220.0 2
1221.0 1
1223.0 1
1229.0 1
1230.0 1
1232.0 1
1234.0 1
1237.0 1
1241.0 1
1245.0 1
1249.0 1
1251.0 2
1253.0 1
1254.0 1
1258.0 1
1259.0 2
1263.0 2
1264.0 1
1265.0 2
1266.0 1
1269.0 1
1271.0 1
1276.0 1
1282.0 1
1283.0 1
1287.0 1
1291.0 1
1293.0 1
1294.0 1
1305.0 1
1308.0 1
1318.0 1
1322.0 1
1324.0 1
1328.0 1
1336.0 1
1339.0 1
1342.0 1
1345.0 1
1356.0 1
1360.0 1
1361.0 1
1363.0 1
1366.0 2
1375.0 1
1376.0 2
1378.0 1
1379.0 3
1380.0 1
1383.0 1
1391.0 1
1395.0 1
1396.0 1
1397.0 1
1401.0 1
1404.0 1
1409.0 1
1411.0 1
1412.0 3
1415.0 1
1416.0 1
1420.0 1
1421.0 2
1422.0 1
1430.0 1
1431.0 2
1432.0 1
1433.0 1
1434.0 1
1437.0 1
1438.0 1
1445.0 2
1447.0 1
1449.0 1
1455.0 1
1456.0 1
1459.0 1
1460.0 1
1466.0 1
1468.0 2
1471.0 1
1484.0 2
1496.0 1
1497.0 1
1499.0 1
1502.0 1
1503.0 1
1510.0 1
1523.0 1
1524.0 1
1525.0 4
1532.0 1
1537.0 1
1543.0 1
1549.0 1
1557.0 1
1563.0 2
1564.0 1
1571.0 1
1572.0 1
1577.0 1
1581.0 1
1585.0 1
1588.0 1
1590.0 1
1593.0 1
1605.0 1
1611.0 1
1613.0 1
1627.0 2
1632.0 1
1635.0 1
1644.0 1
1645.0 1
1648.0 1
1649.0 1
1651.0 1
1653.0 1
1670.0 1
1677.0 1
1685.0 1
1695.0 1
1709.0 1
1726.0 1
1732.0 1
1743.0 1
1755.0 1
1774.0 1
1792.0 1
1799.0 1
1825.0 1
1830.0 1
1839.0 1
1842.0 1
1847.0 1
1898.0 1
1923.0 1
1943.0 1
1963.0 1
1982.0 1
1985.0 1
1998.0 1
2019.0 1
2026.0 1
2030.0 1
2033.0 1
2077.0 1
2138.0 2
2173.0 1
2221.0 1
2245.0 1
2355.0 1
2566.0 1
2651.0 1
2777.0 1
2953.0 1
3003.0 1
3133.0 1
3367.0 1
3448.0 1
4110.0 1
