1.0 1268399
2.0 18095
3.0 23588
4.0 27436
5.0 30049
6.0 30639
7.0 32485
8.0 34516
9.0 34982
10.0 37191
11.0 36587
12.0 36121
13.0 35566
14.0 34230
15.0 34436
16.0 32027
17.0 30858
18.0 30346
19.0 29715
20.0 29565
21.0 28581
22.0 27892
23.0 27380
24.0 27144
25.0 26940
26.0 26611
27.0 25543
28.0 24674
29.0 23657
30.0 22551
31.0 21881
32.0 21152
33.0 20495
34.0 20008
35.0 18782
36.0 17990
37.0 16826
38.0 16165
39.0 15622
40.0 14580
41.0 14022
42.0 13439
43.0 12981
44.0 12469
45.0 12149
46.0 11752
47.0 11401
48.0 11108
49.0 10584
50.0 10303
51.0 10132
52.0 9644
53.0 9232
54.0 8921
55.0 8914
56.0 8592
57.0 8496
58.0 8465
59.0 7789
60.0 7665
61.0 7350
62.0 7379
63.0 7146
64.0 7309
65.0 7008
66.0 6719
67.0 6580
68.0 6509
69.0 6519
70.0 6419
71.0 6187
72.0 5929
73.0 5686
74.0 5680
75.0 5660
76.0 5327
77.0 5259
78.0 5140
79.0 5022
80.0 5147
81.0 4929
82.0 5033
83.0 4737
84.0 4641
85.0 4601
86.0 4434
87.0 4225
88.0 3989
89.0 4168
90.0 3857
91.0 3794
92.0 3973
93.0 3642
94.0 3535
95.0 3747
96.0 3660
97.0 3514
98.0 3492
99.0 3575
100.0 3223
101.0 3524
102.0 3266
103.0 3243
104.0 3461
105.0 3403
106.0 3133
107.0 3012
108.0 3097
109.0 3106
110.0 3145
111.0 3196
112.0 3059
113.0 2839
114.0 2692
115.0 2810
116.0 2670
117.0 2684
118.0 2543
119.0 2469
120.0 2456
121.0 2447
122.0 2547
123.0 2454
124.0 2359
125.0 2220
126.0 2265
127.0 2258
128.0 2171
129.0 2120
130.0 2046
131.0 2035
132.0 1981
133.0 2147
134.0 2007
135.0 2070
136.0 1985
137.0 1875
138.0 1929
139.0 1843
140.0 1800
141.0 1794
142.0 1727
143.0 1598
144.0 1598
145.0 1580
146.0 1638
147.0 1608
148.0 1561
149.0 1542
150.0 1530
151.0 1489
152.0 1404
153.0 1391
154.0 1519
155.0 1357
156.0 1498
157.0 1365
158.0 1231
159.0 1277
160.0 1331
161.0 1267
162.0 1171
163.0 1425
164.0 1130
165.0 1120
166.0 1199
167.0 1197
168.0 1190
169.0 1094
170.0 1074
171.0 1085
172.0 1033
173.0 1025
174.0 1018
175.0 921
176.0 1047
177.0 951
178.0 986
179.0 919
180.0 860
181.0 829
182.0 870
183.0 877
184.0 869
185.0 881
186.0 853
187.0 773
188.0 789
189.0 752
190.0 865
191.0 795
192.0 741
193.0 759
194.0 725
195.0 742
196.0 783
197.0 744
198.0 749
199.0 825
200.0 776
201.0 696
202.0 649
203.0 689
204.0 653
205.0 669
206.0 673
207.0 651
208.0 755
209.0 678
210.0 644
211.0 614
212.0 623
213.0 778
214.0 624
215.0 643
216.0 648
217.0 686
218.0 706
219.0 774
220.0 725
221.0 639
222.0 592
223.0 589
224.0 618
225.0 659
226.0 619
227.0 575
228.0 609
229.0 618
230.0 627
231.0 615
232.0 742
233.0 1479
234.0 6878
235.0 8725
236.0 1885
237.0 727
238.0 599
239.0 538
240.0 565
241.0 537
242.0 464
243.0 568
244.0 559
245.0 619
246.0 570
247.0 477
248.0 458
249.0 513
250.0 470
251.0 456
252.0 591
253.0 483
254.0 450
255.0 520
256.0 426
257.0 423
258.0 423
259.0 401
260.0 409
261.0 438
262.0 411
263.0 398
264.0 331
265.0 347
266.0 329
267.0 305
268.0 337
269.0 350
270.0 344
271.0 349
272.0 373
273.0 445
274.0 407
275.0 386
276.0 334
277.0 314
278.0 307
279.0 286
280.0 388
281.0 407
282.0 349
283.0 323
284.0 323
285.0 310
286.0 301
287.0 340
288.0 362
289.0 347
290.0 303
291.0 294
292.0 312
293.0 252
294.0 277
295.0 289
296.0 276
297.0 263
298.0 376
299.0 277
300.0 273
301.0 232
302.0 252
303.0 242
304.0 257
305.0 261
306.0 264
307.0 240
308.0 227
309.0 219
310.0 205
311.0 230
312.0 214
313.0 206
314.0 223
315.0 251
316.0 246
317.0 230
318.0 227
319.0 239
320.0 220
321.0 234
322.0 244
323.0 193
324.0 213
325.0 205
326.0 188
327.0 204
328.0 223
329.0 208
330.0 249
331.0 215
332.0 226
333.0 187
334.0 160
335.0 205
336.0 173
337.0 161
338.0 150
339.0 159
340.0 158
341.0 174
342.0 146
343.0 159
344.0 157
345.0 156
346.0 144
347.0 144
348.0 119
349.0 144
350.0 139
351.0 124
352.0 118
353.0 127
354.0 114
355.0 117
356.0 130
357.0 120
358.0 109
359.0 111
360.0 95
361.0 127
362.0 125
363.0 134
364.0 119
365.0 136
366.0 155
367.0 132
368.0 120
369.0 104
370.0 150
371.0 137
372.0 122
373.0 132
374.0 128
375.0 124
376.0 135
377.0 122
378.0 106
379.0 106
380.0 104
381.0 117
382.0 134
383.0 113
384.0 133
385.0 133
386.0 157
387.0 177
388.0 167
389.0 158
390.0 120
391.0 143
392.0 291
393.0 170
394.0 123
395.0 120
396.0 112
397.0 95
398.0 129
399.0 115
400.0 109
401.0 111
402.0 126
403.0 124
404.0 128
405.0 127
406.0 156
407.0 139
408.0 125
409.0 115
410.0 103
411.0 141
412.0 111
413.0 186
414.0 215
415.0 177
416.0 185
417.0 148
418.0 146
419.0 154
420.0 126
421.0 139
422.0 156
423.0 106
424.0 121
425.0 100
426.0 101
427.0 111
428.0 92
429.0 98
430.0 84
431.0 81
432.0 101
433.0 109
434.0 101
435.0 68
436.0 82
437.0 82
438.0 82
439.0 80
440.0 77
441.0 87
442.0 71
443.0 75
444.0 63
445.0 66
446.0 72
447.0 57
448.0 62
449.0 69
450.0 53
451.0 59
452.0 57
453.0 59
454.0 61
455.0 53
456.0 75
457.0 41
458.0 55
459.0 48
460.0 53
461.0 46
462.0 45
463.0 52
464.0 37
465.0 43
466.0 36
467.0 40
468.0 39
469.0 49
470.0 39
471.0 55
472.0 57
473.0 51
474.0 54
475.0 58
476.0 74
477.0 77
478.0 62
479.0 70
480.0 63
481.0 52
482.0 54
483.0 77
484.0 65
485.0 56
486.0 54
487.0 44
488.0 50
489.0 67
490.0 77
491.0 98
492.0 103
493.0 91
494.0 109
495.0 88
496.0 87
497.0 67
498.0 40
499.0 45
500.0 47
501.0 51
502.0 45
503.0 39
504.0 44
505.0 33
506.0 39
507.0 39
508.0 31
509.0 37
510.0 34
511.0 42
512.0 41
513.0 47
514.0 38
515.0 24
516.0 39
517.0 38
518.0 50
519.0 33
520.0 38
521.0 36
522.0 34
523.0 41
524.0 38
525.0 28
526.0 30
527.0 35
528.0 21
529.0 32
530.0 29
531.0 30
532.0 36
533.0 44
534.0 34
535.0 29
536.0 40
537.0 56
538.0 47
539.0 49
540.0 59
541.0 44
542.0 53
543.0 43
544.0 35
545.0 40
546.0 47
547.0 65
548.0 37
549.0 40
550.0 40
551.0 33
552.0 41
553.0 36
554.0 42
555.0 30
556.0 37
557.0 50
558.0 33
559.0 33
560.0 39
561.0 23
562.0 25
563.0 22
564.0 24
565.0 35
566.0 27
567.0 26
568.0 23
569.0 23
570.0 14
571.0 20
572.0 30
573.0 36
574.0 45
575.0 33
576.0 25
577.0 19
578.0 45
579.0 17
580.0 20
581.0 24
582.0 22
583.0 7
584.0 13
585.0 19
586.0 16
587.0 18
588.0 24
589.0 12
590.0 18
591.0 18
592.0 15
593.0 21
594.0 14
595.0 29
596.0 12
597.0 23
598.0 14
599.0 19
600.0 16
601.0 15
602.0 25
603.0 16
604.0 19
605.0 19
606.0 17
607.0 16
608.0 15
609.0 11
610.0 16
611.0 11
612.0 14
613.0 13
614.0 22
615.0 17
616.0 14
617.0 14
618.0 11
619.0 14
620.0 14
621.0 13
622.0 11
623.0 16
624.0 16
625.0 10
626.0 13
627.0 18
628.0 10
629.0 15
630.0 20
631.0 18
632.0 16
633.0 12
634.0 7
635.0 9
636.0 12
637.0 15
638.0 15
639.0 18
640.0 13
641.0 11
642.0 7
643.0 22
644.0 13
645.0 13
646.0 14
647.0 8
648.0 15
649.0 9
650.0 8
651.0 11
652.0 10
653.0 13
654.0 9
655.0 11
656.0 11
657.0 16
658.0 9
659.0 11
660.0 5
661.0 12
662.0 9
663.0 11
664.0 7
665.0 13
666.0 5
667.0 9
668.0 5
669.0 6
670.0 7
671.0 9
672.0 13
673.0 7
674.0 12
675.0 11
676.0 9
677.0 6
678.0 7
679.0 7
680.0 12
681.0 7
682.0 7
683.0 17
684.0 5
685.0 8
686.0 7
687.0 18
688.0 10
689.0 6
690.0 13
691.0 13
692.0 7
693.0 10
694.0 8
695.0 8
696.0 13
697.0 6
698.0 10
699.0 7
700.0 12
701.0 9
702.0 6
703.0 5
704.0 4
705.0 13
706.0 9
707.0 13
708.0 13
709.0 11
710.0 8
711.0 12
712.0 10
713.0 17
714.0 14
715.0 5
716.0 13
717.0 4
718.0 6
719.0 8
720.0 9
721.0 10
722.0 10
723.0 9
724.0 8
725.0 2
726.0 13
727.0 9
728.0 4
729.0 7
730.0 7
731.0 4
732.0 3
733.0 10
734.0 6
735.0 10
736.0 5
737.0 12
738.0 9
739.0 1
740.0 4
741.0 7
742.0 3
743.0 8
744.0 11
745.0 7
746.0 8
747.0 8
748.0 5
749.0 5
750.0 13
751.0 9
752.0 2
753.0 12
754.0 9
755.0 6
756.0 9
757.0 3
758.0 2
759.0 7
760.0 5
761.0 9
762.0 5
763.0 9
764.0 5
765.0 6
766.0 6
767.0 5
768.0 7
769.0 3
770.0 6
771.0 5
772.0 4
773.0 7
774.0 8
775.0 9
776.0 8
777.0 5
778.0 3
779.0 9
780.0 4
781.0 8
782.0 2
783.0 5
784.0 1
785.0 6
786.0 6
787.0 7
788.0 9
789.0 8
790.0 5
791.0 5
792.0 5
793.0 7
794.0 5
795.0 6
796.0 9
797.0 5
798.0 5
799.0 2
800.0 8
801.0 2
802.0 6
803.0 8
804.0 5
805.0 7
806.0 6
807.0 9
808.0 4
809.0 3
810.0 7
811.0 4
812.0 5
813.0 4
814.0 6
815.0 8
816.0 4
817.0 4
818.0 3
819.0 3
820.0 9
821.0 4
822.0 4
823.0 5
824.0 6
825.0 4
826.0 10
827.0 3
828.0 6
829.0 16
830.0 28
831.0 56
832.0 65
833.0 52
834.0 55
835.0 55
836.0 92
837.0 64
838.0 42
839.0 54
840.0 33
841.0 38
842.0 23
843.0 30
844.0 23
845.0 16
846.0 15
847.0 12
848.0 14
849.0 13
850.0 9
851.0 7
852.0 6
853.0 7
854.0 3
855.0 8
856.0 7
857.0 6
858.0 2
859.0 3
860.0 6
861.0 11
862.0 7
863.0 8
864.0 6
865.0 10
866.0 8
867.0 6
868.0 5
869.0 5
870.0 8
871.0 6
872.0 9
873.0 9
874.0 6
875.0 2
876.0 5
877.0 4
878.0 3
879.0 7
880.0 7
881.0 1
882.0 5
883.0 6
884.0 6
885.0 8
886.0 6
887.0 3
888.0 3
889.0 5
890.0 6
891.0 7
892.0 3
893.0 7
894.0 3
895.0 3
896.0 8
897.0 2
898.0 2
899.0 3
900.0 4
901.0 3
902.0 4
903.0 3
904.0 8
905.0 6
906.0 4
907.0 8
908.0 3
909.0 2
910.0 2
911.0 6
912.0 8
913.0 5
914.0 2
915.0 4
916.0 5
917.0 4
918.0 4
919.0 6
920.0 5
921.0 3
922.0 5
923.0 3
924.0 3
925.0 4
926.0 3
927.0 4
928.0 7
929.0 5
930.0 3
931.0 2
932.0 3
933.0 7
934.0 3
935.0 1
936.0 2
937.0 4
938.0 2
939.0 4
940.0 2
941.0 3
942.0 7
943.0 3
944.0 2
945.0 2
946.0 7
947.0 4
948.0 2
949.0 2
950.0 4
951.0 8
952.0 2
953.0 2
954.0 3
955.0 1
956.0 2
957.0 4
958.0 1
959.0 2
960.0 1
961.0 1
962.0 2
963.0 1
964.0 4
966.0 3
968.0 4
969.0 6
970.0 11
971.0 4
972.0 3
973.0 1
974.0 2
975.0 4
976.0 5
977.0 1
978.0 3
979.0 1
980.0 3
981.0 3
982.0 2
983.0 3
984.0 3
985.0 5
987.0 2
988.0 3
989.0 1
990.0 8
991.0 2
992.0 2
994.0 2
995.0 2
996.0 2
997.0 1
999.0 3
1000.0 2
1001.0 2
1002.0 1
1003.0 3
1004.0 2
1005.0 2
1006.0 7
1007.0 4
1008.0 2
1009.0 1
1011.0 5
1013.0 1
1014.0 5
1015.0 4
1016.0 5
1017.0 2
1018.0 4
1020.0 2
1021.0 1
1022.0 3
1023.0 1
1024.0 2
1026.0 1
1027.0 5
1028.0 6
1031.0 2
1032.0 2
1033.0 2
1035.0 2
1036.0 3
1037.0 4
1038.0 1
1039.0 2
1040.0 4
1041.0 3
1042.0 1
1043.0 1
1047.0 1
1048.0 2
1049.0 1
1050.0 3
1051.0 3
1052.0 4
1054.0 2
1057.0 4
1058.0 4
1059.0 2
1060.0 1
1061.0 2
1062.0 2
1063.0 1
1064.0 1
1065.0 2
1066.0 1
1067.0 4
1068.0 2
1069.0 1
1072.0 3
1073.0 2
1074.0 3
1075.0 1
1076.0 5
1077.0 1
1078.0 1
1079.0 3
1080.0 2
1081.0 2
1082.0 3
1085.0 2
1086.0 4
1087.0 1
1089.0 2
1090.0 1
1091.0 1
1092.0 4
1093.0 4
1094.0 1
1095.0 2
1099.0 2
1100.0 8
1101.0 9
1102.0 5
1103.0 8
1104.0 19
1105.0 22
1106.0 40
1107.0 36
1108.0 47
1109.0 42
1110.0 40
1111.0 44
1112.0 39
1113.0 40
1114.0 34
1115.0 30
1116.0 32
1117.0 46
1118.0 48
1119.0 26
1120.0 31
1121.0 41
1122.0 33
1123.0 18
1124.0 29
1125.0 26
1126.0 26
1127.0 30
1128.0 26
1129.0 19
1130.0 25
1131.0 19
1132.0 24
1133.0 15
1134.0 18
1135.0 15
1136.0 13
1137.0 19
1138.0 7
1139.0 12
1140.0 10
1141.0 9
1142.0 10
1143.0 8
1144.0 1
1145.0 9
1146.0 7
1147.0 5
1148.0 1
1149.0 3
1150.0 6
1151.0 5
1152.0 5
1153.0 1
1154.0 3
1155.0 3
1156.0 3
1157.0 4
1159.0 1
1160.0 1
1161.0 2
1162.0 1
1163.0 4
1166.0 1
1167.0 1
1168.0 3
1169.0 2
1170.0 3
1171.0 2
1172.0 2
1174.0 3
1175.0 1
1176.0 1
1177.0 1
1178.0 1
1180.0 1
1181.0 1
1183.0 1
1185.0 1
1186.0 1
1187.0 4
1188.0 2
1190.0 2
1191.0 1
1192.0 2
1193.0 1
1194.0 1
1195.0 1
1196.0 1
1197.0 2
1198.0 1
1203.0 1
1204.0 1
1205.0 2
1206.0 2
1208.0 1
1209.0 1
1211.0 2
1214.0 1
1217.0 1
1218.0 1
1221.0 1
1222.0 1
1223.0 1
1227.0 3
1228.0 1
1229.0 2
1231.0 2
1232.0 5
1234.0 1
1235.0 1
1236.0 3
1238.0 1
1239.0 1
1240.0 1
1244.0 1
1245.0 1
1246.0 1
1250.0 1
1253.0 2
1256.0 3
1257.0 1
1260.0 1
1261.0 1
1264.0 3
1265.0 1
1267.0 1
1269.0 1
1270.0 1
1271.0 1
1272.0 1
1273.0 1
1276.0 2
1277.0 1
1278.0 1
1287.0 1
1290.0 1
1291.0 2
1292.0 2
1294.0 1
1296.0 1
1306.0 1
1307.0 1
1310.0 1
1312.0 2
1314.0 1
1315.0 1
1321.0 1
1323.0 1
1330.0 1
1331.0 1
1333.0 1
1334.0 1
1336.0 3
1339.0 1
1340.0 1
1343.0 2
1349.0 2
1351.0 3
1354.0 2
1355.0 1
1356.0 1
1357.0 1
1358.0 2
1359.0 2
1360.0 1
1366.0 1
1369.0 2
1371.0 1
1374.0 2
1382.0 1
1386.0 1
1387.0 1
1390.0 1
1392.0 1
1393.0 3
1394.0 1
1397.0 1
1401.0 1
1402.0 1
1403.0 1
1404.0 1
1412.0 1
1413.0 1
1415.0 1
1422.0 2
1423.0 1
1425.0 1
1429.0 2
1434.0 1
1440.0 1
1442.0 1
1444.0 1
1446.0 1
1448.0 1
1449.0 1
1453.0 2
1457.0 2
1459.0 1
1464.0 2
1466.0 1
1470.0 2
1473.0 1
1475.0 2
1482.0 2
1484.0 1
1490.0 1
1497.0 1
1505.0 1
1509.0 1
1510.0 1
1511.0 1
1514.0 1
1520.0 1
1522.0 1
1525.0 1
1526.0 1
1535.0 1
1537.0 1
1539.0 1
1544.0 1
1547.0 2
1550.0 1
1553.0 2
1554.0 1
1557.0 1
1559.0 1
1563.0 2
1570.0 1
1571.0 1
1578.0 1
1579.0 2
1591.0 1
1596.0 1
1599.0 1
1604.0 1
1608.0 1
1618.0 1
1619.0 1
1620.0 2
1628.0 1
1634.0 1
1637.0 1
1642.0 1
1645.0 1
1665.0 1
1667.0 1
1669.0 1
1671.0 1
1676.0 1
1677.0 1
1684.0 1
1692.0 1
1694.0 1
1706.0 1
1709.0 1
1710.0 1
1712.0 1
1720.0 1
1730.0 1
1733.0 1
1750.0 1
1754.0 1
1762.0 1
1776.0 1
1781.0 1
1796.0 1
1801.0 1
1804.0 1
1826.0 1
1838.0 1
1844.0 1
1846.0 1
1851.0 1
1874.0 1
1886.0 1
1887.0 1
1891.0 1
1893.0 1
1895.0 1
1896.0 1
1901.0 1
1921.0 1
1942.0 1
1957.0 1
1962.0 1
1967.0 1
1975.0 1
1976.0 1
1983.0 1
1990.0 1
2026.0 1
2029.0 1
2037.0 1
2064.0 1
2066.0 1
2069.0 1
2076.0 1
2098.0 1
2116.0 1
2117.0 1
2135.0 1
2138.0 1
2140.0 1
2150.0 1
2161.0 1
2163.0 1
2225.0 1
2236.0 1
2239.0 1
2246.0 1
2266.0 1
2274.0 1
2301.0 1
2322.0 1
2373.0 1
2447.0 1
2470.0 1
2518.0 3
2519.0 8
2520.0 5
2521.0 5
2523.0 3
2524.0 1
2526.0 1
2528.0 1
2622.0 1
2661.0 1
2723.0 1
2768.0 1
3088.0 1
3210.0 1
3546.0 1
3616.0 1
3751.0 1
4463.0 1
4772.0 1
5151.0 1
