1.0 1515184
2.0 861665
3.0 584482
4.0 417952
5.0 314570
6.0 242964
7.0 195608
8.0 161206
9.0 138776
10.0 118037
11.0 101832
12.0 90351
13.0 81917
14.0 73835
15.0 67185
16.0 61618
17.0 57276
18.0 54031
19.0 50099
20.0 47643
21.0 44780
22.0 42793
23.0 41026
24.0 39268
25.0 37967
26.0 36429
27.0 34755
28.0 34278
29.0 32927
30.0 32340
31.0 30841
32.0 29972
33.0 28411
34.0 27413
35.0 26859
36.0 26283
37.0 25545
38.0 25106
39.0 24305
40.0 23346
41.0 23040
42.0 22131
43.0 21644
44.0 21005
45.0 20736
46.0 19922
47.0 19762
48.0 19280
49.0 18698
50.0 18264
51.0 18228
52.0 17676
53.0 17204
54.0 16954
55.0 16534
56.0 16106
57.0 15986
58.0 15669
59.0 15310
60.0 15019
61.0 14279
62.0 14093
63.0 13880
64.0 13717
65.0 13829
66.0 13700
67.0 12998
68.0 12968
69.0 12337
70.0 12598
71.0 12422
72.0 12420
73.0 12030
74.0 11692
75.0 11748
76.0 11405
77.0 11176
78.0 11127
79.0 10953
80.0 10664
81.0 10785
82.0 10472
83.0 9865
84.0 9866
85.0 9717
86.0 9782
87.0 9581
88.0 9886
89.0 9477
90.0 9146
91.0 9048
92.0 9025
93.0 8821
94.0 8631
95.0 8373
96.0 8285
97.0 8383
98.0 8200
99.0 8013
100.0 8001
101.0 7653
102.0 7405
103.0 7336
104.0 7525
105.0 7129
106.0 7055
107.0 7004
108.0 7030
109.0 6974
110.0 7007
111.0 6824
112.0 6860
113.0 6695
114.0 6811
115.0 6434
116.0 6232
117.0 6171
118.0 5979
119.0 5947
120.0 5935
121.0 6166
122.0 5949
123.0 5981
124.0 6082
125.0 5860
126.0 5840
127.0 5758
128.0 5638
129.0 5444
130.0 5458
131.0 5209
132.0 5124
133.0 5042
134.0 4905
135.0 5067
136.0 4731
137.0 4853
138.0 4909
139.0 4905
140.0 5067
141.0 5194
142.0 5028
143.0 4631
144.0 4442
145.0 4430
146.0 4409
147.0 4363
148.0 4094
149.0 4005
150.0 3923
151.0 4147
152.0 4021
153.0 4157
154.0 3968
155.0 4061
156.0 4241
157.0 4031
158.0 3836
159.0 3936
160.0 3703
161.0 3783
162.0 3871
163.0 3903
164.0 3970
165.0 3998
166.0 3791
167.0 3581
168.0 3556
169.0 3690
170.0 3601
171.0 3560
172.0 3502
173.0 3667
174.0 3573
175.0 3345
176.0 3732
177.0 3652
178.0 3296
179.0 3276
180.0 3168
181.0 3216
182.0 3196
183.0 3357
184.0 3048
185.0 3218
186.0 3237
187.0 3100
188.0 2923
189.0 2901
190.0 2935
191.0 2753
192.0 2738
193.0 2727
194.0 2759
195.0 2729
196.0 3006
197.0 2962
198.0 2828
199.0 2564
200.0 2523
201.0 2522
202.0 2425
203.0 2449
204.0 2429
205.0 2504
206.0 2605
207.0 2416
208.0 2649
209.0 2994
210.0 2959
211.0 2952
212.0 2704
213.0 2338
214.0 2288
215.0 2223
216.0 2146
217.0 2529
218.0 2487
219.0 2528
220.0 2857
221.0 2595
222.0 2264
223.0 2354
224.0 2307
225.0 2431
226.0 2177
227.0 2109
228.0 2056
229.0 2128
230.0 2177
231.0 2034
232.0 1996
233.0 1935
234.0 2103
235.0 1930
236.0 2039
237.0 1753
238.0 1837
239.0 1784
240.0 1972
241.0 1958
242.0 1855
243.0 1898
244.0 1733
245.0 1730
246.0 1740
247.0 1505
248.0 1424
249.0 1602
250.0 1676
251.0 1718
252.0 1659
253.0 1667
254.0 1794
255.0 1789
256.0 1751
257.0 1688
258.0 1866
259.0 1830
260.0 1654
261.0 1546
262.0 1585
263.0 1516
264.0 1512
265.0 1916
266.0 1723
267.0 1700
268.0 1552
269.0 1351
270.0 1363
271.0 1397
272.0 1448
273.0 1511
274.0 1452
275.0 1410
276.0 1665
277.0 1706
278.0 1517
279.0 1477
280.0 1511
281.0 1281
282.0 1146
283.0 1188
284.0 1150
285.0 1297
286.0 1582
287.0 1710
288.0 1762
289.0 1405
290.0 1388
291.0 1315
292.0 1123
293.0 1164
294.0 1261
295.0 1432
296.0 1522
297.0 1404
298.0 1240
299.0 1198
300.0 1202
301.0 1233
302.0 1260
303.0 1011
304.0 1011
305.0 961
306.0 872
307.0 888
308.0 965
309.0 947
310.0 1180
311.0 1042
312.0 869
313.0 866
314.0 802
315.0 864
316.0 990
317.0 928
318.0 838
319.0 769
320.0 874
321.0 932
322.0 995
323.0 1058
324.0 987
325.0 929
326.0 876
327.0 890
328.0 855
329.0 871
330.0 928
331.0 884
332.0 924
333.0 1109
334.0 1175
335.0 929
336.0 730
337.0 650
338.0 998
339.0 740
340.0 936
341.0 848
342.0 722
343.0 617
344.0 666
345.0 690
346.0 647
347.0 700
348.0 704
349.0 711
350.0 708
351.0 702
352.0 899
353.0 1174
354.0 780
355.0 744
356.0 688
357.0 700
358.0 727
359.0 717
360.0 801
361.0 825
362.0 691
363.0 672
364.0 644
365.0 695
366.0 690
367.0 750
368.0 821
369.0 774
370.0 682
371.0 779
372.0 771
373.0 849
374.0 773
375.0 646
376.0 806
377.0 1114
378.0 1006
379.0 811
380.0 781
381.0 696
382.0 612
383.0 535
384.0 502
385.0 463
386.0 436
387.0 472
388.0 959
389.0 738
390.0 721
391.0 657
392.0 688
393.0 645
394.0 567
395.0 576
396.0 583
397.0 542
398.0 494
399.0 488
400.0 481
401.0 518
402.0 594
403.0 484
404.0 413
405.0 379
406.0 430
407.0 478
408.0 599
409.0 480
410.0 396
411.0 383
412.0 440
413.0 458
414.0 651
415.0 730
416.0 534
417.0 604
418.0 551
419.0 425
420.0 563
421.0 577
422.0 418
423.0 383
424.0 356
425.0 406
426.0 602
427.0 462
428.0 442
429.0 549
430.0 546
431.0 565
432.0 703
433.0 769
434.0 602
435.0 610
436.0 556
437.0 661
438.0 514
439.0 456
440.0 380
441.0 486
442.0 501
443.0 459
444.0 410
445.0 392
446.0 520
447.0 633
448.0 544
449.0 509
450.0 431
451.0 381
452.0 327
453.0 333
454.0 305
455.0 310
456.0 278
457.0 260
458.0 275
459.0 388
460.0 403
461.0 339
462.0 521
463.0 599
464.0 492
465.0 394
466.0 380
467.0 376
468.0 387
469.0 421
470.0 355
471.0 354
472.0 374
473.0 489
474.0 468
475.0 414
476.0 291
477.0 270
478.0 265
479.0 442
480.0 485
481.0 432
482.0 399
483.0 389
484.0 656
485.0 330
486.0 286
487.0 361
488.0 373
489.0 550
490.0 400
491.0 263
492.0 301
493.0 296
494.0 251
495.0 279
496.0 306
497.0 332
498.0 384
499.0 456
500.0 365
501.0 306
502.0 252
503.0 383
504.0 403
505.0 340
506.0 315
507.0 347
508.0 304
509.0 315
510.0 277
511.0 268
512.0 251
513.0 349
514.0 459
515.0 433
516.0 374
517.0 310
518.0 331
519.0 308
520.0 465
521.0 476
522.0 337
523.0 372
524.0 293
525.0 249
526.0 204
527.0 225
528.0 281
529.0 292
530.0 265
531.0 252
532.0 392
533.0 583
534.0 369
535.0 289
536.0 235
537.0 245
538.0 214
539.0 233
540.0 206
541.0 317
542.0 364
543.0 271
544.0 420
545.0 381
546.0 464
547.0 538
548.0 514
549.0 603
550.0 653
551.0 425
552.0 321
553.0 239
554.0 244
555.0 232
556.0 192
557.0 203
558.0 179
559.0 176
560.0 153
561.0 173
562.0 340
563.0 556
564.0 512
565.0 340
566.0 219
567.0 183
568.0 175
569.0 393
570.0 560
571.0 509
572.0 446
573.0 409
574.0 280
575.0 227
576.0 172
577.0 273
578.0 246
579.0 266
580.0 250
581.0 225
582.0 189
583.0 200
584.0 179
585.0 144
586.0 351
587.0 348
588.0 262
589.0 185
590.0 356
591.0 405
592.0 246
593.0 330
594.0 301
595.0 291
596.0 239
597.0 192
598.0 197
599.0 210
600.0 217
601.0 217
602.0 305
603.0 378
604.0 332
605.0 338
606.0 288
607.0 193
608.0 173
609.0 183
610.0 179
611.0 180
612.0 150
613.0 151
614.0 137
615.0 275
616.0 293
617.0 229
618.0 232
619.0 164
620.0 157
621.0 157
622.0 123
623.0 134
624.0 119
625.0 142
626.0 123
627.0 124
628.0 130
629.0 108
630.0 114
631.0 141
632.0 133
633.0 129
634.0 116
635.0 634
636.0 507
637.0 293
638.0 167
639.0 142
640.0 148
641.0 109
642.0 102
643.0 99
644.0 115
645.0 111
646.0 109
647.0 230
648.0 362
649.0 258
650.0 162
651.0 352
652.0 436
653.0 286
654.0 214
655.0 176
656.0 144
657.0 140
658.0 141
659.0 197
660.0 174
661.0 153
662.0 150
663.0 135
664.0 149
665.0 116
666.0 105
667.0 93
668.0 93
669.0 95
670.0 98
671.0 97
672.0 86
673.0 109
674.0 192
675.0 281
676.0 272
677.0 180
678.0 214
679.0 274
680.0 237
681.0 220
682.0 154
683.0 126
684.0 116
685.0 131
686.0 113
687.0 108
688.0 95
689.0 98
690.0 98
691.0 223
692.0 336
693.0 357
694.0 281
695.0 224
696.0 157
697.0 152
698.0 139
699.0 114
700.0 116
701.0 102
702.0 94
703.0 81
704.0 90
705.0 86
706.0 302
707.0 308
708.0 270
709.0 237
710.0 196
711.0 174
712.0 136
713.0 107
714.0 121
715.0 117
716.0 103
717.0 81
718.0 88
719.0 88
720.0 75
721.0 71
722.0 76
723.0 89
724.0 74
725.0 79
726.0 79
727.0 73
728.0 81
729.0 71
730.0 117
731.0 268
732.0 248
733.0 187
734.0 135
735.0 105
736.0 98
737.0 133
738.0 131
739.0 87
740.0 93
741.0 79
742.0 84
743.0 71
744.0 68
745.0 80
746.0 73
747.0 144
748.0 223
749.0 240
750.0 202
751.0 151
752.0 94
753.0 82
754.0 83
755.0 77
756.0 79
757.0 66
758.0 66
759.0 73
760.0 61
761.0 82
762.0 61
763.0 88
764.0 178
765.0 167
766.0 174
767.0 121
768.0 267
769.0 449
770.0 214
771.0 150
772.0 121
773.0 86
774.0 88
775.0 82
776.0 81
777.0 85
778.0 85
779.0 72
780.0 54
781.0 73
782.0 61
783.0 65
784.0 76
785.0 153
786.0 212
787.0 203
788.0 165
789.0 125
790.0 100
791.0 102
792.0 89
793.0 84
794.0 70
795.0 81
796.0 64
797.0 90
798.0 118
799.0 153
800.0 91
801.0 84
802.0 92
803.0 94
804.0 81
805.0 88
806.0 92
807.0 168
808.0 313
809.0 249
810.0 152
811.0 159
812.0 103
813.0 100
814.0 81
815.0 90
816.0 58
817.0 74
818.0 54
819.0 72
820.0 69
821.0 60
822.0 66
823.0 61
824.0 60
825.0 59
826.0 65
827.0 42
828.0 60
829.0 59
830.0 65
831.0 72
832.0 62
833.0 58
834.0 54
835.0 53
836.0 51
837.0 51
838.0 51
839.0 51
840.0 56
841.0 79
842.0 76
843.0 71
844.0 56
845.0 49
846.0 68
847.0 68
848.0 69
849.0 65
850.0 71
851.0 50
852.0 50
853.0 67
854.0 49
855.0 46
856.0 27
857.0 51
858.0 36
859.0 45
860.0 40
861.0 47
862.0 46
863.0 59
864.0 48
865.0 40
866.0 58
867.0 41
868.0 48
869.0 41
870.0 59
871.0 39
872.0 38
873.0 47
874.0 43
875.0 40
876.0 63
877.0 47
878.0 38
879.0 45
880.0 51
881.0 41
882.0 47
883.0 39
884.0 45
885.0 46
886.0 32
887.0 55
888.0 45
889.0 40
890.0 50
891.0 54
892.0 51
893.0 81
894.0 188
895.0 204
896.0 210
897.0 175
898.0 110
899.0 121
900.0 109
901.0 98
902.0 78
903.0 69
904.0 57
905.0 76
906.0 58
907.0 60
908.0 72
909.0 64
910.0 58
911.0 54
912.0 40
913.0 56
914.0 53
915.0 43
916.0 39
917.0 52
918.0 51
919.0 51
920.0 52
921.0 49
922.0 53
923.0 37
924.0 46
925.0 41
926.0 39
927.0 52
928.0 48
929.0 40
930.0 42
931.0 36
932.0 37
933.0 45
934.0 44
935.0 46
936.0 51
937.0 50
938.0 40
939.0 34
940.0 35
941.0 38
942.0 42
943.0 37
944.0 35
945.0 48
946.0 34
947.0 42
948.0 34
949.0 33
950.0 39
951.0 39
952.0 33
953.0 30
954.0 31
955.0 35
956.0 42
957.0 41
958.0 33
959.0 40
960.0 42
961.0 30
962.0 29
963.0 29
964.0 35
965.0 30
966.0 37
967.0 29
968.0 37
969.0 26
970.0 36
971.0 33
972.0 27
973.0 40
974.0 25
975.0 44
976.0 30
977.0 31
978.0 31
979.0 35
980.0 22
981.0 40
982.0 38
983.0 46
984.0 34
985.0 31
986.0 39
987.0 25
988.0 39
989.0 35
990.0 53
991.0 27
992.0 36
993.0 31
994.0 30
995.0 36
996.0 27
997.0 27
998.0 38
999.0 51
1000.0 48
1001.0 45
1002.0 48
1003.0 44
1004.0 36
1005.0 40
1006.0 37
1007.0 27
1008.0 32
1009.0 31
1010.0 36
1011.0 32
1012.0 31
1013.0 29
1014.0 38
1015.0 26
1016.0 34
1017.0 37
1018.0 24
1019.0 33
1020.0 35
1021.0 38
1022.0 31
1023.0 49
1024.0 27
1025.0 37
1026.0 38
1027.0 31
1028.0 35
1029.0 38
1030.0 32
1031.0 41
1032.0 30
1033.0 42
1034.0 36
1035.0 38
1036.0 46
1037.0 29
1038.0 40
1039.0 35
1040.0 39
1041.0 35
1042.0 22
1043.0 33
1044.0 37
1045.0 31
1046.0 30
1047.0 28
1048.0 34
1049.0 39
1050.0 33
1051.0 32
1052.0 27
1053.0 33
1054.0 36
1055.0 40
1056.0 33
1057.0 41
1058.0 40
1059.0 47
1060.0 32
1061.0 33
1062.0 31
1063.0 32
1064.0 27
1065.0 34
1066.0 49
1067.0 46
1068.0 33
1069.0 28
1070.0 29
1071.0 27
1072.0 26
1073.0 33
1074.0 34
1075.0 28
1076.0 25
1077.0 24
1078.0 21
1079.0 20
1080.0 34
1081.0 36
1082.0 29
1083.0 28
1084.0 32
1085.0 27
1086.0 21
1087.0 29
1088.0 28
1089.0 30
1090.0 32
1091.0 23
1092.0 34
1093.0 25
1094.0 36
1095.0 19
1096.0 19
1097.0 30
1098.0 29
1099.0 26
1100.0 22
1101.0 33
1102.0 27
1103.0 21
1104.0 21
1105.0 21
1106.0 17
1107.0 23
1108.0 31
1109.0 26
1110.0 896
1111.0 118
1112.0 58
1113.0 29
1114.0 25
1115.0 24
1116.0 27
1117.0 24
1118.0 24
1119.0 27
1120.0 33
1121.0 27
1122.0 24
1123.0 24
1124.0 21
1125.0 29
1126.0 37
1127.0 22
1128.0 29
1129.0 27
1130.0 16
1131.0 30
1132.0 19
1133.0 27
1134.0 26
1135.0 29
1136.0 23
1137.0 19
1138.0 20
1139.0 29
1140.0 39
1141.0 27
1142.0 13
1143.0 26
1144.0 26
1145.0 35
1146.0 25
1147.0 28
1148.0 27
1149.0 31
1150.0 15
1151.0 32
1152.0 23
1153.0 32
1154.0 25
1155.0 28
1156.0 22
1157.0 21
1158.0 36
1159.0 29
1160.0 17
1161.0 22
1162.0 26
1163.0 31
1164.0 23
1165.0 20
1166.0 28
1167.0 23
1168.0 24
1169.0 16
1170.0 23
1171.0 21
1172.0 19
1173.0 20
1174.0 24
1175.0 18
1176.0 32
1177.0 20
1178.0 15
1179.0 27
1180.0 17
1181.0 34
1182.0 26
1183.0 14
1184.0 21
1185.0 21
1186.0 19
1187.0 19
1188.0 24
1189.0 16
1190.0 21
1191.0 18
1192.0 27
1193.0 27
1194.0 24
1195.0 33
1196.0 28
1197.0 28
1198.0 20
1199.0 25
1200.0 30
1201.0 18
1202.0 23
1203.0 23
1204.0 27
1205.0 30
1206.0 23
1207.0 24
1208.0 23
1209.0 26
1210.0 27
1211.0 14
1212.0 22
1213.0 30
1214.0 25
1215.0 27
1216.0 25
1217.0 25
1218.0 26
1219.0 23
1220.0 26
1221.0 20
1222.0 21
1223.0 16
1224.0 18
1225.0 22
1226.0 29
1227.0 26
1228.0 24
1229.0 21
1230.0 20
1231.0 29
1232.0 18
1233.0 28
1234.0 31
1235.0 20
1236.0 19
1237.0 21
1238.0 23
1239.0 25
1240.0 19
1241.0 16
1242.0 12
1243.0 22
1244.0 10
1245.0 28
1246.0 19
1247.0 19
1248.0 12
1249.0 13
1250.0 12
1251.0 21
1252.0 18
1253.0 15
1254.0 16
1255.0 20
1256.0 20
1257.0 25
1258.0 20
1259.0 19
1260.0 20
1261.0 18
1262.0 14
1263.0 19
1264.0 11
1265.0 14
1266.0 6
1267.0 10
1268.0 14
1269.0 14
1270.0 15
1271.0 22
1272.0 22
1273.0 13
1274.0 20
1275.0 10
1276.0 17
1277.0 23
1278.0 12
1279.0 19
1280.0 14
1281.0 9
1282.0 15
1283.0 21
1284.0 13
1285.0 23
1286.0 18
1287.0 15
1288.0 19
1289.0 23
1290.0 18
1291.0 14
1292.0 15
1293.0 16
1294.0 24
1295.0 17
1296.0 21
1297.0 17
1298.0 18
1299.0 14
1300.0 17
1301.0 22
1302.0 12
1303.0 11
1304.0 19
1305.0 12
1306.0 17
1307.0 9
1308.0 24
1309.0 22
1310.0 14
1311.0 11
1312.0 17
1313.0 12
1314.0 14
1315.0 13
1316.0 16
1317.0 16
1318.0 12
1319.0 7
1320.0 17
1321.0 18
1322.0 13
1323.0 15
1324.0 20
1325.0 17
1326.0 17
1327.0 13
1328.0 14
1329.0 13
1330.0 15
1331.0 13
1332.0 8
1333.0 14
1334.0 12
1335.0 14
1336.0 8
1337.0 17
1338.0 18
1339.0 9
1340.0 10
1341.0 26
1342.0 16
1343.0 22
1344.0 11
1345.0 15
1346.0 18
1347.0 17
1348.0 12
1349.0 15
1350.0 15
1351.0 17
1352.0 16
1353.0 11
1354.0 12
1355.0 17
1356.0 13
1357.0 12
1358.0 14
1359.0 18
1360.0 14
1361.0 20
1362.0 15
1363.0 12
1364.0 11
1365.0 19
1366.0 10
1367.0 5
1368.0 14
1369.0 14
1370.0 14
1371.0 18
1372.0 22
1373.0 15
1374.0 20
1375.0 9
1376.0 15
1377.0 16
1378.0 11
1379.0 15
1380.0 16
1381.0 12
1382.0 11
1383.0 11
1384.0 18
1385.0 15
1386.0 11
1387.0 11
1388.0 11
1389.0 11
1390.0 16
1391.0 9
1392.0 20
1393.0 10
1394.0 11
1395.0 9
1396.0 6
1397.0 12
1398.0 11
1399.0 10
1400.0 13
1401.0 8
1402.0 10
1403.0 8
1404.0 9
1405.0 20
1406.0 13
1407.0 16
1408.0 16
1409.0 11
1410.0 10
1411.0 10
1412.0 9
1413.0 18
1414.0 26
1415.0 16
1416.0 6
1417.0 11
1418.0 9
1419.0 9
1420.0 8
1421.0 11
1422.0 11
1423.0 7
1424.0 13
1425.0 14
1426.0 10
1427.0 10
1428.0 12
1429.0 9
1430.0 13
1431.0 7
1432.0 10
1433.0 17
1434.0 13
1435.0 5
1436.0 12
1437.0 10
1438.0 12
1439.0 13
1440.0 15
1441.0 12
1442.0 15
1443.0 6
1444.0 18
1445.0 12
1446.0 15
1447.0 7
1448.0 11
1449.0 21
1450.0 12
1451.0 12
1452.0 17
1453.0 10
1454.0 18
1455.0 11
1456.0 10
1457.0 7
1458.0 15
1459.0 12
1460.0 11
1461.0 6
1462.0 7
1463.0 7
1464.0 13
1465.0 12
1466.0 6
1467.0 15
1468.0 10
1469.0 13
1470.0 7
1471.0 12
1472.0 13
1473.0 8
1474.0 7
1475.0 9
1476.0 14
1477.0 11
1478.0 13
1479.0 10
1480.0 10
1481.0 11
1482.0 20
1483.0 11
1484.0 13
1485.0 15
1486.0 8
1487.0 7
1488.0 27
1489.0 14
1490.0 11
1491.0 17
1492.0 10
1493.0 13
1494.0 8
1495.0 8
1496.0 12
1497.0 12
1498.0 9
1499.0 6
1500.0 11
1501.0 8
1502.0 7
1503.0 11
1504.0 7
1505.0 12
1506.0 12
1507.0 16
1508.0 11
1509.0 18
1510.0 16
1511.0 19
1512.0 27
1513.0 20
1514.0 17
1515.0 21
1516.0 12
1517.0 13
1518.0 13
1519.0 6
1520.0 4
1521.0 13
1522.0 13
1523.0 9
1524.0 11
1525.0 18
1526.0 10
1527.0 10
1528.0 8
1529.0 9
1530.0 11
1531.0 8
1532.0 10
1533.0 15
1534.0 15
1535.0 7
1536.0 15
1537.0 9
1538.0 13
1539.0 16
1540.0 13
1541.0 8
1542.0 8
1543.0 8
1544.0 14
1545.0 9
1546.0 12
1547.0 11
1548.0 12
1549.0 11
1550.0 10
1551.0 12
1552.0 11
1553.0 9
1554.0 12
1555.0 17
1556.0 9
1557.0 6
1558.0 11
1559.0 6
1560.0 10
1561.0 8
1562.0 5
1563.0 12
1564.0 9
1565.0 12
1566.0 13
1567.0 8
1568.0 12
1569.0 10
1570.0 13
1571.0 4
1572.0 13
1573.0 11
1574.0 9
1575.0 8
1576.0 11
1577.0 9
1578.0 10
1579.0 7
1580.0 16
1581.0 8
1582.0 13
1583.0 10
1584.0 9
1585.0 6
1586.0 12
1587.0 7
1588.0 8
1589.0 8
1590.0 7
1591.0 10
1592.0 5
1593.0 11
1594.0 9
1595.0 16
1596.0 15
1597.0 11
1598.0 11
1599.0 8
1600.0 7
1601.0 10
1602.0 7
1603.0 11
1604.0 9
1605.0 8
1606.0 11
1607.0 7
1608.0 10
1609.0 6
1610.0 10
1611.0 7
1612.0 8
1613.0 7
1614.0 10
1615.0 14
1616.0 12
1617.0 2
1618.0 10
1619.0 9
1620.0 4
1621.0 9
1622.0 8
1623.0 12
1624.0 7
1625.0 12
1626.0 7
1627.0 6
1628.0 6
1629.0 8
1630.0 6
1631.0 8
1632.0 4
1633.0 11
1634.0 8
1635.0 9
1636.0 10
1637.0 3
1638.0 6
1639.0 6
1640.0 7
1641.0 4
1642.0 8
1643.0 8
1644.0 7
1645.0 6
1646.0 6
1647.0 7
1648.0 4
1649.0 8
1650.0 5
1651.0 7
1652.0 5
1653.0 11
1654.0 8
1655.0 11
1656.0 7
1657.0 6
1658.0 3
1659.0 8
1660.0 11
1661.0 4
1662.0 10
1663.0 4
1664.0 4
1665.0 8
1666.0 7
1667.0 8
1668.0 7
1669.0 7
1670.0 6
1671.0 4
1672.0 3
1673.0 6
1674.0 8
1675.0 5
1676.0 17
1677.0 9
1678.0 5
1679.0 13
1680.0 9
1681.0 11
1682.0 6
1683.0 9
1684.0 2
1685.0 6
1686.0 11
1687.0 7
1688.0 4
1689.0 6
1690.0 10
1691.0 6
1692.0 7
1693.0 7
1694.0 6
1695.0 11
1696.0 9
1697.0 9
1698.0 11
1699.0 8
1700.0 10
1701.0 8
1702.0 5
1703.0 9
1704.0 40
1705.0 6
1706.0 9
1707.0 11
1708.0 11
1709.0 8
1710.0 13
1711.0 6
1712.0 11
1713.0 6
1714.0 4
1715.0 7
1716.0 6
1717.0 8
1718.0 4
1719.0 10
1720.0 5
1721.0 4
1722.0 7
1723.0 6
1724.0 13
1725.0 9
1726.0 7
1727.0 4
1728.0 8
1729.0 12
1730.0 11
1731.0 3
1732.0 10
1733.0 4
1734.0 6
1735.0 9
1736.0 5
1737.0 7
1738.0 6
1739.0 10
1740.0 4
1741.0 4
1742.0 15
1743.0 4
1744.0 9
1745.0 10
1746.0 5
1747.0 3
1748.0 12
1749.0 3
1750.0 13
1751.0 8
1752.0 5
1753.0 4
1754.0 7
1755.0 8
1756.0 4
1757.0 9
1758.0 10
1759.0 15
1760.0 10
1761.0 5
1762.0 10
1763.0 5
1764.0 4
1765.0 3
1766.0 8
1767.0 8
1768.0 6
1769.0 6
1770.0 9
1771.0 6
1772.0 5
1773.0 4
1774.0 5
1775.0 9
1776.0 7
1777.0 5
1778.0 4
1779.0 6
1780.0 12
1781.0 5
1782.0 9
1783.0 8
1784.0 8
1785.0 11
1786.0 6
1787.0 11
1788.0 8
1789.0 12
1790.0 9
1791.0 8
1792.0 5
1793.0 8
1794.0 16
1795.0 19
1796.0 18
1797.0 22
1798.0 15
1799.0 12
1800.0 10
1801.0 14
1802.0 8
1803.0 5
1804.0 8
1805.0 7
1806.0 7
1807.0 13
1808.0 9
1809.0 8
1810.0 6
1811.0 10
1812.0 15
1813.0 4
1814.0 10
1815.0 8
1816.0 8
1817.0 6
1818.0 10
1819.0 10
1820.0 7
1821.0 7
1822.0 9
1823.0 9
1824.0 5
1825.0 7
1826.0 9
1827.0 8
1828.0 6
1829.0 2
1830.0 10
1831.0 5
1832.0 6
1833.0 10
1834.0 1
1835.0 7
1836.0 6
1837.0 7
1838.0 6
1839.0 3
1840.0 6
1841.0 6
1842.0 1
1843.0 5
1844.0 8
1845.0 5
1846.0 5
1847.0 10
1848.0 7
1849.0 7
1850.0 5
1851.0 10
1852.0 4
1853.0 11
1854.0 4
1855.0 6
1856.0 4
1857.0 10
1858.0 3
1859.0 3
1860.0 4
1861.0 8
1862.0 6
1863.0 9
1864.0 6
1865.0 9
1866.0 6
1867.0 9
1868.0 7
1869.0 5
1870.0 5
1871.0 5
1872.0 6
1873.0 8
1874.0 7
1875.0 5
1876.0 2
1877.0 3
1878.0 9
1879.0 4
1880.0 11
1881.0 5
1882.0 3
1883.0 8
1884.0 15
1885.0 13
1886.0 14
1887.0 14
1888.0 11
1889.0 13
1890.0 7
1891.0 15
1892.0 5
1893.0 15
1894.0 14
1895.0 14
1896.0 13
1897.0 15
1898.0 12
1899.0 9
1900.0 10
1901.0 10
1902.0 14
1903.0 6
1904.0 14
1905.0 6
1906.0 6
1907.0 8
1908.0 11
1909.0 11
1910.0 11
1911.0 7
1912.0 12
1913.0 5
1914.0 5
1915.0 16
1916.0 7
1917.0 3
1918.0 12
1919.0 4
1920.0 7
1921.0 6
1922.0 10
1923.0 6
1924.0 11
1925.0 5
1926.0 10
1927.0 8
1928.0 11
1929.0 6
1930.0 9
1931.0 7
1932.0 4
1933.0 8
1934.0 12
1935.0 5
1936.0 13
1937.0 6
1938.0 7
1939.0 7
1940.0 10
1941.0 8
1942.0 7
1943.0 6
1944.0 8
1945.0 7
1946.0 6
1947.0 4
1948.0 4
1949.0 10
1950.0 4
1951.0 11
1952.0 4
1953.0 9
1954.0 12
1955.0 8
1956.0 9
1957.0 5
1958.0 4
1959.0 6
1960.0 4
1961.0 2
1962.0 9
1963.0 3
1964.0 8
1965.0 9
1966.0 12
1967.0 7
1968.0 9
1969.0 5
1970.0 5
1971.0 9
1972.0 3
1973.0 2
1974.0 5
1975.0 5
1976.0 2
1977.0 11
1978.0 4
1979.0 8
1980.0 4
1981.0 4
1982.0 3
1983.0 4
1984.0 4
1985.0 6
1986.0 7
1987.0 5
1988.0 2
1989.0 4
1990.0 5
1991.0 9
1992.0 4
1993.0 2
1994.0 1
1995.0 5
1996.0 4
1997.0 5
1998.0 3
1999.0 8
2000.0 3
2001.0 3
2002.0 2
2003.0 2
2004.0 5
2005.0 2
2006.0 1
2007.0 3
2008.0 4
2009.0 8
2010.0 10
2011.0 3
2012.0 4
2013.0 4
2014.0 4
2015.0 8
2016.0 5
2017.0 8
2018.0 9
2019.0 4
2020.0 3
2021.0 5
2022.0 8
2023.0 6
2024.0 8
2025.0 2
2026.0 9
2027.0 4
2028.0 4
2029.0 8
2030.0 4
2031.0 4
2032.0 7
2033.0 8
2034.0 3
2035.0 4
2036.0 3
2037.0 4
2038.0 3
2039.0 5
2040.0 8
2041.0 3
2042.0 4
2043.0 12
2044.0 4
2045.0 2
2046.0 6
2047.0 4
2048.0 6
2049.0 3
2050.0 4
2051.0 3
2052.0 7
2053.0 3
2054.0 2
2055.0 5
2056.0 7
2057.0 1
2058.0 5
2059.0 6
2060.0 5
2061.0 7
2062.0 5
2063.0 4
2064.0 3
2065.0 2
2066.0 4
2067.0 5
2068.0 4
2069.0 6
2070.0 2
2071.0 4
2072.0 6
2073.0 7
2074.0 4
2075.0 4
2076.0 3
2077.0 2
2078.0 6
2079.0 1
2080.0 6
2081.0 5
2082.0 5
2083.0 3
2084.0 3
2085.0 2
2086.0 6
2087.0 11
2088.0 4
2089.0 4
2090.0 6
2091.0 5
2092.0 7
2093.0 7
2094.0 4
2095.0 6
2096.0 3
2097.0 4
2098.0 6
2099.0 4
2100.0 4
2101.0 2
2102.0 3
2103.0 8
2104.0 3
2105.0 8
2106.0 2
2107.0 3
2108.0 6
2109.0 4
2110.0 3
2111.0 2
2112.0 5
2113.0 6
2114.0 8
2115.0 3
2116.0 4
2117.0 3
2118.0 1
2119.0 7
2120.0 3
2121.0 4
2122.0 2
2123.0 3
2124.0 2
2125.0 4
2126.0 10
2127.0 5
2128.0 4
2129.0 2
2130.0 9
2131.0 4
2132.0 3
2133.0 5
2134.0 1
2135.0 2
2136.0 6
2137.0 3
2138.0 5
2139.0 6
2140.0 7
2141.0 1
2142.0 5
2143.0 9
2144.0 5
2145.0 11
2146.0 7
2147.0 8
2148.0 3
2149.0 5
2150.0 5
2151.0 2
2152.0 10
2153.0 4
2154.0 3
2155.0 6
2156.0 2
2157.0 3
2158.0 4
2159.0 5
2160.0 3
2161.0 5
2162.0 7
2163.0 3
2164.0 3
2165.0 2
2166.0 9
2167.0 5
2168.0 1
2169.0 7
2170.0 2
2171.0 2
2172.0 4
2173.0 3
2174.0 9
2175.0 3
2176.0 5
2177.0 5
2178.0 4
2179.0 2
2180.0 7
2181.0 6
2182.0 3
2183.0 4
2184.0 6
2185.0 4
2186.0 4
2187.0 4
2188.0 3
2189.0 2
2190.0 5
2191.0 6
2192.0 3
2193.0 6
2194.0 6
2195.0 5
2196.0 2
2197.0 5
2198.0 3
2199.0 4
2200.0 3
2201.0 2
2202.0 4
2203.0 3
2204.0 4
2205.0 3
2206.0 1
2207.0 5
2208.0 3
2209.0 1
2210.0 1
2211.0 3
2212.0 1
2213.0 2
2214.0 1
2215.0 2
2216.0 6
2217.0 3
2218.0 2
2219.0 8
2220.0 8
2221.0 1
2222.0 3
2223.0 5
2224.0 7
2225.0 4
2227.0 6
2228.0 1
2229.0 3
2230.0 2
2231.0 4
2232.0 2
2233.0 4
2234.0 2
2235.0 4
2236.0 1
2237.0 3
2238.0 3
2239.0 4
2240.0 3
2241.0 3
2242.0 4
2243.0 5
2244.0 6
2245.0 6
2246.0 3
2247.0 1
2248.0 3
2249.0 3
2250.0 3
2251.0 5
2252.0 4
2253.0 2
2254.0 6
2255.0 4
2256.0 3
2257.0 2
2258.0 2
2259.0 7
2260.0 4
2261.0 4
2262.0 3
2263.0 2
2264.0 4
2266.0 3
2267.0 2
2268.0 2
2269.0 2
2270.0 7
2271.0 2
2272.0 6
2273.0 7
2274.0 3
2275.0 3
2276.0 3
2277.0 4
2278.0 3
2279.0 3
2280.0 3
2281.0 6
2282.0 2
2283.0 1
2284.0 8
2285.0 3
2286.0 5
2287.0 3
2288.0 6
2291.0 4
2292.0 4
2293.0 2
2294.0 4
2295.0 3
2296.0 5
2297.0 3
2298.0 3
2299.0 3
2300.0 3
2301.0 3
2302.0 3
2303.0 6
2304.0 4
2305.0 4
2306.0 1
2307.0 4
2308.0 1
2309.0 3
2310.0 3
2311.0 3
2315.0 4
2316.0 6
2317.0 4
2318.0 3
2319.0 1
2320.0 3
2321.0 3
2322.0 1
2323.0 6
2324.0 6
2325.0 7
2326.0 3
2327.0 5
2328.0 1
2329.0 4
2330.0 4
2331.0 3
2332.0 1
2333.0 6
2334.0 1
2335.0 3
2336.0 6
2337.0 4
2338.0 2
2340.0 1
2341.0 4
2342.0 4
2343.0 1
2344.0 1
2345.0 2
2346.0 5
2347.0 2
2348.0 6
2349.0 5
2350.0 5
2352.0 5
2353.0 3
2354.0 4
2355.0 6
2357.0 4
2358.0 3
2359.0 1
2360.0 7
2362.0 4
2363.0 6
2364.0 2
2365.0 1
2366.0 1
2367.0 2
2368.0 4
2369.0 2
2370.0 1
2371.0 2
2372.0 3
2373.0 7
2374.0 3
2375.0 4
2376.0 4
2377.0 3
2378.0 5
2379.0 1
2380.0 2
2381.0 4
2382.0 8
2383.0 6
2384.0 5
2385.0 3
2386.0 5
2387.0 3
2388.0 1
2389.0 5
2390.0 2
2391.0 4
2392.0 5
2393.0 5
2394.0 5
2395.0 5
2396.0 4
2397.0 1
2398.0 4
2399.0 1
2400.0 3
2401.0 2
2402.0 4
2403.0 2
2404.0 3
2405.0 3
2406.0 6
2407.0 1
2408.0 6
2409.0 2
2410.0 2
2411.0 1
2412.0 5
2413.0 3
2414.0 2
2415.0 1
2416.0 2
2417.0 1
2419.0 4
2420.0 3
2421.0 7
2422.0 4
2423.0 4
2424.0 5
2425.0 4
2426.0 4
2427.0 2
2428.0 5
2429.0 6
2430.0 4
2431.0 2
2432.0 3
2433.0 2
2434.0 2
2435.0 3
2436.0 5
2437.0 4
2438.0 2
2439.0 2
2440.0 4
2441.0 2
2442.0 2
2443.0 5
2444.0 3
2445.0 2
2446.0 2
2447.0 3
2448.0 5
2449.0 3
2450.0 3
2451.0 2
2452.0 2
2453.0 3
2454.0 1
2455.0 2
2456.0 4
2457.0 2
2458.0 2
2459.0 1
2460.0 2
2461.0 1
2462.0 5
2464.0 2
2466.0 4
2467.0 4
2468.0 4
2469.0 3
2470.0 4
2471.0 1
2472.0 4
2473.0 1
2474.0 3
2475.0 2
2476.0 3
2477.0 1
2478.0 1
2479.0 2
2480.0 4
2481.0 1
2482.0 4
2483.0 1
2484.0 3
2485.0 3
2486.0 5
2487.0 2
2488.0 3
2489.0 2
2490.0 24
2491.0 3
2492.0 3
2493.0 1
2494.0 1
2495.0 4
2496.0 4
2497.0 1
2498.0 4
2499.0 1
2500.0 5
2501.0 6
2502.0 4
2503.0 2
2504.0 3
2506.0 3
2507.0 4
2508.0 3
2509.0 4
2511.0 2
2512.0 4
2513.0 5
2515.0 1
2516.0 1
2517.0 4
2518.0 1
2519.0 2
2520.0 2
2521.0 2
2522.0 2
2523.0 3
2524.0 3
2525.0 1
2526.0 2
2527.0 3
2528.0 3
2530.0 2
2531.0 6
2532.0 3
2533.0 4
2534.0 3
2535.0 3
2536.0 2
2537.0 1
2538.0 2
2539.0 4
2540.0 1
2541.0 1
2543.0 2
2544.0 2
2546.0 2
2547.0 1
2548.0 3
2549.0 5
2550.0 2
2551.0 2
2552.0 1
2553.0 2
2554.0 4
2555.0 3
2556.0 1
2557.0 3
2558.0 2
2559.0 2
2560.0 3
2561.0 3
2562.0 1
2563.0 3
2564.0 3
2565.0 4
2566.0 3
2568.0 7
2569.0 1
2570.0 4
2571.0 1
2573.0 1
2574.0 3
2576.0 6
2577.0 1
2578.0 3
2579.0 1
2580.0 4
2581.0 4
2582.0 1
2583.0 3
2584.0 4
2585.0 1
2586.0 2
2587.0 1
2588.0 3
2589.0 1
2590.0 3
2591.0 3
2592.0 2
2593.0 2
2594.0 2
2596.0 2
2598.0 2
2599.0 2
2600.0 5
2601.0 1
2602.0 1
2603.0 4
2604.0 1
2606.0 3
2607.0 3
2608.0 1
2609.0 2
2610.0 5
2611.0 5
2612.0 2
2614.0 1
2615.0 4
2616.0 2
2617.0 2
2618.0 2
2619.0 1
2620.0 3
2621.0 3
2623.0 2
2624.0 4
2625.0 3
2626.0 3
2627.0 3
2628.0 4
2629.0 6
2630.0 3
2631.0 2
2632.0 2
2633.0 3
2634.0 1
2635.0 1
2636.0 3
2637.0 2
2638.0 2
2639.0 4
2640.0 2
2641.0 3
2642.0 1
2643.0 4
2644.0 1
2645.0 4
2646.0 2
2647.0 3
2648.0 2
2649.0 3
2651.0 5
2652.0 1
2653.0 3
2654.0 4
2655.0 1
2656.0 3
2657.0 3
2658.0 3
2659.0 2
2660.0 1
2661.0 2
2662.0 3
2663.0 1
2664.0 6
2665.0 1
2666.0 4
2667.0 3
2668.0 3
2669.0 2
2670.0 4
2672.0 1
2673.0 1
2674.0 3
2675.0 3
2676.0 4
2678.0 1
2679.0 6
2680.0 3
2681.0 3
2682.0 6
2683.0 3
2684.0 2
2685.0 2
2686.0 3
2688.0 4
2689.0 17
2690.0 11
2691.0 19
2692.0 12
2693.0 16
2694.0 14
2695.0 14
2696.0 16
2697.0 18
2698.0 12
2699.0 7
2700.0 10
2701.0 11
2702.0 11
2703.0 8
2704.0 11
2705.0 12
2706.0 6
2707.0 5
2708.0 5
2709.0 9
2710.0 4
2711.0 5
2712.0 3
2713.0 7
2714.0 3
2715.0 4
2716.0 3
2717.0 4
2718.0 7
2719.0 1
2720.0 3
2721.0 3
2722.0 2
2723.0 6
2724.0 3
2725.0 4
2726.0 8
2727.0 4
2728.0 5
2729.0 5
2730.0 2
2731.0 3
2732.0 2
2733.0 4
2734.0 1
2735.0 2
2736.0 1
2737.0 2
2738.0 6
2739.0 3
2740.0 2
2741.0 1
2742.0 1
2743.0 2
2744.0 4
2745.0 6
2746.0 4
2747.0 3
2748.0 3
2749.0 2
2750.0 4
2751.0 1
2752.0 1
2753.0 5
2755.0 3
2756.0 2
2757.0 6
2758.0 1
2759.0 2
2760.0 5
2761.0 2
2762.0 2
2763.0 2
2764.0 2
2765.0 1
2766.0 1
2767.0 1
2768.0 1
2769.0 2
2770.0 4
2772.0 3
2773.0 1
2774.0 1
2775.0 2
2777.0 1
2778.0 5
2780.0 4
2781.0 3
2782.0 1
2783.0 1
2785.0 2
2786.0 1
2787.0 2
2788.0 2
2791.0 3
2792.0 2
2793.0 3
2794.0 6
2795.0 2
2796.0 4
2797.0 2
2798.0 4
2799.0 2
2800.0 2
2801.0 5
2802.0 1
2803.0 4
2804.0 3
2805.0 1
2806.0 4
2808.0 1
2809.0 1
2810.0 3
2811.0 1
2812.0 3
2813.0 4
2814.0 4
2815.0 4
2816.0 1
2817.0 3
2818.0 2
2819.0 1
2820.0 2
2821.0 4
2822.0 3
2823.0 1
2824.0 2
2825.0 3
2826.0 1
2827.0 2
2828.0 6
2829.0 1
2830.0 1
2831.0 4
2832.0 4
2833.0 3
2834.0 2
2835.0 3
2836.0 2
2837.0 1
2839.0 4
2840.0 2
2841.0 1
2842.0 1
2843.0 2
2845.0 3
2847.0 2
2848.0 1
2849.0 2
2851.0 2
2852.0 2
2853.0 2
2854.0 1
2855.0 4
2856.0 1
2857.0 3
2859.0 1
2860.0 4
2861.0 2
2862.0 2
2864.0 2
2865.0 3
2866.0 3
2867.0 4
2868.0 2
2869.0 3
2870.0 2
2871.0 6
2872.0 4
2873.0 2
2874.0 2
2875.0 2
2876.0 4
2879.0 2
2880.0 1
2881.0 2
2882.0 2
2883.0 2
2884.0 5
2885.0 2
2888.0 2
2889.0 2
2890.0 1
2891.0 2
2892.0 4
2894.0 2
2896.0 1
2898.0 1
2899.0 2
2900.0 12
2901.0 17
2902.0 11
2903.0 11
2904.0 19
2905.0 16
2906.0 9
2907.0 6
2908.0 5
2909.0 3
2910.0 6
2911.0 7
2912.0 3
2913.0 5
2914.0 2
2915.0 6
2916.0 2
2917.0 1
2918.0 4
2919.0 3
2920.0 1
2921.0 2
2922.0 2
2923.0 3
2924.0 1
2925.0 2
2926.0 1
2927.0 2
2928.0 2
2929.0 3
2930.0 2
2931.0 4
2933.0 1
2934.0 2
2935.0 1
2937.0 4
2940.0 3
2941.0 1
2942.0 2
2943.0 3
2944.0 2
2945.0 1
2946.0 5
2947.0 3
2949.0 2
2951.0 1
2952.0 1
2953.0 1
2954.0 2
2955.0 1
2956.0 3
2957.0 3
2958.0 1
2959.0 3
2960.0 5
2961.0 2
2962.0 2
2963.0 1
2964.0 3
2965.0 5
2966.0 2
2967.0 1
2968.0 5
2969.0 4
2971.0 2
2973.0 2
2974.0 2
2975.0 2
2977.0 2
2978.0 2
2979.0 1
2980.0 1
2983.0 1
2984.0 1
2986.0 3
2987.0 1
2988.0 1
2989.0 1
2990.0 4
2991.0 1
2993.0 1
2994.0 4
2996.0 2
3000.0 1
3002.0 3
3003.0 2
3004.0 3
3005.0 2
3006.0 4
3007.0 1
3008.0 2
3009.0 4
3010.0 2
3011.0 2
3012.0 4
3014.0 2
3015.0 1
3017.0 1
3018.0 2
3020.0 3
3021.0 3
3022.0 2
3023.0 1
3024.0 1
3026.0 1
3027.0 1
3028.0 4
3029.0 4
3030.0 4
3031.0 3
3032.0 14
3033.0 28
3034.0 36
3035.0 23
3036.0 21
3037.0 9
3038.0 6
3039.0 6
3040.0 5
3041.0 3
3042.0 3
3043.0 2
3044.0 2
3045.0 1
3046.0 1
3048.0 2
3049.0 1
3050.0 3
3052.0 2
3053.0 2
3054.0 2
3055.0 2
3056.0 1
3057.0 1
3058.0 2
3059.0 1
3060.0 2
3061.0 2
3063.0 3
3064.0 6
3065.0 2
3066.0 2
3067.0 2
3069.0 1
3070.0 1
3071.0 1
3072.0 2
3073.0 4
3076.0 2
3077.0 2
3078.0 5
3079.0 1
3080.0 1
3081.0 1
3082.0 1
3083.0 1
3084.0 2
3085.0 1
3086.0 1
3087.0 2
3088.0 2
3089.0 1
3090.0 3
3091.0 1
3093.0 3
3094.0 1
3097.0 1
3098.0 1
3099.0 3
3100.0 1
3101.0 2
3102.0 1
3104.0 1
3105.0 3
3106.0 1
3107.0 3
3108.0 1
3109.0 2
3110.0 4
3111.0 4
3112.0 4
3113.0 1
3114.0 2
3115.0 2
3116.0 1
3117.0 1
3118.0 2
3119.0 4
3122.0 1
3123.0 1
3124.0 3
3125.0 2
3126.0 6
3127.0 1
3128.0 3
3130.0 4
3131.0 2
3132.0 1
3133.0 1
3134.0 2
3135.0 2
3137.0 2
3138.0 3
3140.0 2
3141.0 3
3142.0 2
3143.0 1
3145.0 4
3149.0 2
3151.0 3
3152.0 3
3153.0 2
3154.0 1
3155.0 1
3156.0 1
3157.0 1
3158.0 1
3159.0 1
3160.0 1
3161.0 1
3162.0 2
3163.0 1
3164.0 2
3166.0 2
3167.0 2
3168.0 2
3169.0 1
3170.0 4
3171.0 3
3172.0 1
3173.0 1
3174.0 4
3177.0 3
3179.0 1
3180.0 1
3184.0 2
3185.0 1
3186.0 1
3187.0 4
3188.0 2
3189.0 1
3190.0 1
3192.0 2
3193.0 2
3195.0 1
3196.0 1
3197.0 2
3199.0 2
3200.0 1
3201.0 2
3206.0 1
3207.0 4
3211.0 3
3212.0 5
3213.0 21
3214.0 9
3215.0 13
3216.0 4
3217.0 8
3218.0 7
3219.0 4
3220.0 3
3221.0 7
3222.0 3
3224.0 4
3226.0 3
3227.0 5
3228.0 3
3229.0 2
3230.0 3
3231.0 3
3232.0 3
3233.0 1
3235.0 2
3236.0 4
3237.0 2
3238.0 1
3239.0 3
3241.0 4
3242.0 2
3243.0 1
3244.0 4
3246.0 1
3247.0 2
3248.0 2
3250.0 1
3251.0 4
3252.0 1
3253.0 2
3255.0 2
3257.0 2
3259.0 3
3260.0 1
3261.0 5
3263.0 2
3264.0 1
3266.0 3
3267.0 4
3268.0 3
3270.0 2
3271.0 3
3272.0 1
3273.0 3
3274.0 1
3275.0 5
3277.0 3
3278.0 2
3279.0 3
3280.0 5
3281.0 1
3282.0 1
3283.0 1
3284.0 1
3285.0 1
3286.0 2
3288.0 1
3289.0 2
3290.0 1
3292.0 1
3293.0 2
3294.0 1
3296.0 1
3297.0 3
3298.0 1
3301.0 1
3302.0 1
3305.0 3
3306.0 1
3307.0 1
3309.0 1
3310.0 1
3314.0 1
3315.0 6
3317.0 1
3318.0 2
3320.0 1
3321.0 3
3322.0 3
3323.0 3
3324.0 4
3325.0 2
3326.0 1
3327.0 1
3328.0 1
3329.0 1
3330.0 2
3331.0 2
3332.0 2
3334.0 2
3335.0 1
3336.0 2
3337.0 1
3338.0 3
3339.0 1
3340.0 3
3342.0 2
3343.0 2
3344.0 1
3345.0 1
3346.0 1
3347.0 1
3348.0 1
3349.0 2
3350.0 2
3351.0 1
3353.0 3
3354.0 2
3355.0 2
3358.0 1
3359.0 5
3360.0 2
3361.0 1
3363.0 2
3364.0 1
3366.0 3
3367.0 3
3368.0 6
3369.0 2
3370.0 1
3371.0 1
3374.0 3
3375.0 2
3376.0 1
3377.0 2
3378.0 1
3379.0 2
3380.0 6
3381.0 1
3382.0 2
3383.0 3
3384.0 1
3385.0 2
3386.0 2
3387.0 1
3388.0 2
3389.0 2
3390.0 2
3392.0 1
3393.0 2
3394.0 2
3395.0 1
3397.0 1
3399.0 1
3400.0 1
3401.0 1
3402.0 3
3403.0 1
3404.0 1
3407.0 2
3408.0 3
3409.0 2
3410.0 3
3411.0 2
3412.0 3
3413.0 1
3414.0 1
3416.0 1
3417.0 1
3419.0 2
3420.0 3
3421.0 1
3422.0 3
3425.0 1
3426.0 3
3427.0 2
3429.0 1
3430.0 1
3431.0 1
3432.0 1
3434.0 1
3435.0 2
3438.0 2
3439.0 2
3441.0 2
3445.0 2
3446.0 2
3447.0 4
3448.0 1
3449.0 1
3450.0 1
3452.0 2
3453.0 1
3454.0 3
3456.0 2
3461.0 3
3462.0 2
3464.0 2
3465.0 3
3466.0 1
3467.0 3
3468.0 1
3469.0 4
3470.0 4
3471.0 2
3472.0 2
3473.0 3
3474.0 3
3475.0 2
3476.0 1
3477.0 4
3478.0 2
3479.0 2
3480.0 1
3481.0 1
3482.0 1
3484.0 1
3485.0 2
3486.0 1
3487.0 2
3489.0 2
3491.0 1
3492.0 3
3493.0 1
3494.0 1
3495.0 2
3496.0 3
3497.0 2
3499.0 2
3500.0 1
3501.0 3
3502.0 1
3503.0 1
3504.0 4
3505.0 3
3507.0 2
3508.0 1
3509.0 1
3510.0 1
3511.0 2
3512.0 3
3513.0 4
3514.0 4
3515.0 5
3516.0 4
3517.0 3
3519.0 3
3521.0 1
3522.0 2
3523.0 2
3524.0 2
3525.0 2
3526.0 1
3527.0 1
3529.0 4
3530.0 1
3531.0 1
3532.0 1
3533.0 1
3534.0 1
3535.0 1
3536.0 1
3538.0 2
3539.0 3
3541.0 1
3542.0 2
3543.0 4
3544.0 2
3545.0 1
3547.0 2
3549.0 2
3550.0 2
3551.0 3
3553.0 1
3557.0 1
3558.0 2
3559.0 2
3560.0 2
3561.0 5
3563.0 1
3564.0 2
3566.0 1
3567.0 1
3568.0 1
3569.0 1
3570.0 1
3572.0 2
3573.0 2
3574.0 1
3575.0 1
3576.0 1
3577.0 1
3579.0 1
3580.0 2
3581.0 1
3582.0 2
3583.0 1
3584.0 2
3585.0 1
3590.0 2
3592.0 1
3593.0 2
3594.0 2
3596.0 1
3597.0 2
3598.0 3
3599.0 2
3604.0 2
3605.0 1
3608.0 4
3609.0 1
3611.0 1
3613.0 1
3614.0 2
3615.0 2
3616.0 2
3617.0 1
3619.0 3
3620.0 1
3621.0 1
3622.0 2
3623.0 1
3625.0 1
3626.0 1
3627.0 3
3628.0 1
3630.0 3
3633.0 1
3634.0 2
3636.0 2
3637.0 2
3639.0 2
3640.0 2
3641.0 2
3644.0 1
3645.0 1
3646.0 3
3647.0 2
3648.0 1
3650.0 2
3652.0 1
3653.0 1
3654.0 2
3655.0 2
3656.0 1
3657.0 2
3658.0 2
3660.0 2
3661.0 1
3665.0 1
3666.0 1
3669.0 1
3671.0 2
3673.0 3
3675.0 1
3676.0 3
3677.0 1
3679.0 4
3681.0 2
3682.0 1
3683.0 1
3684.0 1
3685.0 1
3687.0 1
3689.0 2
3691.0 1
3692.0 1
3693.0 2
3694.0 1
3695.0 2
3696.0 1
3697.0 1
3699.0 2
3700.0 4
3701.0 1
3704.0 1
3706.0 1
3708.0 1
3709.0 1
3711.0 2
3712.0 3
3713.0 3
3714.0 1
3715.0 2
3716.0 2
3717.0 2
3718.0 1
3719.0 1
3720.0 1
3722.0 2
3723.0 2
3724.0 2
3725.0 1
3729.0 1
3730.0 2
3731.0 1
3734.0 2
3736.0 1
3737.0 2
3738.0 2
3739.0 2
3741.0 2
3742.0 4
3743.0 2
3744.0 3
3745.0 1
3746.0 2
3747.0 1
3748.0 1
3749.0 2
3750.0 1
3751.0 1
3753.0 1
3754.0 1
3755.0 1
3756.0 1
3757.0 1
3758.0 4
3759.0 1
3761.0 1
3762.0 1
3764.0 1
3770.0 1
3775.0 1
3778.0 2
3779.0 1
3780.0 2
3781.0 2
3782.0 1
3784.0 1
3786.0 1
3787.0 5
3788.0 1
3789.0 3
3790.0 1
3791.0 1
3792.0 2
3793.0 1
3794.0 2
3796.0 1
3798.0 1
3799.0 1
3801.0 1
3803.0 2
3804.0 3
3807.0 1
3808.0 4
3811.0 3
3813.0 2
3815.0 3
3818.0 1
3819.0 1
3820.0 3
3821.0 1
3822.0 2
3824.0 1
3825.0 1
3826.0 1
3829.0 2
3830.0 1
3833.0 1
3834.0 1
3835.0 2
3836.0 1
3838.0 1
3839.0 2
3841.0 1
3843.0 1
3845.0 1
3846.0 1
3849.0 1
3851.0 6
3855.0 3
3856.0 1
3859.0 2
3861.0 1
3862.0 1
3863.0 1
3864.0 1
3865.0 1
3866.0 2
3867.0 1
3869.0 2
3870.0 2
3871.0 3
3872.0 3
3873.0 1
3876.0 4
3877.0 1
3880.0 1
3881.0 2
3883.0 2
3887.0 2
3888.0 1
3889.0 2
3892.0 1
3895.0 1
3897.0 2
3898.0 2
3899.0 2
3900.0 1
3901.0 1
3902.0 1
3905.0 1
3906.0 2
3908.0 2
3910.0 1
3911.0 1
3912.0 1
3913.0 2
3915.0 1
3917.0 1
3918.0 4
3921.0 1
3929.0 2
3930.0 1
3931.0 1
3932.0 3
3933.0 1
3935.0 1
3936.0 1
3937.0 1
3938.0 1
3939.0 2
3940.0 1
3943.0 2
3946.0 1
3948.0 1
3949.0 1
3951.0 1
3952.0 3
3956.0 1
3957.0 2
3959.0 1
3960.0 1
3961.0 1
3964.0 3
3965.0 1
3967.0 2
3968.0 2
3969.0 1
3971.0 2
3974.0 2
3977.0 1
3979.0 1
3980.0 2
3982.0 1
3983.0 2
3986.0 1
3988.0 1
3990.0 2
3991.0 1
3992.0 1
3994.0 1
3995.0 1
3998.0 1
3999.0 1
4000.0 1
4001.0 1
4002.0 2
4005.0 2
4010.0 1
4013.0 3
4014.0 1
4015.0 2
4016.0 1
4017.0 1
4019.0 1
4021.0 1
4024.0 2
4026.0 2
4027.0 2
4029.0 2
4030.0 1
4031.0 1
4032.0 1
4034.0 1
4036.0 3
4037.0 1
4038.0 1
4039.0 1
4040.0 2
4046.0 1
4047.0 1
4055.0 1
4056.0 1
4061.0 1
4062.0 1
4063.0 1
4065.0 1
4067.0 1
4068.0 1
4071.0 2
4072.0 2
4073.0 1
4074.0 1
4075.0 2
4077.0 3
4078.0 1
4079.0 1
4081.0 1
4082.0 2
4083.0 1
4084.0 3
4085.0 1
4086.0 2
4088.0 1
4091.0 1
4093.0 2
4094.0 1
4095.0 2
4098.0 1
4099.0 1
4100.0 1
4104.0 2
4105.0 4
4110.0 1
4113.0 2
4114.0 3
4116.0 1
4121.0 1
4122.0 1
4124.0 2
4125.0 1
4128.0 1
4132.0 4
4133.0 1
4134.0 1
4135.0 1
4138.0 1
4141.0 1
4142.0 1
4143.0 1
4148.0 1
4149.0 1
4153.0 1
4154.0 1
4158.0 2
4160.0 3
4161.0 1
4162.0 1
4166.0 2
4167.0 1
4172.0 1
4176.0 1
4178.0 1
4179.0 1
4180.0 1
4182.0 1
4183.0 2
4184.0 1
4188.0 1
4189.0 3
4193.0 1
4194.0 1
4197.0 2
4199.0 1
4200.0 1
4202.0 1
4204.0 1
4208.0 1
4209.0 1
4210.0 1
4212.0 1
4214.0 2
4215.0 1
4216.0 1
4221.0 1
4222.0 1
4224.0 2
4227.0 2
4228.0 4
4229.0 5
4230.0 9
4231.0 9
4232.0 6
4233.0 6
4234.0 7
4235.0 2
4236.0 1
4237.0 2
4238.0 2
4239.0 2
4240.0 1
4241.0 1
4242.0 1
4243.0 3
4244.0 1
4246.0 1
4247.0 2
4249.0 3
4250.0 3
4251.0 1
4253.0 2
4255.0 1
4256.0 2
4260.0 1
4261.0 2
4262.0 1
4265.0 1
4269.0 1
4271.0 1
4272.0 1
4277.0 1
4279.0 2
4281.0 1
4282.0 2
4283.0 2
4284.0 2
4285.0 4
4287.0 1
4289.0 1
4290.0 2
4292.0 1
4293.0 1
4294.0 1
4295.0 2
4297.0 2
4298.0 1
4299.0 3
4301.0 1
4302.0 1
4303.0 1
4304.0 3
4311.0 2
4312.0 2
4313.0 2
4314.0 4
4317.0 2
4323.0 1
4326.0 1
4327.0 1
4328.0 2
4329.0 1
4330.0 2
4332.0 2
4333.0 1
4334.0 1
4336.0 1
4337.0 3
4338.0 1
4339.0 2
4340.0 2
4341.0 3
4342.0 2
4344.0 1
4345.0 1
4348.0 2
4352.0 1
4353.0 1
4355.0 1
4359.0 1
4360.0 1
4362.0 2
4363.0 4
4364.0 2
4366.0 1
4368.0 1
4369.0 1
4370.0 1
4371.0 2
4372.0 3
4373.0 2
4374.0 2
4375.0 1
4379.0 1
4381.0 1
4382.0 2
4384.0 2
4386.0 1
4388.0 1
4389.0 3
4390.0 1
4392.0 1
4394.0 1
4396.0 1
4398.0 1
4400.0 1
4407.0 1
4409.0 2
4411.0 1
4413.0 1
4415.0 1
4416.0 1
4417.0 1
4419.0 1
4420.0 3
4421.0 2
4423.0 2
4427.0 1
4428.0 1
4433.0 1
4434.0 3
4435.0 2
4436.0 2
4437.0 2
4440.0 1
4442.0 1
4443.0 1
4444.0 1
4452.0 1
4454.0 1
4455.0 1
4458.0 3
4459.0 3
4464.0 1
4466.0 1
4467.0 1
4469.0 1
4470.0 1
4472.0 1
4474.0 1
4476.0 2
4477.0 1
4479.0 2
4480.0 3
4481.0 1
4482.0 3
4484.0 1
4486.0 1
4488.0 1
4490.0 1
4493.0 1
4495.0 1
4496.0 1
4498.0 1
4499.0 2
4500.0 2
4506.0 1
4507.0 1
4509.0 1
4510.0 1
4512.0 1
4514.0 1
4515.0 2
4518.0 1
4523.0 1
4524.0 1
4530.0 1
4532.0 1
4533.0 2
4534.0 1
4537.0 2
4538.0 1
4540.0 1
4542.0 1
4543.0 2
4544.0 1
4545.0 2
4546.0 1
4548.0 1
4551.0 2
4554.0 2
4555.0 1
4558.0 1
4559.0 1
4560.0 2
4561.0 2
4562.0 1
4564.0 4
4566.0 1
4568.0 2
4570.0 1
4573.0 1
4575.0 1
4579.0 1
4580.0 1
4583.0 1
4585.0 1
4592.0 1
4593.0 2
4599.0 1
4601.0 2
4603.0 1
4605.0 1
4611.0 2
4613.0 1
4614.0 1
4615.0 1
4616.0 2
4617.0 1
4618.0 1
4619.0 1
4620.0 1
4623.0 2
4626.0 1
4629.0 1
4630.0 1
4634.0 2
4635.0 1
4636.0 2
4639.0 2
4640.0 3
4644.0 2
4646.0 1
4648.0 1
4649.0 2
4650.0 1
4651.0 1
4652.0 1
4653.0 2
4659.0 1
4663.0 1
4664.0 1
4671.0 2
4674.0 1
4675.0 1
4677.0 1
4678.0 1
4682.0 1
4683.0 1
4685.0 2
4686.0 1
4688.0 2
4690.0 1
4691.0 1
4692.0 1
4693.0 1
4695.0 1
4699.0 1
4700.0 2
4701.0 1
4702.0 2
4703.0 2
4704.0 1
4709.0 3
4710.0 1
4714.0 1
4717.0 1
4721.0 1
4722.0 2
4723.0 1
4725.0 2
4726.0 1
4727.0 1
4730.0 2
4733.0 1
4734.0 3
4738.0 1
4740.0 1
4742.0 1
4743.0 1
4744.0 1
4745.0 1
4748.0 2
4749.0 1
4751.0 2
4753.0 1
4754.0 1
4756.0 2
4758.0 1
4763.0 1
4765.0 1
4766.0 1
4768.0 1
4769.0 1
4770.0 1
4772.0 1
4774.0 1
4776.0 1
4778.0 1
4783.0 1
4789.0 2
4797.0 1
4798.0 4
4800.0 2
4801.0 2
4802.0 2
4803.0 1
4805.0 1
4808.0 1
4809.0 1
4814.0 1
4816.0 1
4822.0 1
4823.0 3
4826.0 2
4828.0 2
4830.0 3
4833.0 3
4835.0 2
4836.0 1
4837.0 2
4838.0 1
4839.0 1
4840.0 1
4841.0 1
4846.0 1
4848.0 1
4849.0 1
4850.0 1
4851.0 1
4853.0 1
4857.0 1
4858.0 1
4864.0 1
4865.0 1
4868.0 1
4870.0 1
4874.0 1
4876.0 1
4877.0 2
4880.0 1
4882.0 1
4883.0 1
4884.0 1
4885.0 1
4888.0 2
4889.0 2
4890.0 1
4891.0 2
4894.0 1
4895.0 1
4896.0 1
4897.0 1
4903.0 1
4904.0 1
4905.0 2
4917.0 1
4921.0 1
4923.0 1
4926.0 1
4927.0 2
4928.0 1
4931.0 2
4936.0 2
4937.0 1
4938.0 1
4939.0 1
4940.0 1
4942.0 2
4943.0 1
4944.0 1
4945.0 1
4947.0 1
4950.0 1
4952.0 1
4953.0 3
4954.0 1
4955.0 1
4959.0 2
4961.0 2
4965.0 1
4966.0 1
4967.0 1
4969.0 2
4971.0 2
4972.0 1
4973.0 1
4974.0 1
4976.0 1
4978.0 2
4980.0 2
4986.0 1
4988.0 1
4991.0 1
4992.0 2
4996.0 2
4999.0 2
5000.0 2
5002.0 1
5003.0 2
5007.0 1
5009.0 1
5010.0 1
5011.0 1
5012.0 1
5013.0 1
5015.0 1
5016.0 1
5019.0 1
5026.0 1
5027.0 1
5036.0 1
5044.0 1
5045.0 1
5046.0 2
5047.0 2
5048.0 1
5049.0 1
5052.0 1
5054.0 1
5056.0 1
5060.0 1
5061.0 2
5066.0 1
5067.0 3
5071.0 1
5075.0 1
5078.0 1
5079.0 2
5080.0 1
5085.0 2
5086.0 1
5087.0 2
5088.0 1
5090.0 1
5092.0 1
5094.0 2
5095.0 1
5103.0 1
5106.0 1
5107.0 1
5109.0 1
5113.0 1
5119.0 1
5120.0 1
5121.0 1
5122.0 1
5125.0 1
5129.0 2
5137.0 1
5140.0 1
5143.0 3
5146.0 1
5148.0 1
5149.0 1
5155.0 1
5157.0 1
5160.0 1
5166.0 1
5167.0 2
5168.0 1
5171.0 1
5174.0 1
5184.0 2
5185.0 1
5187.0 1
5191.0 2
5197.0 1
5200.0 2
5206.0 1
5211.0 1
5222.0 1
5224.0 1
5225.0 1
5227.0 2
5231.0 1
5233.0 3
5234.0 1
5237.0 1
5240.0 1
5246.0 1
5249.0 1
5250.0 1
5252.0 1
5261.0 1
5264.0 1
5270.0 2
5271.0 1
5272.0 1
5274.0 2
5278.0 1
5281.0 1
5285.0 1
5290.0 1
5296.0 1
5297.0 3
5298.0 1
5300.0 1
5301.0 1
5304.0 1
5305.0 1
5309.0 1
5311.0 1
5313.0 1
5317.0 1
5320.0 1
5321.0 3
5322.0 2
5323.0 9
5324.0 13
5325.0 18
5326.0 7
5327.0 4
5328.0 6
5329.0 2
5330.0 2
5331.0 4
5332.0 3
5333.0 2
5334.0 2
5335.0 1
5336.0 2
5339.0 1
5342.0 1
5347.0 1
5348.0 1
5349.0 1
5352.0 1
5358.0 1
5359.0 1
5360.0 1
5363.0 3
5364.0 1
5365.0 2
5366.0 3
5368.0 1
5370.0 1
5371.0 1
5373.0 1
5375.0 1
5378.0 1
5379.0 2
5385.0 1
5387.0 3
5388.0 2
5393.0 1
5395.0 1
5396.0 2
5398.0 1
5399.0 1
5403.0 1
5405.0 1
5408.0 2
5409.0 1
5411.0 1
5414.0 1
5415.0 1
5417.0 1
5424.0 1
5427.0 1
5429.0 1
5431.0 1
5434.0 1
5436.0 1
5440.0 1
5444.0 1
5445.0 1
5447.0 1
5454.0 1
5458.0 1
5459.0 1
5461.0 2
5463.0 1
5465.0 2
5469.0 3
5473.0 1
5474.0 1
5477.0 1
5481.0 1
5488.0 1
5490.0 1
5492.0 2
5495.0 1
5501.0 2
5504.0 2
5509.0 1
5514.0 1
5516.0 1
5517.0 2
5522.0 2
5527.0 1
5528.0 1
5529.0 1
5531.0 1
5532.0 1
5533.0 1
5534.0 1
5546.0 2
5553.0 1
5555.0 1
5556.0 1
5559.0 1
5562.0 1
5571.0 2
5572.0 1
5577.0 2
5583.0 1
5585.0 1
5588.0 1
5592.0 3
5599.0 1
5600.0 2
5605.0 1
5606.0 2
5609.0 1
5610.0 1
5611.0 1
5615.0 3
5617.0 1
5621.0 1
5623.0 1
5631.0 1
5640.0 1
5641.0 1
5643.0 1
5646.0 2
5649.0 1
5653.0 1
5654.0 1
5655.0 1
5659.0 1
5662.0 1
5670.0 1
5677.0 1
5680.0 1
5681.0 2
5684.0 1
5695.0 1
5700.0 1
5701.0 1
5705.0 1
5709.0 1
5713.0 1
5718.0 1
5727.0 1
5731.0 1
5732.0 1
5738.0 1
5746.0 1
5755.0 2
5756.0 3
5760.0 3
5762.0 1
5775.0 2
5779.0 1
5783.0 1
5791.0 1
5795.0 1
5798.0 1
5799.0 1
5804.0 1
5805.0 1
5806.0 1
5811.0 1
5813.0 1
5819.0 2
5820.0 2
5838.0 1
5839.0 1
5849.0 1
5850.0 1
5853.0 1
5860.0 1
5861.0 1
5863.0 1
5868.0 2
5873.0 1
5882.0 1
5883.0 1
5885.0 1
5887.0 1
5888.0 1
5893.0 1
5897.0 1
5905.0 1
5910.0 1
5915.0 1
5919.0 1
5921.0 1
5925.0 1
5928.0 1
5938.0 1
5942.0 1
5946.0 1
5947.0 2
5948.0 1
5949.0 2
5950.0 1
5964.0 1
5967.0 1
5969.0 1
5972.0 2
5974.0 2
5975.0 1
5980.0 1
5981.0 2
5984.0 1
5985.0 1
5989.0 1
5991.0 1
5993.0 2
5994.0 1
5995.0 1
5998.0 1
6001.0 1
6009.0 1
6011.0 1
6014.0 1
6020.0 1
6021.0 1
6023.0 2
6026.0 1
6028.0 2
6032.0 1
6033.0 1
6037.0 1
6040.0 1
6041.0 1
6044.0 1
6048.0 1
6052.0 1
6056.0 1
6066.0 2
6068.0 1
6070.0 1
6073.0 1
6077.0 1
6080.0 1
6089.0 1
6091.0 1
6096.0 1
6097.0 2
6100.0 1
6105.0 1
6106.0 1
6117.0 1
6118.0 1
6120.0 1
6127.0 1
6129.0 1
6134.0 1
6135.0 1
6137.0 1
6145.0 1
6147.0 1
6150.0 1
6152.0 1
6155.0 2
6157.0 1
6159.0 2
6164.0 1
6170.0 1
6171.0 1
6177.0 1
6181.0 2
6182.0 2
6186.0 1
6190.0 2
6191.0 1
6194.0 1
6195.0 1
6196.0 1
6198.0 2
6199.0 1
6201.0 1
6207.0 3
6212.0 1
6214.0 3
6215.0 2
6217.0 1
6218.0 1
6220.0 1
6225.0 1
6228.0 1
6229.0 1
6231.0 1
6232.0 2
6233.0 1
6235.0 1
6236.0 1
6237.0 1
6238.0 1
6239.0 1
6249.0 1
6250.0 2
6251.0 1
6253.0 1
6255.0 1
6258.0 1
6262.0 1
6264.0 1
6268.0 1
6269.0 1
6270.0 1
6272.0 1
6275.0 1
6278.0 1
6279.0 1
6280.0 2
6282.0 1
6284.0 1
6286.0 1
6287.0 1
6290.0 1
6294.0 1
6297.0 1
6298.0 1
6299.0 1
6303.0 1
6305.0 1
6309.0 1
6315.0 1
6319.0 1
6321.0 1
6329.0 1
6331.0 2
6334.0 1
6338.0 1
6340.0 1
6341.0 1
6343.0 1
6344.0 3
6350.0 1
6353.0 1
6355.0 2
6356.0 2
6358.0 1
6360.0 2
6362.0 1
6365.0 1
6373.0 1
6379.0 1
6385.0 1
6387.0 1
6396.0 1
6397.0 1
6399.0 1
6402.0 1
6404.0 1
6406.0 1
6407.0 1
6408.0 1
6411.0 1
6412.0 1
6415.0 1
6421.0 1
6427.0 1
6442.0 2
6443.0 1
6451.0 1
6453.0 1
6455.0 2
6458.0 1
6459.0 1
6460.0 1
6461.0 4
6462.0 1
6465.0 1
6470.0 1
6472.0 1
6473.0 1
6475.0 1
6476.0 1
6478.0 1
6481.0 1
6483.0 1
6491.0 1
6492.0 1
6496.0 2
6502.0 1
6503.0 1
6504.0 1
6511.0 1
6512.0 1
6519.0 2
6532.0 1
6534.0 1
6535.0 1
6540.0 1
6541.0 1
6543.0 1
6550.0 1
6552.0 1
6560.0 1
6561.0 1
6565.0 1
6568.0 1
6570.0 2
6571.0 1
6573.0 1
6579.0 1
6581.0 1
6592.0 1
6593.0 1
6596.0 1
6597.0 1
6598.0 1
6601.0 1
6602.0 1
6603.0 2
6605.0 1
6607.0 1
6611.0 1
6614.0 1
6618.0 1
6619.0 1
6626.0 1
6629.0 1
6635.0 1
6644.0 1
6647.0 1
6650.0 1
6653.0 1
6656.0 2
6661.0 1
6664.0 1
6666.0 1
6672.0 1
6686.0 1
6694.0 1
6703.0 1
6704.0 1
6706.0 1
6712.0 1
6717.0 1
6719.0 1
6730.0 1
6731.0 1
6734.0 1
6737.0 1
6741.0 1
6743.0 2
6744.0 1
6749.0 1
6750.0 1
6754.0 1
6757.0 1
6760.0 1
6762.0 1
6763.0 1
6768.0 1
6770.0 2
6779.0 1
6788.0 1
6791.0 1
6798.0 1
6811.0 1
6812.0 1
6816.0 1
6818.0 1
6831.0 1
6840.0 1
6841.0 1
6852.0 1
6853.0 2
6857.0 1
6858.0 1
6859.0 1
6863.0 1
6871.0 1
6876.0 1
6882.0 1
6883.0 1
6894.0 1
6896.0 1
6897.0 1
6900.0 1
6912.0 1
6921.0 1
6945.0 1
6946.0 1
6947.0 1
6953.0 2
6958.0 1
6991.0 1
6999.0 1
7014.0 1
7020.0 1
7022.0 1
7024.0 1
7026.0 1
7028.0 1
7030.0 1
7032.0 1
7033.0 3
7035.0 1
7041.0 2
7045.0 1
7051.0 1
7055.0 1
7060.0 1
7067.0 1
7068.0 1
7074.0 2
7075.0 1
7077.0 1
7078.0 1
7083.0 1
7089.0 1
7097.0 1
7104.0 2
7106.0 1
7107.0 1
7108.0 1
7112.0 1
7125.0 1
7131.0 1
7135.0 1
7141.0 1
7147.0 1
7157.0 1
7161.0 1
7162.0 1
7171.0 1
7172.0 1
7183.0 1
7184.0 1
7189.0 2
7190.0 1
7212.0 1
7217.0 1
7229.0 2
7246.0 1
7252.0 1
7253.0 1
7256.0 1
7258.0 1
7262.0 1
7264.0 1
7266.0 1
7269.0 1
7276.0 1
7286.0 1
7288.0 1
7291.0 1
7293.0 2
7296.0 1
7312.0 1
7314.0 1
7316.0 1
7323.0 1
7328.0 1
7340.0 1
7345.0 1
7361.0 1
7368.0 1
7370.0 1
7372.0 1
7380.0 1
7386.0 1
7395.0 1
7396.0 1
7404.0 2
7410.0 1
7414.0 1
7427.0 3
7428.0 1
7431.0 1
7439.0 1
7440.0 1
7442.0 1
7446.0 1
7449.0 1
7450.0 1
7455.0 1
7457.0 1
7461.0 1
7476.0 1
7482.0 1
7490.0 1
7491.0 1
7500.0 1
7507.0 1
7508.0 1
7509.0 1
7520.0 1
7522.0 1
7528.0 1
7531.0 1
7539.0 1
7541.0 1
7554.0 1
7558.0 1
7559.0 1
7566.0 1
7570.0 1
7576.0 1
7584.0 1
7585.0 1
7596.0 1
7612.0 1
7614.0 1
7620.0 1
7621.0 1
7624.0 1
7634.0 1
7638.0 1
7641.0 1
7649.0 1
7653.0 1
7654.0 1
7655.0 1
7659.0 1
7669.0 1
7678.0 1
7679.0 1
7682.0 1
7684.0 1
7695.0 1
7698.0 1
7701.0 2
7705.0 1
7707.0 1
7712.0 1
7714.0 1
7720.0 1
7723.0 1
7734.0 1
7741.0 1
7747.0 1
7754.0 1
7762.0 1
7763.0 1
7765.0 1
7771.0 1
7777.0 1
7795.0 1
7804.0 1
7812.0 1
7814.0 1
7819.0 1
7822.0 1
7829.0 1
7832.0 1
7838.0 1
7844.0 1
7853.0 1
7858.0 1
7859.0 1
7863.0 1
7879.0 1
7880.0 2
7881.0 1
7884.0 1
7899.0 1
7906.0 1
7909.0 1
7916.0 1
7918.0 1
7920.0 1
7922.0 1
7936.0 1
7971.0 1
7972.0 1
7975.0 1
7989.0 1
7996.0 1
8003.0 2
8012.0 1
8013.0 1
8021.0 2
8024.0 1
8030.0 1
8035.0 2
8045.0 1
8048.0 1
8064.0 1
8076.0 1
8077.0 1
8081.0 1
8090.0 1
8095.0 1
8107.0 1
8127.0 1
8129.0 1
8143.0 1
8146.0 1
8153.0 1
8157.0 1
8164.0 1
8168.0 1
8196.0 1
8207.0 1
8226.0 1
8250.0 1
8260.0 1
8267.0 1
8272.0 1
8274.0 1
8291.0 1
8293.0 1
8302.0 1
8303.0 1
8318.0 1
8319.0 1
8325.0 1
8329.0 1
8352.0 1
8361.0 1
8376.0 1
8384.0 1
8387.0 1
8389.0 1
8395.0 2
8403.0 1
8415.0 1
8422.0 1
8436.0 1
8437.0 1
8438.0 1
8441.0 1
8461.0 1
8462.0 1
8463.0 1
8471.0 1
8494.0 1
8495.0 1
8502.0 1
8516.0 1
8520.0 1
8521.0 1
8532.0 1
8537.0 1
8539.0 1
8551.0 2
8572.0 2
8592.0 1
8601.0 1
8635.0 2
8642.0 1
8649.0 1
8658.0 1
8664.0 1
8666.0 1
8667.0 1
8670.0 1
8694.0 2
8695.0 1
8696.0 1
8718.0 1
8719.0 1
8722.0 1
8725.0 1
8731.0 1
8732.0 2
8736.0 1
8747.0 2
8751.0 1
8764.0 1
8775.0 1
8788.0 2
8797.0 1
8802.0 1
8814.0 1
8817.0 1
8841.0 1
8843.0 1
8845.0 1
8850.0 1
8865.0 1
8866.0 1
8869.0 1
8875.0 1
8878.0 1
8879.0 2
8880.0 1
8883.0 1
8893.0 1
8901.0 1
8910.0 2
8911.0 1
8913.0 1
8918.0 1
8937.0 1
8942.0 1
8955.0 1
8967.0 1
8969.0 1
8977.0 1
8978.0 1
8979.0 1
8994.0 1
9013.0 1
9019.0 1
9021.0 1
9022.0 1
9033.0 1
9034.0 1
9057.0 1
9059.0 1
9070.0 1
9071.0 1
9078.0 1
9081.0 1
9099.0 1
9141.0 1
9151.0 1
9159.0 1
9167.0 1
9183.0 1
9186.0 1
9189.0 1
9190.0 1
9200.0 1
9212.0 1
9232.0 1
9239.0 1
9240.0 1
9242.0 1
9245.0 1
9250.0 1
9254.0 1
9261.0 1
9262.0 1
9263.0 1
9264.0 1
9275.0 1
9296.0 2
9311.0 1
9318.0 1
9320.0 2
9336.0 1
9353.0 1
9357.0 1
9358.0 1
9363.0 1
9369.0 1
9374.0 1
9375.0 1
9376.0 1
9386.0 1
9390.0 1
9402.0 1
9411.0 1
9434.0 1
9443.0 1
9452.0 1
9461.0 1
9465.0 1
9468.0 1
9471.0 1
9486.0 1
9488.0 1
9509.0 1
9521.0 1
9532.0 1
9552.0 1
9554.0 1
9566.0 1
9573.0 1
9574.0 2
9579.0 2
9586.0 1
9620.0 1
9622.0 1
9628.0 1
9633.0 1
9634.0 1
9655.0 1
9671.0 1
9672.0 1
9694.0 1
9734.0 1
9738.0 1
9741.0 1
9765.0 1
9768.0 1
9783.0 2
9785.0 1
9790.0 1
9808.0 1
9817.0 1
9823.0 1
9852.0 1
9854.0 1
9864.0 1
9873.0 1
9885.0 1
9886.0 1
9890.0 1
9892.0 2
9899.0 1
9901.0 1
9912.0 1
9925.0 1
9933.0 1
9946.0 1
9954.0 1
9957.0 1
9974.0 1
9996.0 1
9998.0 1
10034.0 1
10038.0 1
10044.0 2
10049.0 1
10054.0 1
10080.0 1
10087.0 1
10108.0 1
10111.0 1
10124.0 1
10127.0 1
10132.0 1
10134.0 1
10142.0 1
10203.0 1
10209.0 1
10245.0 1
10247.0 1
10260.0 1
10285.0 1
10292.0 1
10306.0 1
10307.0 1
10320.0 1
10322.0 1
10324.0 1
10325.0 1
10333.0 1
10352.0 1
10379.0 1
10392.0 1
10394.0 1
10406.0 1
10417.0 1
10450.0 1
10463.0 1
10466.0 1
10475.0 1
10483.0 1
10493.0 1
10519.0 1
10551.0 1
10554.0 2
10556.0 1
10557.0 1
10576.0 1
10593.0 1
10603.0 1
10605.0 1
10633.0 1
10635.0 1
10636.0 1
10648.0 1
10657.0 1
10669.0 1
10676.0 1
10700.0 1
10749.0 1
10772.0 1
10774.0 1
10781.0 1
10782.0 1
10794.0 1
10802.0 1
10823.0 1
10839.0 1
10850.0 1
10854.0 1
10863.0 1
10865.0 1
10879.0 1
10886.0 1
10892.0 1
10913.0 1
10921.0 1
10937.0 1
10939.0 1
10967.0 1
10984.0 1
10992.0 1
10995.0 1
11008.0 1
11013.0 1
11050.0 1
11051.0 1
11065.0 1
11074.0 1
11076.0 1
11083.0 1
11097.0 1
11098.0 1
11108.0 1
11121.0 1
11125.0 1
11135.0 1
11138.0 1
11139.0 1
11156.0 1
11164.0 1
11189.0 1
11221.0 1
11239.0 1
11243.0 1
11249.0 1
11258.0 1
11287.0 1
11296.0 1
11309.0 1
11324.0 1
11353.0 1
11356.0 1
11364.0 1
11369.0 1
11392.0 1
11396.0 1
11399.0 1
11404.0 1
11414.0 1
11434.0 1
11448.0 1
11485.0 1
11505.0 1
11524.0 1
11542.0 1
11544.0 1
11550.0 1
11552.0 1
11557.0 1
11576.0 1
11578.0 1
11608.0 1
11632.0 1
11664.0 3
11676.0 1
11694.0 1
11707.0 1
11727.0 1
11799.0 1
11812.0 1
11815.0 1
11821.0 1
11822.0 1
11828.0 1
11833.0 1
11844.0 1
11855.0 1
11859.0 1
11870.0 1
11872.0 1
11887.0 1
11894.0 1
11896.0 1
11897.0 1
11932.0 1
11943.0 1
11960.0 1
11973.0 1
11980.0 1
11982.0 1
11994.0 1
12011.0 1
12030.0 1
12056.0 1
12094.0 1
12096.0 1
12104.0 1
12112.0 1
12126.0 1
12132.0 1
12218.0 1
12222.0 1
12232.0 1
12236.0 1
12269.0 1
12295.0 1
12305.0 1
12324.0 1
12334.0 1
12341.0 1
12367.0 1
12372.0 1
12373.0 1
12382.0 1
12395.0 1
12432.0 1
12444.0 1
12452.0 1
12461.0 1
12487.0 1
12493.0 1
12498.0 1
12537.0 1
12555.0 1
12592.0 1
12638.0 1
12653.0 1
12654.0 1
12678.0 1
12681.0 2
12683.0 1
12731.0 1
12743.0 1
12752.0 1
12763.0 1
12774.0 1
12784.0 1
12790.0 1
12809.0 2
12820.0 1
12852.0 1
12854.0 1
12857.0 1
12867.0 1
12876.0 1
12888.0 1
12915.0 1
12918.0 1
12926.0 1
12944.0 1
12945.0 1
12993.0 1
13008.0 1
13015.0 1
13085.0 1
13111.0 2
13124.0 1
13129.0 1
13151.0 1
13169.0 1
13175.0 1
13188.0 1
13200.0 1
13236.0 2
13269.0 1
13285.0 1
13299.0 1
13332.0 1
13334.0 1
13356.0 1
13362.0 1
13373.0 1
13379.0 1
13417.0 1
13427.0 1
13466.0 1
13482.0 1
13486.0 1
13495.0 1
13500.0 1
13585.0 1
13594.0 1
13618.0 1
13628.0 1
13652.0 1
13660.0 1
13676.0 1
13694.0 1
13706.0 1
13741.0 1
13743.0 1
13748.0 1
13749.0 1
13776.0 1
13798.0 1
13802.0 1
13826.0 1
13833.0 1
13857.0 1
13868.0 1
13873.0 1
13881.0 1
13886.0 1
13930.0 1
14026.0 1
14027.0 1
14042.0 2
14103.0 1
14135.0 1
14151.0 1
14197.0 1
14198.0 1
14205.0 1
14216.0 1
14225.0 1
14238.0 1
14326.0 1
14327.0 1
14346.0 1
14388.0 1
14400.0 1
14447.0 1
14479.0 1
14482.0 1
14535.0 1
14580.0 1
14630.0 1
14653.0 1
14659.0 1
14664.0 1
14708.0 2
14732.0 1
14779.0 1
14819.0 1
14850.0 1
14899.0 1
14903.0 1
14909.0 1
14923.0 1
14932.0 1
14949.0 1
14968.0 1
14975.0 1
14985.0 1
14990.0 1
14992.0 1
15051.0 1
15091.0 1
15094.0 2
15097.0 1
15121.0 1
15139.0 1
15159.0 1
15190.0 1
15208.0 1
15222.0 1
15232.0 1
15244.0 1
15253.0 1
15278.0 1
15280.0 1
15288.0 1
15298.0 1
15368.0 1
15390.0 1
15423.0 1
15442.0 1
15490.0 1
15518.0 1
15552.0 1
15556.0 1
15557.0 1
15578.0 1
15636.0 1
15649.0 1
15663.0 1
15664.0 1
15715.0 1
15750.0 1
15765.0 1
15775.0 1
15784.0 1
15794.0 1
15799.0 1
15918.0 1
15922.0 1
16005.0 1
16066.0 1
16069.0 1
16083.0 1
16109.0 1
16146.0 1
16182.0 1
16195.0 1
16204.0 1
16284.0 1
16311.0 1
16397.0 1
16470.0 1
16484.0 1
16513.0 1
16560.0 1
16562.0 1
16601.0 1
16626.0 1
16655.0 1
16697.0 1
16699.0 1
16739.0 1
16746.0 1
16773.0 1
16787.0 1
16952.0 1
16953.0 1
16997.0 1
17025.0 1
17044.0 1
17051.0 1
17133.0 1
17149.0 1
17202.0 1
17230.0 1
17268.0 1
17292.0 1
17304.0 1
17305.0 1
17372.0 1
17387.0 1
17453.0 1
17475.0 1
17490.0 1
17494.0 1
17517.0 2
17538.0 1
17603.0 1
17682.0 1
17688.0 1
17715.0 1
17722.0 1
17784.0 1
17793.0 1
17866.0 1
17905.0 1
18083.0 1
18086.0 1
18115.0 1
18139.0 1
18152.0 1
18198.0 1
18239.0 1
18260.0 1
18284.0 1
18315.0 1
18357.0 1
18390.0 1
18586.0 1
18623.0 1
18628.0 1
18660.0 1
18681.0 1
18697.0 1
18716.0 1
18719.0 1
18756.0 1
18791.0 1
18831.0 1
18870.0 1
18878.0 1
18916.0 1
18981.0 1
19021.0 1
19073.0 1
19100.0 1
19152.0 1
19189.0 1
19219.0 1
19289.0 1
19313.0 1
19386.0 1
19415.0 1
19427.0 1
19435.0 1
19449.0 1
19452.0 1
19461.0 1
19584.0 1
19590.0 1
19635.0 1
19667.0 1
19685.0 1
19741.0 1
19770.0 1
19820.0 1
19828.0 1
19834.0 1
19864.0 1
19981.0 1
19986.0 1
20027.0 1
20094.0 1
20148.0 1
20204.0 1
20222.0 1
20232.0 1
20265.0 1
20269.0 1
20270.0 1
20285.0 1
20375.0 1
20405.0 1
20431.0 1
20514.0 1
20541.0 1
20613.0 1
20748.0 1
20946.0 1
20990.0 1
21033.0 1
21088.0 1
21126.0 1
21129.0 1
21176.0 1
21183.0 1
21253.0 1
21278.0 1
21281.0 1
21343.0 1
21422.0 1
21432.0 1
21440.0 1
21445.0 1
21457.0 1
21529.0 1
21596.0 1
21636.0 1
21642.0 1
21903.0 1
21932.0 1
21935.0 1
21936.0 1
21965.0 1
22019.0 1
22150.0 1
22153.0 1
22291.0 1
22296.0 1
22468.0 1
22553.0 1
22578.0 1
22608.0 1
22645.0 2
22677.0 1
22692.0 1
22918.0 1
22978.0 1
23064.0 1
23135.0 1
23178.0 1
23183.0 1
23206.0 1
23299.0 1
23304.0 1
23424.0 1
23441.0 1
23566.0 1
23601.0 1
23616.0 1
23662.0 1
23673.0 1
23705.0 1
23762.0 1
23881.0 1
23910.0 1
23946.0 1
23964.0 1
24127.0 1
24181.0 1
24251.0 1
24272.0 1
24325.0 1
24332.0 1
24453.0 1
24628.0 1
24634.0 1
24704.0 1
24742.0 1
24849.0 1
25316.0 1
25356.0 1
25422.0 1
25488.0 1
25546.0 1
25563.0 1
25628.0 1
25707.0 1
25824.0 1
25826.0 2
25831.0 1
25834.0 1
25835.0 1
25836.0 1
25837.0 1
25838.0 1
25841.0 1
25842.0 1
25846.0 1
25848.0 1
25855.0 1
25859.0 2
25862.0 1
25865.0 1
25868.0 1
25870.0 1
25871.0 1
25879.0 1
25884.0 2
25886.0 1
25896.0 1
25900.0 1
25928.0 1
25934.0 1
25935.0 1
25936.0 1
25942.0 1
25950.0 1
25953.0 1
25960.0 1
25977.0 1
25985.0 1
25989.0 1
25992.0 1
25994.0 1
26012.0 1
26022.0 1
26062.0 1
26083.0 1
26097.0 1
26106.0 1
26108.0 1
26115.0 1
26130.0 1
26181.0 1
26188.0 1
26193.0 1
26239.0 1
26311.0 1
26323.0 1
26345.0 1
26353.0 1
26361.0 1
26387.0 1
26418.0 1
26456.0 1
26492.0 1
26583.0 1
26588.0 1
26699.0 1
26772.0 1
26817.0 1
26868.0 1
26904.0 1
26909.0 1
26938.0 1
26968.0 1
27156.0 1
27158.0 1
27252.0 1
27302.0 1
27312.0 1
27343.0 1
27468.0 1
27520.0 1
27578.0 1
27596.0 1
27620.0 1
27779.0 1
27983.0 1
28254.0 1
28261.0 1
28658.0 1
28674.0 1
28684.0 1
28778.0 1
28874.0 1
29002.0 1
29048.0 1
29050.0 1
29077.0 1
29101.0 1
29119.0 1
29143.0 1
29346.0 1
29490.0 1
29725.0 1
29823.0 1
29885.0 1
29930.0 1
29943.0 1
30049.0 1
30055.0 1
30138.0 1
30652.0 1
30947.0 1
31028.0 1
31097.0 1
31207.0 1
31218.0 1
31265.0 1
31497.0 1
31692.0 1
31732.0 1
31810.0 1
31891.0 1
32192.0 1
32271.0 1
32273.0 1
32309.0 1
32397.0 1
32568.0 1
32684.0 1
32805.0 1
32882.0 1
33289.0 1
33325.0 1
33399.0 1
33531.0 1
33642.0 1
33875.0 1
34238.0 1
34578.0 1
34675.0 1
34821.0 1
34836.0 1
35024.0 1
35025.0 1
35148.0 1
35211.0 1
35676.0 1
35806.0 1
35970.0 1
35984.0 1
36689.0 1
36801.0 1
36820.0 1
36858.0 1
36903.0 1
37074.0 1
37271.0 1
37521.0 1
37607.0 1
37652.0 1
37737.0 1
37894.0 1
38098.0 1
38107.0 1
38202.0 1
38215.0 1
38308.0 1
39028.0 1
39120.0 1
39517.0 1
39521.0 1
39855.0 1
40326.0 1
40596.0 1
40804.0 1
41345.0 1
41704.0 1
41872.0 1
42046.0 1
42190.0 1
42926.0 1
43418.0 1
44201.0 1
44517.0 1
44636.0 1
44639.0 1
45593.0 1
45629.0 1
45650.0 1
45751.0 1
45821.0 1
45855.0 1
45860.0 1
46064.0 1
46111.0 1
46361.0 1
46752.0 1
47566.0 1
48517.0 1
48537.0 1
49449.0 1
49771.0 1
49848.0 1
50021.0 1
50134.0 1
50298.0 1
51610.0 1
51703.0 1
52114.0 1
52251.0 1
52344.0 1
52447.0 1
52452.0 1
52721.0 1
52918.0 1
53023.0 1
53312.0 1
53391.0 1
53763.0 1
55088.0 1
55167.0 1
55299.0 1
55651.0 1
55832.0 1
56050.0 1
56059.0 1
57367.0 1
57735.0 1
57760.0 1
57774.0 1
57802.0 1
58602.0 1
58853.0 1
59135.0 1
59479.0 1
59765.0 1
60184.0 1
60316.0 1
60382.0 1
60873.0 1
61946.0 1
62513.0 1
62696.0 1
62808.0 1
62814.0 1
62846.0 1
63055.0 1
63231.0 1
63330.0 1
63393.0 1
63573.0 1
63931.0 1
64081.0 1
66637.0 1
68097.0 1
68195.0 1
68297.0 1
69067.0 1
69220.0 1
70264.0 1
70613.0 1
70627.0 1
71984.0 1
72103.0 1
72646.0 1
73417.0 1
74084.0 1
74258.0 1
74879.0 1
75003.0 1
75590.0 1
78957.0 1
79782.0 1
80362.0 1
82242.0 1
83865.0 1
83921.0 1
87163.0 1
87566.0 1
88026.0 1
88580.0 1
92072.0 1
93263.0 1
95424.0 1
95793.0 1
97959.0 1
98877.0 1
109366.0 1
109462.0 1
115166.0 1
122312.0 1
123078.0 1
125328.0 1
134686.0 1
138693.0 1
139488.0 1
141754.0 1
144987.0 1
146412.0 1
147676.0 1
155885.0 1
164827.0 1
167538.0 1
173216.0 1
177966.0 1
182907.0 1
189118.0 1
194617.0 1
196537.0 1
200124.0 1
204750.0 1
204764.0 1
216256.0 1
238855.0 1
243114.0 1
246688.0 1
257155.0 1
284689.0 1
302645.0 1
319630.0 1
389923.0 1
396641.0 1
426513.0 1
547918.0 1
574336.0 1
962774.0 1
