1.0 277450
2.0 191133
3.0 141478
4.0 106963
5.0 84871
6.0 68826
7.0 57773
8.0 53206
9.0 42259
10.0 35470
11.0 30110
12.0 26716
13.0 23795
14.0 21467
15.0 19855
16.0 18382
17.0 16925
18.0 15879
19.0 15021
20.0 14320
21.0 13544
22.0 12530
23.0 12311
24.0 11510
25.0 11402
26.0 10856
27.0 10277
28.0 10120
29.0 9938
30.0 9350
31.0 8913
32.0 8704
33.0 8218
34.0 7743
35.0 7820
36.0 7464
37.0 7611
38.0 7186
39.0 6987
40.0 6961
41.0 7043
42.0 6589
43.0 6306
44.0 6365
45.0 5833
46.0 5743
47.0 5517
48.0 5455
49.0 5384
50.0 5513
51.0 5359
52.0 5232
53.0 4858
54.0 4884
55.0 4753
56.0 4638
57.0 4738
58.0 4421
59.0 4369
60.0 4391
61.0 4527
62.0 4201
63.0 4228
64.0 3862
65.0 3653
66.0 3801
67.0 3376
68.0 3296
69.0 3264
70.0 3231
71.0 3482
72.0 3452
73.0 3223
74.0 2970
75.0 2973
76.0 3043
77.0 2908
78.0 2847
79.0 2998
80.0 2899
81.0 2928
82.0 2640
83.0 2497
84.0 2318
85.0 2608
86.0 2539
87.0 2747
88.0 2658
89.0 2476
90.0 2279
91.0 2235
92.0 2211
93.0 2203
94.0 2164
95.0 2257
96.0 2226
97.0 2253
98.0 2214
99.0 2082
100.0 2030
101.0 1943
102.0 1850
103.0 2016
104.0 1949
105.0 1814
106.0 1776
107.0 1785
108.0 1792
109.0 1798
110.0 1622
111.0 1442
112.0 1430
113.0 1507
114.0 1595
115.0 1475
116.0 1428
117.0 1445
118.0 1497
119.0 1359
120.0 1250
121.0 1214
122.0 1200
123.0 1265
124.0 1157
125.0 1225
126.0 1242
127.0 1209
128.0 1127
129.0 1129
130.0 1101
131.0 1275
132.0 1378
133.0 1083
134.0 1072
135.0 1086
136.0 1055
137.0 1037
138.0 1138
139.0 1156
140.0 936
141.0 850
142.0 788
143.0 707
144.0 761
145.0 803
146.0 812
147.0 782
148.0 844
149.0 730
150.0 768
151.0 742
152.0 860
153.0 832
154.0 863
155.0 783
156.0 685
157.0 803
158.0 944
159.0 976
160.0 679
161.0 778
162.0 934
163.0 940
164.0 711
165.0 606
166.0 617
167.0 601
168.0 805
169.0 704
170.0 541
171.0 556
172.0 484
173.0 539
174.0 533
175.0 545
176.0 507
177.0 559
178.0 524
179.0 521
180.0 446
181.0 587
182.0 608
183.0 455
184.0 451
185.0 503
186.0 626
187.0 495
188.0 749
189.0 566
190.0 449
191.0 450
192.0 576
193.0 545
194.0 468
195.0 516
196.0 480
197.0 389
198.0 448
199.0 475
200.0 446
201.0 579
202.0 486
203.0 451
204.0 357
205.0 402
206.0 450
207.0 382
208.0 425
209.0 401
210.0 659
211.0 592
212.0 462
213.0 363
214.0 404
215.0 393
216.0 326
217.0 367
218.0 300
219.0 272
220.0 466
221.0 270
222.0 359
223.0 400
224.0 359
225.0 255
226.0 328
227.0 306
228.0 357
229.0 326
230.0 283
231.0 223
232.0 215
233.0 198
234.0 208
235.0 373
236.0 265
237.0 187
238.0 344
239.0 276
240.0 205
241.0 193
242.0 218
243.0 169
244.0 292
245.0 298
246.0 312
247.0 500
248.0 378
249.0 422
250.0 442
251.0 299
252.0 222
253.0 217
254.0 262
255.0 307
256.0 290
257.0 374
258.0 315
259.0 338
260.0 256
261.0 341
262.0 451
263.0 365
264.0 271
265.0 177
266.0 325
267.0 235
268.0 382
269.0 207
270.0 206
271.0 138
272.0 303
273.0 366
274.0 389
275.0 320
276.0 257
277.0 160
278.0 160
279.0 138
280.0 161
281.0 147
282.0 143
283.0 138
284.0 129
285.0 108
286.0 112
287.0 282
288.0 234
289.0 774
290.0 514
291.0 358
292.0 234
293.0 151
294.0 106
295.0 115
296.0 126
297.0 125
298.0 205
299.0 304
300.0 166
301.0 114
302.0 114
303.0 119
304.0 89
305.0 115
306.0 134
307.0 270
308.0 212
309.0 174
310.0 132
311.0 134
312.0 107
313.0 104
314.0 97
315.0 183
316.0 258
317.0 282
318.0 220
319.0 131
320.0 86
321.0 84
322.0 314
323.0 301
324.0 325
325.0 236
326.0 279
327.0 358
328.0 246
329.0 133
330.0 83
331.0 77
332.0 384
333.0 481
334.0 263
335.0 120
336.0 125
337.0 122
338.0 101
339.0 101
340.0 87
341.0 90
342.0 63
343.0 88
344.0 73
345.0 89
346.0 93
347.0 65
348.0 111
349.0 95
350.0 94
351.0 97
352.0 114
353.0 110
354.0 323
355.0 386
356.0 223
357.0 120
358.0 78
359.0 87
360.0 60
361.0 70
362.0 58
363.0 66
364.0 54
365.0 41
366.0 69
367.0 58
368.0 66
369.0 58
370.0 67
371.0 233
372.0 221
373.0 89
374.0 67
375.0 77
376.0 62
377.0 74
378.0 51
379.0 52
380.0 70
381.0 56
382.0 49
383.0 61
384.0 57
385.0 62
386.0 163
387.0 201
388.0 132
389.0 85
390.0 72
391.0 61
392.0 65
393.0 46
394.0 60
395.0 43
396.0 34
397.0 58
398.0 49
399.0 51
400.0 50
401.0 45
402.0 45
403.0 37
404.0 33
405.0 39
406.0 36
407.0 32
408.0 57
409.0 46
410.0 231
411.0 122
412.0 54
413.0 243
414.0 200
415.0 69
416.0 48
417.0 42
418.0 41
419.0 43
420.0 46
421.0 44
422.0 39
423.0 30
424.0 24
425.0 29
426.0 42
427.0 33
428.0 242
429.0 169
430.0 69
431.0 42
432.0 31
433.0 43
434.0 41
435.0 38
436.0 34
437.0 30
438.0 26
439.0 30
440.0 36
441.0 28
442.0 256
443.0 205
444.0 72
445.0 31
446.0 26
447.0 34
448.0 29
449.0 30
450.0 21
451.0 24
452.0 33
453.0 25
454.0 28
455.0 30
456.0 40
457.0 29
458.0 27
459.0 318
460.0 157
461.0 45
462.0 30
463.0 33
464.0 30
465.0 22
466.0 46
467.0 266
468.0 482
469.0 252
470.0 76
471.0 48
472.0 28
473.0 27
474.0 28
475.0 25
476.0 29
477.0 30
478.0 27
479.0 27
480.0 26
481.0 20
482.0 28
483.0 33
484.0 23
485.0 25
486.0 27
487.0 33
488.0 34
489.0 30
490.0 29
491.0 27
492.0 26
493.0 36
494.0 38
495.0 300
496.0 196
497.0 57
498.0 25
499.0 24
500.0 37
501.0 40
502.0 27
503.0 29
504.0 27
505.0 42
506.0 29
507.0 35
508.0 33
509.0 34
510.0 349
511.0 186
512.0 41
513.0 39
514.0 345
515.0 165
516.0 44
517.0 32
518.0 41
519.0 23
520.0 28
521.0 77
522.0 110
523.0 82
524.0 77
525.0 65
526.0 48
527.0 42
528.0 32
529.0 406
530.0 175
531.0 47
532.0 150
533.0 226
534.0 149
535.0 62
536.0 37
537.0 39
538.0 29
539.0 22
540.0 19
541.0 24
542.0 24
543.0 19
544.0 19
545.0 19
546.0 25
547.0 15
548.0 26
549.0 20
550.0 22
551.0 25
552.0 12
553.0 23
554.0 17
555.0 24
556.0 28
557.0 24
558.0 23
559.0 18
560.0 30
561.0 19
562.0 12
563.0 20
564.0 16
565.0 19
566.0 17
567.0 14
568.0 19
569.0 19
570.0 14
571.0 21
572.0 17
573.0 14
574.0 22
575.0 11
576.0 13
577.0 12
578.0 20
579.0 408
580.0 163
581.0 38
582.0 17
583.0 19
584.0 24
585.0 15
586.0 15
587.0 20
588.0 13
589.0 20
590.0 14
591.0 16
592.0 14
593.0 12
594.0 11
595.0 13
596.0 13
597.0 13
598.0 16
599.0 20
600.0 14
601.0 17
602.0 16
603.0 8
604.0 17
605.0 13
606.0 15
607.0 10
608.0 8
609.0 14
610.0 13
611.0 20
612.0 18
613.0 13
614.0 18
615.0 8
616.0 19
617.0 15
618.0 7
619.0 14
620.0 14
621.0 11
622.0 11
623.0 12
624.0 14
625.0 10
626.0 12
627.0 20
628.0 11
629.0 9
630.0 9
631.0 12
632.0 6
633.0 10
634.0 14
635.0 12
636.0 6
637.0 13
638.0 13
639.0 11
640.0 11
641.0 8
642.0 10
643.0 340
644.0 265
645.0 41
646.0 25
647.0 17
648.0 12
649.0 12
650.0 12
651.0 16
652.0 13
653.0 10
654.0 7
655.0 7
656.0 17
657.0 9
658.0 10
659.0 11
660.0 10
661.0 7
662.0 8
663.0 10
664.0 11
665.0 10
666.0 9
667.0 15
668.0 10
669.0 10
670.0 15
671.0 11
672.0 7
673.0 12
674.0 14
675.0 9
676.0 11
677.0 18
678.0 14
679.0 15
680.0 16
681.0 41
682.0 25
683.0 32
684.0 41
685.0 37
686.0 36
687.0 36
688.0 33
689.0 25
690.0 37
691.0 25
692.0 31
693.0 30
694.0 28
695.0 34
696.0 33
697.0 34
698.0 29
699.0 25
700.0 31
701.0 23
702.0 22
703.0 26
704.0 21
705.0 23
706.0 25
707.0 398
708.0 233
709.0 67
710.0 45
711.0 35
712.0 21
713.0 26
714.0 21
715.0 22
716.0 12
717.0 19
718.0 13
719.0 8
720.0 11
721.0 10
722.0 18
723.0 10
724.0 7
725.0 10
726.0 13
727.0 16
728.0 10
729.0 16
730.0 18
731.0 6
732.0 12
733.0 8
734.0 15
735.0 10
736.0 8
737.0 7
738.0 11
739.0 5
740.0 9
741.0 14
742.0 10
743.0 11
744.0 6
745.0 6
746.0 3
747.0 8
748.0 19
749.0 11
750.0 8
751.0 9
752.0 11
753.0 13
754.0 9
755.0 11
756.0 11
757.0 8
758.0 3
759.0 4
760.0 2
761.0 11
762.0 8
763.0 15
764.0 7
765.0 5
766.0 6
767.0 8
768.0 8
769.0 6
770.0 6
771.0 8
772.0 7
773.0 6
774.0 7
775.0 11
776.0 9
777.0 6
778.0 6
779.0 5
780.0 4
781.0 6
782.0 9
783.0 10
784.0 13
785.0 1
786.0 11
787.0 7
788.0 4
789.0 8
790.0 9
791.0 6
792.0 7
793.0 7
794.0 3
795.0 10
796.0 11
797.0 12
798.0 4
799.0 7
800.0 7
801.0 10
802.0 4
803.0 1
804.0 5
805.0 11
806.0 7
807.0 8
808.0 7
809.0 7
810.0 11
811.0 6
812.0 4
813.0 6
814.0 10
815.0 11
816.0 6
817.0 9
818.0 9
819.0 6
820.0 6
821.0 80
822.0 49
823.0 71
824.0 138
825.0 71
826.0 79
827.0 50
828.0 26
829.0 13
830.0 11
831.0 12
832.0 5
833.0 7
834.0 5
835.0 167
836.0 89
837.0 21
838.0 10
839.0 11
840.0 5
841.0 9
842.0 3
843.0 6
844.0 2
845.0 6
846.0 8
847.0 3
848.0 8
849.0 7
850.0 4
851.0 3
852.0 8
853.0 5
854.0 4
855.0 7
856.0 7
857.0 4
858.0 4
859.0 10
860.0 12
861.0 5
862.0 9
863.0 9
864.0 6
865.0 5
866.0 5
867.0 1
868.0 4
869.0 3
870.0 3
871.0 5
872.0 6
873.0 7
874.0 5
875.0 7
876.0 3
877.0 7
878.0 6
879.0 4
880.0 4
881.0 5
882.0 7
883.0 7
884.0 6
885.0 7
886.0 8
887.0 5
888.0 4
889.0 3
890.0 4
891.0 5
892.0 8
893.0 6
894.0 5
895.0 2
896.0 7
897.0 3
898.0 9
899.0 6
900.0 4
901.0 3
902.0 7
903.0 4
904.0 1
905.0 6
906.0 4
907.0 3
908.0 5
909.0 5
910.0 9
911.0 8
912.0 3
913.0 5
914.0 8
915.0 7
916.0 11
917.0 4
918.0 6
919.0 4
920.0 2
921.0 5
922.0 8
923.0 3
924.0 3
925.0 4
926.0 7
927.0 3
928.0 5
929.0 1
930.0 4
931.0 6
932.0 5
933.0 6
934.0 5
935.0 9
936.0 1
937.0 4
938.0 5
939.0 9
940.0 5
941.0 9
942.0 3
943.0 10
944.0 8
945.0 3
946.0 5
947.0 1
948.0 7
949.0 4
950.0 6
951.0 7
952.0 3
953.0 5
954.0 5
955.0 4
956.0 3
957.0 3
958.0 3
959.0 5
960.0 5
961.0 2
962.0 3
963.0 4
964.0 6
965.0 7
966.0 9
967.0 3
968.0 4
969.0 7
970.0 4
971.0 4
972.0 8
973.0 7
974.0 3
975.0 4
976.0 3
977.0 3
978.0 3
979.0 3
980.0 2
981.0 1
982.0 6
983.0 8
984.0 5
985.0 7
986.0 5
987.0 6
988.0 4
989.0 4
990.0 3
991.0 4
992.0 3
993.0 3
994.0 4
995.0 3
996.0 4
997.0 7
998.0 4
999.0 6
1000.0 4
1001.0 8
1002.0 1
1003.0 9
1004.0 4
1005.0 5
1006.0 4
1007.0 3
1008.0 2
1009.0 7
1010.0 2
1011.0 3
1012.0 3
1013.0 9
1014.0 2
1015.0 5
1016.0 1
1017.0 3
1018.0 3
1019.0 1
1020.0 6
1021.0 1
1022.0 2
1023.0 5
1024.0 5
1025.0 3
1026.0 5
1027.0 4
1028.0 4
1029.0 5
1030.0 2
1031.0 6
1032.0 5
1033.0 9
1034.0 7
1035.0 4
1036.0 6
1037.0 4
1038.0 5
1039.0 6
1040.0 7
1041.0 3
1042.0 1
1043.0 4
1044.0 3
1045.0 3
1046.0 3
1047.0 7
1048.0 6
1049.0 4
1050.0 3
1051.0 3
1052.0 2
1053.0 3
1054.0 2
1055.0 3
1056.0 3
1057.0 1
1058.0 4
1059.0 2
1060.0 4
1061.0 3
1062.0 3
1063.0 2
1064.0 3
1066.0 4
1067.0 6
1068.0 8
1069.0 4
1070.0 4
1071.0 6
1072.0 2
1073.0 1
1074.0 4
1075.0 4
1076.0 5
1077.0 3
1078.0 3
1079.0 2
1080.0 1
1081.0 2
1082.0 3
1083.0 4
1085.0 1
1086.0 3
1087.0 7
1088.0 5
1089.0 6
1090.0 2
1091.0 7
1092.0 2
1093.0 1
1094.0 2
1095.0 5
1096.0 4
1097.0 3
1098.0 1
1099.0 3
1100.0 3
1101.0 4
1102.0 4
1103.0 1
1104.0 2
1105.0 4
1106.0 4
1107.0 3
1108.0 5
1109.0 5
1110.0 5
1112.0 4
1113.0 4
1114.0 4
1115.0 7
1116.0 1
1117.0 3
1118.0 6
1119.0 4
1120.0 8
1121.0 2
1122.0 2
1123.0 3
1124.0 3
1125.0 1
1126.0 2
1127.0 8
1128.0 3
1129.0 1
1130.0 4
1131.0 2
1132.0 2
1133.0 5
1134.0 2
1135.0 3
1136.0 3
1137.0 5
1138.0 6
1139.0 4
1140.0 1
1141.0 4
1142.0 3
1143.0 2
1144.0 1
1145.0 3
1146.0 3
1147.0 1
1148.0 2
1149.0 2
1150.0 5
1151.0 2
1152.0 4
1153.0 2
1154.0 11
1155.0 4
1156.0 4
1157.0 6
1158.0 2
1160.0 5
1161.0 2
1162.0 5
1163.0 2
1164.0 6
1165.0 1
1166.0 3
1167.0 5
1168.0 2
1169.0 3
1170.0 9
1171.0 3
1172.0 3
1173.0 1
1174.0 2
1175.0 5
1177.0 2
1178.0 3
1180.0 3
1181.0 2
1183.0 4
1184.0 3
1186.0 3
1187.0 6
1188.0 2
1189.0 3
1190.0 4
1191.0 5
1192.0 3
1193.0 2
1194.0 5
1195.0 2
1196.0 1
1197.0 1
1198.0 4
1199.0 2
1200.0 3
1201.0 1
1202.0 3
1203.0 1
1204.0 1
1205.0 2
1206.0 4
1207.0 4
1208.0 3
1209.0 4
1210.0 3
1211.0 3
1212.0 4
1213.0 2
1214.0 4
1215.0 3
1216.0 2
1217.0 3
1218.0 3
1219.0 2
1220.0 2
1221.0 2
1222.0 3
1223.0 1
1224.0 3
1225.0 2
1226.0 1
1227.0 2
1228.0 2
1229.0 1
1230.0 2
1231.0 3
1232.0 3
1233.0 1
1234.0 3
1235.0 7
1236.0 5
1237.0 1
1238.0 5
1239.0 5
1240.0 3
1241.0 2
1242.0 6
1243.0 2
1244.0 3
1245.0 2
1246.0 3
1247.0 1
1249.0 4
1250.0 3
1251.0 6
1252.0 1
1253.0 4
1254.0 1
1255.0 2
1256.0 2
1257.0 1
1258.0 1
1259.0 1
1260.0 2
1261.0 3
1262.0 3
1263.0 4
1264.0 1
1265.0 2
1266.0 4
1268.0 4
1269.0 4
1270.0 3
1271.0 6
1272.0 2
1273.0 3
1274.0 2
1275.0 4
1276.0 4
1278.0 8
1279.0 9
1280.0 2
1281.0 9
1282.0 2
1283.0 10
1284.0 8
1285.0 7
1286.0 6
1287.0 1
1288.0 6
1289.0 6
1290.0 6
1291.0 4
1293.0 3
1294.0 4
1295.0 3
1296.0 3
1297.0 3
1299.0 7
1300.0 3
1301.0 3
1302.0 1
1303.0 3
1304.0 1
1305.0 4
1306.0 2
1307.0 1
1308.0 4
1310.0 1
1311.0 4
1313.0 7
1314.0 1
1315.0 3
1316.0 3
1317.0 1
1318.0 2
1319.0 2
1320.0 2
1321.0 2
1322.0 2
1323.0 2
1324.0 1
1325.0 2
1326.0 3
1327.0 3
1328.0 4
1329.0 1
1330.0 4
1331.0 2
1332.0 5
1333.0 1
1334.0 5
1335.0 2
1336.0 2
1337.0 3
1338.0 1
1339.0 1
1340.0 6
1341.0 3
1342.0 1
1343.0 4
1344.0 5
1345.0 6
1346.0 3
1347.0 2
1348.0 1
1349.0 1
1350.0 1
1351.0 5
1352.0 1
1353.0 1
1354.0 3
1355.0 5
1356.0 2
1357.0 1
1359.0 1
1360.0 3
1361.0 2
1362.0 1
1363.0 3
1364.0 2
1366.0 2
1367.0 2
1369.0 9
1370.0 5
1371.0 6
1372.0 5
1373.0 1
1374.0 2
1375.0 1
1376.0 3
1377.0 2
1379.0 3
1380.0 6
1381.0 3
1382.0 6
1384.0 1
1385.0 4
1386.0 2
1387.0 2
1388.0 1
1389.0 2
1390.0 2
1391.0 1
1392.0 2
1393.0 1
1395.0 1
1396.0 2
1397.0 2
1398.0 1
1399.0 2
1400.0 1
1401.0 1
1402.0 2
1403.0 1
1404.0 3
1405.0 4
1406.0 1
1407.0 3
1408.0 1
1409.0 1
1410.0 3
1411.0 3
1413.0 5
1416.0 1
1417.0 1
1418.0 4
1419.0 1
1420.0 1
1422.0 2
1423.0 2
1424.0 1
1425.0 4
1426.0 1
1427.0 1
1428.0 5
1429.0 1
1430.0 1
1431.0 1
1432.0 2
1434.0 1
1435.0 3
1436.0 1
1438.0 3
1440.0 1
1441.0 2
1444.0 1
1445.0 1
1446.0 5
1447.0 1
1449.0 2
1450.0 1
1451.0 3
1452.0 1
1453.0 1
1454.0 1
1455.0 1
1456.0 2
1457.0 1
1458.0 1
1459.0 2
1460.0 2
1461.0 1
1462.0 2
1464.0 2
1465.0 3
1466.0 1
1467.0 1
1468.0 2
1469.0 2
1470.0 4
1471.0 1
1474.0 1
1476.0 1
1477.0 1
1478.0 5
1479.0 3
1480.0 2
1481.0 1
1483.0 4
1484.0 2
1485.0 4
1487.0 3
1488.0 1
1489.0 2
1490.0 2
1491.0 1
1493.0 1
1494.0 3
1495.0 1
1496.0 2
1497.0 4
1499.0 1
1501.0 1
1502.0 1
1503.0 1
1504.0 1
1505.0 1
1506.0 2
1507.0 1
1508.0 2
1509.0 3
1510.0 1
1512.0 3
1513.0 1
1514.0 3
1515.0 4
1516.0 2
1517.0 2
1518.0 2
1519.0 1
1520.0 1
1521.0 1
1522.0 2
1523.0 2
1524.0 4
1525.0 1
1526.0 2
1528.0 3
1529.0 2
1530.0 3
1531.0 1
1532.0 4
1533.0 5
1534.0 1
1535.0 4
1537.0 4
1538.0 1
1539.0 1
1540.0 1
1541.0 2
1543.0 1
1544.0 1
1545.0 1
1546.0 2
1547.0 3
1548.0 2
1549.0 2
1550.0 1
1551.0 3
1552.0 1
1553.0 1
1554.0 1
1555.0 2
1556.0 1
1557.0 2
1561.0 2
1562.0 6
1563.0 1
1564.0 1
1565.0 2
1566.0 4
1567.0 1
1568.0 2
1570.0 2
1572.0 2
1573.0 1
1576.0 1
1578.0 4
1579.0 1
1581.0 2
1582.0 1
1583.0 3
1584.0 5
1585.0 3
1586.0 1
1587.0 1
1588.0 1
1589.0 4
1591.0 4
1592.0 1
1593.0 1
1594.0 2
1595.0 4
1596.0 1
1597.0 3
1598.0 3
1599.0 1
1600.0 1
1601.0 2
1603.0 2
1605.0 2
1606.0 2
1608.0 3
1612.0 2
1613.0 2
1617.0 3
1618.0 2
1619.0 1
1620.0 3
1622.0 1
1623.0 1
1624.0 2
1625.0 3
1628.0 2
1629.0 3
1630.0 1
1631.0 5
1632.0 1
1633.0 1
1635.0 3
1636.0 5
1637.0 1
1638.0 1
1639.0 1
1640.0 2
1641.0 1
1642.0 2
1643.0 1
1644.0 1
1645.0 1
1646.0 1
1648.0 1
1649.0 1
1650.0 1
1651.0 2
1652.0 2
1653.0 3
1654.0 1
1655.0 3
1656.0 2
1657.0 1
1658.0 1
1659.0 3
1660.0 1
1662.0 3
1663.0 2
1664.0 2
1665.0 2
1666.0 1
1667.0 1
1668.0 2
1669.0 1
1670.0 1
1674.0 1
1675.0 3
1676.0 1
1679.0 1
1680.0 2
1682.0 5
1684.0 1
1686.0 1
1688.0 2
1689.0 2
1690.0 1
1691.0 1
1693.0 1
1694.0 1
1697.0 3
1698.0 3
1699.0 1
1700.0 2
1701.0 4
1702.0 1
1703.0 1
1704.0 4
1705.0 2
1706.0 1
1708.0 1
1709.0 1
1710.0 2
1712.0 1
1715.0 3
1717.0 3
1718.0 1
1719.0 2
1721.0 3
1722.0 3
1723.0 3
1724.0 2
1725.0 2
1726.0 1
1727.0 4
1728.0 2
1729.0 1
1730.0 1
1733.0 2
1735.0 2
1736.0 3
1738.0 2
1739.0 2
1740.0 3
1741.0 2
1743.0 1
1744.0 1
1745.0 1
1746.0 2
1747.0 2
1749.0 1
1751.0 3
1752.0 1
1753.0 1
1755.0 1
1756.0 1
1759.0 1
1760.0 1
1761.0 2
1762.0 2
1763.0 1
1764.0 3
1765.0 3
1767.0 1
1769.0 1
1770.0 2
1771.0 2
1772.0 1
1773.0 2
1774.0 2
1776.0 2
1777.0 1
1778.0 1
1779.0 3
1780.0 1
1782.0 1
1783.0 2
1784.0 2
1785.0 1
1786.0 4
1787.0 2
1788.0 3
1790.0 1
1791.0 4
1792.0 2
1793.0 2
1794.0 3
1796.0 2
1797.0 2
1798.0 2
1799.0 3
1800.0 2
1802.0 1
1803.0 2
1804.0 3
1805.0 1
1806.0 4
1807.0 1
1808.0 3
1810.0 3
1811.0 1
1813.0 3
1814.0 2
1815.0 1
1817.0 1
1819.0 2
1820.0 1
1821.0 1
1822.0 4
1825.0 2
1826.0 1
1827.0 2
1829.0 3
1832.0 1
1833.0 5
1834.0 1
1835.0 2
1841.0 1
1843.0 1
1844.0 2
1845.0 2
1846.0 1
1847.0 3
1848.0 1
1849.0 3
1850.0 1
1851.0 2
1852.0 1
1855.0 1
1859.0 2
1860.0 2
1862.0 3
1863.0 2
1866.0 1
1867.0 1
1869.0 2
1870.0 2
1871.0 2
1872.0 2
1875.0 1
1877.0 1
1879.0 3
1881.0 1
1883.0 2
1885.0 2
1886.0 1
1887.0 1
1889.0 2
1890.0 3
1895.0 3
1898.0 1
1899.0 4
1900.0 3
1903.0 1
1906.0 1
1907.0 1
1908.0 2
1909.0 2
1910.0 1
1911.0 2
1912.0 1
1916.0 3
1917.0 2
1919.0 1
1922.0 2
1923.0 1
1925.0 1
1926.0 1
1929.0 2
1930.0 2
1931.0 2
1932.0 2
1934.0 2
1935.0 3
1938.0 1
1939.0 1
1940.0 2
1942.0 1
1944.0 1
1945.0 1
1947.0 1
1949.0 1
1950.0 2
1953.0 1
1954.0 1
1955.0 3
1956.0 3
1957.0 8
1958.0 3
1959.0 7
1960.0 8
1961.0 2
1963.0 3
1964.0 6
1965.0 2
1966.0 5
1967.0 5
1968.0 6
1969.0 4
1970.0 2
1974.0 3
1975.0 2
1977.0 4
1978.0 2
1979.0 5
1980.0 5
1982.0 1
1984.0 4
1985.0 2
1988.0 3
1989.0 2
1990.0 3
1991.0 2
1993.0 4
1994.0 1
1997.0 5
1998.0 3
1999.0 1
2000.0 2
2001.0 2
2002.0 1
2003.0 4
2004.0 3
2005.0 6
2006.0 1
2007.0 3
2010.0 1
2011.0 2
2012.0 2
2015.0 1
2016.0 2
2017.0 3
2018.0 2
2019.0 2
2021.0 1
2022.0 2
2023.0 1
2024.0 1
2025.0 1
2026.0 3
2027.0 2
2028.0 1
2030.0 2
2031.0 1
2033.0 3
2034.0 1
2036.0 2
2038.0 1
2039.0 1
2040.0 1
2041.0 5
2043.0 2
2044.0 1
2045.0 1
2051.0 2
2052.0 1
2053.0 1
2054.0 1
2056.0 3
2058.0 2
2060.0 2
2062.0 1
2064.0 1
2065.0 2
2066.0 2
2068.0 3
2069.0 2
2070.0 3
2071.0 1
2072.0 1
2073.0 5
2074.0 2
2075.0 3
2076.0 3
2077.0 2
2078.0 2
2079.0 1
2080.0 2
2081.0 4
2082.0 3
2083.0 2
2085.0 3
2086.0 2
2088.0 1
2090.0 1
2091.0 1
2092.0 2
2093.0 2
2094.0 2
2096.0 3
2097.0 2
2099.0 2
2100.0 2
2102.0 1
2103.0 1
2104.0 2
2105.0 1
2106.0 1
2108.0 2
2109.0 1
2112.0 2
2113.0 2
2114.0 1
2116.0 2
2117.0 3
2118.0 2
2120.0 3
2121.0 1
2122.0 1
2123.0 2
2124.0 2
2126.0 1
2127.0 1
2128.0 2
2129.0 2
2130.0 1
2131.0 3
2132.0 1
2134.0 1
2135.0 4
2136.0 1
2137.0 1
2138.0 3
2140.0 2
2141.0 1
2142.0 1
2143.0 2
2145.0 1
2146.0 1
2147.0 1
2151.0 3
2152.0 1
2153.0 2
2154.0 1
2155.0 1
2157.0 1
2159.0 1
2162.0 3
2163.0 2
2164.0 3
2166.0 2
2167.0 3
2168.0 2
2169.0 1
2171.0 2
2176.0 1
2178.0 1
2180.0 2
2185.0 2
2186.0 1
2187.0 1
2188.0 1
2190.0 1
2191.0 1
2193.0 2
2194.0 4
2195.0 2
2196.0 3
2198.0 4
2200.0 1
2201.0 2
2202.0 1
2203.0 1
2204.0 1
2205.0 1
2206.0 2
2207.0 2
2209.0 4
2210.0 2
2212.0 3
2215.0 2
2217.0 2
2219.0 1
2221.0 1
2223.0 1
2224.0 1
2225.0 1
2227.0 1
2229.0 1
2232.0 1
2233.0 1
2234.0 3
2236.0 2
2237.0 1
2238.0 2
2239.0 1
2240.0 2
2241.0 1
2243.0 2
2244.0 1
2245.0 2
2246.0 2
2247.0 1
2248.0 1
2249.0 2
2252.0 1
2253.0 2
2254.0 1
2255.0 1
2256.0 3
2257.0 2
2258.0 1
2260.0 2
2261.0 1
2262.0 1
2264.0 1
2266.0 3
2268.0 2
2269.0 2
2271.0 1
2272.0 1
2273.0 3
2276.0 1
2278.0 1
2282.0 1
2286.0 1
2287.0 1
2288.0 2
2294.0 1
2296.0 1
2297.0 3
2298.0 2
2299.0 2
2300.0 1
2301.0 1
2304.0 3
2305.0 2
2307.0 2
2308.0 1
2309.0 1
2311.0 1
2313.0 1
2316.0 1
2317.0 1
2318.0 3
2319.0 1
2321.0 1
2322.0 1
2323.0 1
2324.0 2
2325.0 1
2328.0 2
2330.0 1
2333.0 1
2337.0 2
2338.0 1
2339.0 3
2340.0 3
2341.0 1
2343.0 1
2345.0 2
2351.0 2
2353.0 2
2354.0 1
2355.0 2
2357.0 1
2359.0 1
2364.0 2
2366.0 2
2367.0 1
2370.0 1
2371.0 3
2372.0 1
2378.0 1
2381.0 2
2383.0 1
2384.0 2
2385.0 1
2391.0 1
2392.0 1
2394.0 1
2396.0 1
2397.0 1
2400.0 2
2402.0 3
2403.0 1
2404.0 1
2407.0 1
2413.0 1
2414.0 1
2415.0 1
2417.0 2
2418.0 1
2419.0 2
2421.0 1
2422.0 4
2424.0 1
2425.0 2
2429.0 1
2430.0 2
2436.0 1
2438.0 1
2440.0 1
2441.0 1
2444.0 1
2445.0 1
2446.0 2
2450.0 1
2451.0 1
2455.0 1
2457.0 2
2461.0 3
2462.0 1
2463.0 2
2464.0 1
2465.0 2
2468.0 1
2469.0 2
2471.0 2
2474.0 1
2475.0 1
2476.0 1
2477.0 1
2484.0 1
2491.0 1
2492.0 1
2493.0 2
2494.0 2
2495.0 1
2497.0 1
2498.0 1
2502.0 1
2503.0 1
2507.0 1
2509.0 1
2514.0 1
2515.0 2
2517.0 3
2518.0 2
2519.0 1
2520.0 1
2521.0 1
2524.0 2
2525.0 1
2528.0 1
2530.0 2
2532.0 2
2542.0 1
2543.0 1
2546.0 1
2550.0 1
2552.0 1
2553.0 2
2555.0 2
2556.0 2
2557.0 2
2558.0 2
2562.0 1
2563.0 2
2566.0 2
2569.0 3
2572.0 1
2574.0 1
2578.0 3
2579.0 1
2581.0 1
2582.0 1
2585.0 1
2591.0 3
2596.0 1
2600.0 1
2603.0 1
2605.0 1
2608.0 1
2613.0 1
2614.0 2
2616.0 2
2618.0 2
2619.0 1
2620.0 1
2624.0 1
2626.0 1
2630.0 1
2631.0 1
2638.0 1
2640.0 1
2641.0 1
2644.0 1
2645.0 2
2646.0 2
2649.0 1
2654.0 2
2655.0 1
2656.0 1
2663.0 1
2665.0 2
2668.0 1
2669.0 1
2670.0 1
2672.0 1
2681.0 1
2682.0 3
2685.0 2
2686.0 2
2687.0 1
2690.0 1
2692.0 1
2694.0 1
2696.0 1
2699.0 1
2704.0 1
2706.0 1
2707.0 1
2709.0 1
2710.0 28
2711.0 33
2712.0 13
2713.0 11
2714.0 8
2715.0 5
2716.0 2
2717.0 2
2718.0 1
2721.0 1
2722.0 1
2725.0 1
2726.0 1
2727.0 1
2729.0 3
2741.0 1
2743.0 1
2744.0 2
2746.0 3
2747.0 1
2748.0 1
2749.0 2
2751.0 2
2752.0 1
2754.0 1
2759.0 1
2760.0 1
2764.0 1
2765.0 2
2767.0 2
2768.0 2
2771.0 1
2772.0 1
2776.0 1
2784.0 3
2786.0 1
2787.0 2
2790.0 1
2791.0 1
2795.0 3
2797.0 1
2802.0 3
2804.0 1
2807.0 1
2808.0 1
2809.0 1
2810.0 1
2813.0 1
2814.0 1
2815.0 1
2816.0 1
2819.0 1
2824.0 1
2826.0 1
2828.0 1
2831.0 1
2832.0 1
2835.0 2
2836.0 1
2839.0 1
2841.0 1
2843.0 1
2845.0 2
2847.0 1
2850.0 1
2852.0 1
2853.0 1
2855.0 1
2858.0 1
2861.0 1
2866.0 1
2868.0 3
2872.0 3
2877.0 1
2884.0 1
2885.0 1
2887.0 2
2888.0 1
2890.0 2
2891.0 1
2892.0 1
2895.0 2
2898.0 1
2899.0 1
2900.0 2
2901.0 2
2906.0 1
2910.0 1
2913.0 1
2918.0 2
2924.0 1
2925.0 1
2927.0 1
2928.0 1
2932.0 1
2933.0 1
2936.0 1
2937.0 1
2939.0 1
2941.0 1
2945.0 2
2946.0 2
2948.0 1
2949.0 1
2950.0 4
2951.0 2
2952.0 2
2954.0 1
2958.0 2
2959.0 1
2960.0 3
2962.0 1
2965.0 1
2966.0 2
2968.0 2
2969.0 1
2972.0 1
2979.0 2
2980.0 1
2990.0 1
2991.0 1
2993.0 1
2996.0 1
2998.0 1
3000.0 1
3008.0 1
3018.0 2
3020.0 1
3024.0 1
3026.0 1
3030.0 1
3031.0 1
3033.0 1
3034.0 1
3035.0 1
3038.0 1
3043.0 2
3047.0 1
3049.0 1
3051.0 1
3054.0 1
3056.0 2
3062.0 1
3063.0 1
3064.0 1
3066.0 1
3067.0 1
3068.0 1
3072.0 1
3076.0 1
3079.0 1
3081.0 1
3089.0 1
3092.0 1
3094.0 1
3097.0 1
3099.0 1
3100.0 2
3103.0 1
3105.0 1
3107.0 1
3110.0 1
3112.0 1
3113.0 1
3127.0 1
3129.0 1
3132.0 1
3136.0 1
3138.0 1
3140.0 1
3141.0 1
3150.0 1
3151.0 1
3153.0 1
3156.0 1
3157.0 1
3158.0 1
3172.0 1
3175.0 1
3179.0 1
3180.0 1
3182.0 1
3183.0 1
3190.0 2
3194.0 1
3198.0 1
3202.0 1
3203.0 1
3204.0 1
3214.0 1
3220.0 1
3221.0 1
3223.0 2
3225.0 4
3232.0 1
3233.0 2
3234.0 1
3239.0 3
3241.0 1
3247.0 1
3255.0 1
3258.0 1
3260.0 2
3262.0 2
3267.0 1
3271.0 1
3275.0 2
3279.0 1
3281.0 1
3284.0 1
3286.0 1
3291.0 2
3305.0 1
3308.0 1
3311.0 2
3313.0 1
3317.0 1
3318.0 1
3320.0 3
3322.0 1
3328.0 1
3330.0 1
3331.0 1
3333.0 1
3339.0 2
3340.0 2
3347.0 1
3350.0 1
3356.0 3
3359.0 2
3362.0 1
3363.0 1
3368.0 1
3372.0 3
3374.0 1
3375.0 1
3382.0 1
3391.0 1
3393.0 2
3397.0 1
3398.0 1
3404.0 1
3406.0 2
3408.0 2
3414.0 1
3415.0 1
3420.0 1
3423.0 1
3430.0 1
3431.0 1
3436.0 2
3437.0 1
3439.0 1
3443.0 1
3444.0 1
3446.0 1
3447.0 1
3449.0 1
3453.0 1
3459.0 1
3460.0 1
3464.0 1
3467.0 1
3469.0 1
3474.0 1
3479.0 1
3486.0 1
3490.0 1
3495.0 1
3496.0 2
3497.0 2
3498.0 1
3499.0 1
3516.0 1
3521.0 1
3535.0 1
3538.0 1
3540.0 3
3542.0 1
3546.0 1
3547.0 1
3548.0 1
3550.0 1
3557.0 1
3572.0 1
3573.0 1
3576.0 1
3580.0 1
3581.0 1
3582.0 1
3585.0 1
3591.0 1
3592.0 1
3593.0 1
3606.0 1
3609.0 1
3610.0 1
3614.0 1
3616.0 1
3619.0 1
3629.0 1
3633.0 1
3640.0 1
3643.0 1
3644.0 1
3649.0 1
3652.0 1
3654.0 1
3657.0 1
3668.0 2
3672.0 1
3673.0 1
3677.0 1
3679.0 1
3682.0 1
3683.0 1
3692.0 1
3693.0 1
3695.0 1
3699.0 1
3700.0 1
3703.0 2
3706.0 1
3708.0 1
3715.0 1
3720.0 1
3730.0 1
3731.0 1
3745.0 2
3747.0 1
3750.0 1
3756.0 1
3761.0 3
3767.0 2
3768.0 1
3769.0 1
3771.0 1
3787.0 1
3790.0 1
3791.0 2
3795.0 1
3797.0 1
3801.0 1
3805.0 1
3824.0 1
3827.0 2
3834.0 1
3837.0 1
3838.0 1
3839.0 1
3840.0 1
3845.0 1
3847.0 1
3848.0 1
3849.0 1
3851.0 1
3852.0 1
3853.0 2
3855.0 1
3857.0 1
3862.0 2
3868.0 1
3869.0 1
3873.0 1
3877.0 2
3883.0 1
3884.0 3
3889.0 1
3890.0 1
3891.0 1
3894.0 2
3898.0 1
3903.0 1
3909.0 1
3911.0 2
3912.0 1
3917.0 1
3918.0 1
3919.0 1
3920.0 2
3924.0 1
3928.0 1
3935.0 1
3936.0 3
3941.0 1
3953.0 1
3956.0 1
3957.0 1
3961.0 1
3962.0 1
3966.0 3
3968.0 1
3975.0 1
3977.0 2
3982.0 1
3983.0 4
3986.0 1
3987.0 1
3989.0 1
3993.0 1
3995.0 3
3998.0 1
4001.0 1
4005.0 1
4009.0 1
4011.0 1
4012.0 2
4017.0 1
4020.0 1
4034.0 1
4035.0 1
4039.0 1
4047.0 2
4050.0 1
4054.0 1
4055.0 1
4057.0 2
4058.0 1
4066.0 2
4067.0 1
4070.0 1
4073.0 2
4076.0 1
4077.0 2
4082.0 1
4083.0 1
4084.0 1
4085.0 1
4090.0 1
4097.0 2
4103.0 1
4104.0 2
4105.0 1
4106.0 1
4107.0 1
4113.0 1
4114.0 1
4115.0 4
4116.0 1
4118.0 1
4122.0 1
4129.0 2
4133.0 1
4135.0 1
4136.0 1
4146.0 1
4148.0 1
4151.0 1
4153.0 1
4155.0 1
4156.0 1
4157.0 1
4161.0 1
4162.0 1
4163.0 1
4164.0 3
4166.0 1
4170.0 1
4171.0 2
4172.0 2
4175.0 1
4176.0 1
4177.0 2
4183.0 1
4185.0 1
4187.0 1
4188.0 1
4189.0 1
4190.0 1
4192.0 1
4194.0 1
4195.0 1
4199.0 2
4204.0 1
4205.0 1
4210.0 1
4211.0 1
4212.0 1
4213.0 1
4214.0 1
4216.0 1
4217.0 2
4222.0 2
4224.0 2
4229.0 1
4230.0 1
4231.0 3
4233.0 2
4235.0 1
4238.0 1
4239.0 2
4240.0 1
4242.0 1
4243.0 2
4246.0 1
4249.0 2
4251.0 1
4253.0 1
4255.0 2
4256.0 2
4258.0 1
4260.0 2
4261.0 1
4263.0 1
4266.0 1
4268.0 1
4270.0 3
4272.0 1
4273.0 1
4277.0 1
4281.0 2
4282.0 1
4286.0 1
4287.0 1
4288.0 1
4292.0 2
4294.0 1
4295.0 2
4296.0 1
4298.0 1
4303.0 1
4304.0 2
4306.0 2
4314.0 2
4315.0 2
4316.0 1
4317.0 2
4319.0 2
4320.0 2
4321.0 1
4323.0 1
4324.0 2
4328.0 1
4329.0 1
4336.0 1
4337.0 1
4343.0 2
4344.0 1
4345.0 2
4347.0 1
4348.0 1
4349.0 1
4350.0 1
4352.0 1
4354.0 2
4355.0 1
4357.0 1
4358.0 1
4359.0 1
4361.0 1
4362.0 1
4363.0 3
4364.0 1
4367.0 1
4377.0 2
4379.0 1
4380.0 2
4381.0 1
4382.0 1
4384.0 1
4385.0 2
4386.0 2
4387.0 1
4389.0 1
4392.0 1
4394.0 1
4396.0 2
4397.0 1
4399.0 2
4400.0 1
4401.0 2
4402.0 1
4403.0 1
4404.0 1
4406.0 1
4409.0 1
4410.0 1
4411.0 2
4412.0 1
4413.0 2
4414.0 1
4415.0 1
4416.0 1
4417.0 2
4418.0 3
4419.0 1
4424.0 1
4430.0 2
4431.0 1
4432.0 1
4433.0 1
4434.0 1
4438.0 1
4440.0 2
4443.0 1
4445.0 2
4449.0 1
4450.0 1
4452.0 3
4453.0 1
4454.0 1
4455.0 2
4456.0 1
4460.0 1
4462.0 1
4463.0 2
4466.0 1
4467.0 1
4470.0 2
4471.0 1
4474.0 1
4476.0 1
4477.0 2
4478.0 1
4479.0 1
4480.0 1
4481.0 1
4485.0 2
4488.0 3
4489.0 1
4490.0 1
4492.0 1
4494.0 1
4496.0 1
4501.0 3
4502.0 1
4503.0 1
4507.0 1
4510.0 1
4511.0 2
4512.0 1
4513.0 2
4514.0 1
4516.0 1
4518.0 2
4519.0 1
4522.0 2
4523.0 1
4525.0 1
4528.0 1
4529.0 1
4530.0 2
4534.0 1
4535.0 1
4537.0 1
4538.0 2
4540.0 2
4541.0 2
4544.0 3
4545.0 2
4546.0 2
4549.0 2
4550.0 1
4551.0 2
4553.0 1
4556.0 1
4564.0 1
4567.0 1
4568.0 1
4569.0 1
4570.0 2
4574.0 1
4575.0 1
4577.0 1
4578.0 1
4580.0 1
4581.0 1
4582.0 1
4584.0 1
4585.0 4
4588.0 1
4590.0 1
4591.0 1
4597.0 1
4599.0 1
4600.0 2
4601.0 1
4602.0 1
4603.0 1
4605.0 1
4610.0 1
4612.0 1
4613.0 1
4614.0 1
4618.0 4
4620.0 2
4621.0 2
4624.0 1
4629.0 1
4631.0 1
4632.0 1
4633.0 3
4635.0 1
4636.0 1
4638.0 3
4640.0 1
4642.0 1
4644.0 1
4647.0 1
4648.0 3
4655.0 1
4658.0 1
4659.0 1
4661.0 1
4668.0 1
4678.0 1
4680.0 1
4683.0 1
4686.0 2
4689.0 1
4690.0 2
4692.0 1
4694.0 1
4696.0 1
4698.0 1
4700.0 1
4703.0 1
4707.0 2
4708.0 1
4711.0 1
4713.0 1
4715.0 1
4717.0 1
4719.0 1
4722.0 1
4723.0 4
4730.0 1
4732.0 1
4735.0 2
4737.0 1
4740.0 2
4746.0 1
4748.0 1
4749.0 1
4752.0 1
4754.0 1
4759.0 1
4763.0 2
4767.0 1
4772.0 1
4775.0 1
4779.0 1
4780.0 1
4787.0 1
4790.0 1
4798.0 1
4802.0 1
4803.0 1
4811.0 1
4815.0 2
4816.0 1
4818.0 1
4821.0 2
4822.0 1
4825.0 1
4826.0 1
4830.0 1
4840.0 1
4846.0 1
4848.0 1
4852.0 1
4855.0 1
4859.0 2
4860.0 1
4861.0 1
4864.0 2
4865.0 1
4871.0 1
4872.0 3
4878.0 1
4883.0 1
4890.0 1
4892.0 1
4896.0 2
4903.0 1
4904.0 1
4905.0 1
4908.0 2
4922.0 2
4926.0 1
4928.0 1
4937.0 1
4945.0 1
4948.0 1
4951.0 1
4952.0 1
4957.0 1
4960.0 1
4962.0 1
4965.0 1
4968.0 1
4969.0 1
4970.0 1
4971.0 1
4975.0 1
4977.0 1
4980.0 1
4991.0 1
4995.0 1
4998.0 1
5004.0 1
5006.0 1
5012.0 1
5019.0 1
5031.0 1
5039.0 1
5052.0 1
5054.0 1
5063.0 1
5064.0 1
5065.0 2
5071.0 1
5079.0 1
5085.0 1
5088.0 1
5095.0 1
5103.0 1
5106.0 1
5107.0 1
5117.0 1
5122.0 1
5126.0 1
5131.0 1
5132.0 1
5134.0 1
5144.0 1
5145.0 1
5151.0 1
5158.0 1
5179.0 1
5197.0 1
5199.0 2
5203.0 1
5205.0 1
5213.0 1
5217.0 2
5236.0 1
5250.0 1
5252.0 1
5264.0 1
5270.0 1
5274.0 1
5279.0 1
5289.0 1
5294.0 1
5305.0 1
5322.0 1
5327.0 1
5329.0 1
5342.0 1
5346.0 1
5351.0 1
5356.0 1
5357.0 1
5363.0 1
5391.0 1
5395.0 1
5398.0 1
5401.0 2
5416.0 1
5427.0 1
5430.0 1
5438.0 1
5439.0 1
5441.0 1
5450.0 1
5459.0 1
5474.0 1
5486.0 1
5493.0 1
5518.0 1
5522.0 1
5524.0 1
5526.0 1
5531.0 1
5533.0 1
5542.0 1
5556.0 1
5557.0 2
5572.0 1
5586.0 1
5588.0 1
5593.0 1
5603.0 1
5618.0 1
5640.0 1
5643.0 1
5658.0 1
5666.0 1
5672.0 1
5673.0 1
5685.0 1
5696.0 1
5700.0 1
5706.0 1
5707.0 1
5720.0 1
5724.0 1
5740.0 1
5752.0 1
5780.0 1
5790.0 1
5794.0 1
5798.0 1
5803.0 1
5810.0 1
5811.0 1
5826.0 1
5831.0 1
5832.0 1
5836.0 1
5838.0 1
5845.0 1
5872.0 1
5874.0 1
5879.0 1
5893.0 1
5901.0 1
5910.0 1
5914.0 1
5921.0 1
5928.0 1
5930.0 1
5933.0 2
5958.0 1
5972.0 1
5976.0 1
5995.0 1
6000.0 1
6007.0 1
6015.0 1
6016.0 1
6017.0 1
6059.0 1
6065.0 1
6081.0 1
6086.0 1
6104.0 1
6110.0 1
6114.0 1
6131.0 1
6152.0 1
6156.0 1
6179.0 1
6181.0 1
6183.0 2
6185.0 2
6203.0 1
6230.0 1
6262.0 1
6280.0 1
6282.0 1
6283.0 1
6299.0 1
6305.0 2
6314.0 1
6315.0 1
6334.0 1
6407.0 2
6410.0 1
6412.0 1
6420.0 1
6433.0 1
6442.0 1
6471.0 1
6491.0 1
6502.0 1
6503.0 1
6521.0 1
6526.0 1
6536.0 1
6545.0 1
6549.0 1
6555.0 1
6557.0 1
6563.0 1
6570.0 1
6577.0 1
6578.0 1
6580.0 1
6586.0 1
6590.0 1
6595.0 1
6612.0 1
6629.0 1
6640.0 1
6648.0 1
6652.0 1
6665.0 1
6666.0 1
6669.0 1
6671.0 1
6722.0 1
6764.0 1
6786.0 1
6807.0 1
6811.0 1
6818.0 1
6836.0 1
6838.0 1
6842.0 1
6852.0 1
6853.0 1
6856.0 1
6874.0 1
6892.0 1
6894.0 1
6918.0 1
6920.0 1
6933.0 1
6954.0 1
6958.0 1
6966.0 1
6979.0 1
7003.0 1
7006.0 1
7030.0 2
7045.0 1
7057.0 1
7077.0 1
7084.0 1
7103.0 1
7105.0 1
7109.0 1
7124.0 1
7142.0 1
7156.0 1
7162.0 1
7181.0 1
7182.0 1
7193.0 1
7203.0 1
7228.0 1
7231.0 1
7261.0 1
7303.0 1
7327.0 1
7329.0 1
7352.0 1
7374.0 1
7380.0 1
7407.0 1
7427.0 1
7442.0 1
7448.0 1
7458.0 1
7463.0 1
7466.0 1
7492.0 1
7504.0 1
7510.0 1
7516.0 1
7543.0 1
7550.0 1
7555.0 1
7557.0 1
7590.0 2
7600.0 1
7611.0 1
7619.0 1
7636.0 1
7655.0 1
7666.0 1
7675.0 1
7680.0 1
7700.0 1
7701.0 1
7704.0 1
7714.0 1
7719.0 1
7729.0 1
7758.0 1
7768.0 1
7776.0 1
7810.0 1
7814.0 1
7823.0 1
7838.0 1
7839.0 1
7845.0 1
7847.0 2
7849.0 1
7858.0 1
7871.0 1
7903.0 1
7920.0 1
7931.0 1
7933.0 1
7934.0 2
7936.0 1
7946.0 1
7948.0 1
7953.0 1
7954.0 1
7958.0 1
7976.0 1
7990.0 1
7999.0 2
8013.0 1
8015.0 1
8016.0 1
8018.0 1
8020.0 1
8032.0 1
8050.0 1
8057.0 1
8066.0 1
8075.0 1
8076.0 1
8078.0 1
8098.0 1
8103.0 1
8106.0 2
8148.0 1
8150.0 1
8154.0 1
8172.0 1
8182.0 1
8204.0 1
8248.0 1
8287.0 1
8290.0 1
8298.0 1
8315.0 1
8357.0 1
8360.0 1
8399.0 1
8419.0 1
8429.0 1
8431.0 1
8479.0 1
8506.0 1
8507.0 1
8530.0 1
8532.0 1
8562.0 2
8587.0 1
8590.0 1
8603.0 1
8608.0 1
8609.0 1
8626.0 1
8627.0 1
8636.0 1
8637.0 1
8718.0 1
8738.0 1
8757.0 1
8785.0 1
8799.0 1
8810.0 1
8820.0 1
8843.0 1
8852.0 1
8858.0 1
8877.0 1
8937.0 1
8944.0 1
8985.0 1
9009.0 1
9037.0 1
9045.0 1
9060.0 1
9094.0 1
9133.0 1
9141.0 1
9142.0 1
9146.0 1
9166.0 1
9180.0 1
9187.0 1
9211.0 1
9215.0 1
9228.0 1
9241.0 1
9287.0 1
9299.0 1
9361.0 1
9362.0 1
9378.0 1
9383.0 1
9394.0 1
9488.0 2
9532.0 1
9556.0 1
9559.0 1
9561.0 1
9569.0 1
9576.0 1
9592.0 1
9620.0 1
9651.0 1
9671.0 1
9675.0 1
9679.0 2
9694.0 1
9699.0 1
9726.0 1
9728.0 1
9734.0 1
9738.0 1
9753.0 1
9788.0 1
9800.0 1
9853.0 1
9873.0 1
9886.0 1
9889.0 1
9907.0 1
9913.0 1
9938.0 1
9943.0 1
9980.0 1
9992.0 1
10001.0 1
10030.0 1
10036.0 1
10039.0 1
10082.0 1
10084.0 1
10137.0 1
10168.0 1
10169.0 1
10172.0 1
10182.0 1
10215.0 1
10221.0 1
10232.0 1
10242.0 1
10251.0 1
10280.0 1
10281.0 1
10326.0 1
10369.0 1
10375.0 1
10399.0 1
10405.0 1
10415.0 1
10434.0 1
10469.0 1
10490.0 1
10494.0 1
10504.0 1
10525.0 1
10540.0 1
10575.0 1
10617.0 1
10636.0 1
10680.0 1
10684.0 1
10701.0 1
10710.0 1
10721.0 1
10733.0 2
10749.0 1
10781.0 1
10785.0 1
10841.0 1
10875.0 1
10896.0 1
10908.0 1
10916.0 1
10931.0 1
10946.0 1
10999.0 1
11035.0 1
11064.0 1
11072.0 1
11137.0 1
11204.0 1
11226.0 1
11240.0 1
11294.0 1
11308.0 1
11315.0 1
11346.0 1
11347.0 1
11376.0 1
11391.0 1
11402.0 1
11424.0 1
11453.0 1
11497.0 1
11610.0 1
11625.0 1
11640.0 1
11646.0 1
11669.0 1
11679.0 1
11696.0 1
11736.0 2
11822.0 1
11833.0 1
11885.0 1
11888.0 1
11900.0 1
11990.0 1
11992.0 1
12100.0 1
12130.0 1
12133.0 1
12135.0 1
12138.0 1
12149.0 1
12158.0 1
12171.0 1
12218.0 1
12239.0 1
12358.0 1
12619.0 1
12626.0 1
12733.0 1
12735.0 1
12747.0 1
12830.0 1
12836.0 1
13021.0 1
13078.0 1
13100.0 1
13122.0 1
13125.0 1
13177.0 1
13199.0 1
13211.0 1
13288.0 1
13300.0 1
13335.0 1
13344.0 1
13364.0 1
13412.0 1
13424.0 1
13473.0 1
13474.0 1
13534.0 1
13595.0 1
13610.0 1
13625.0 1
13658.0 1
13738.0 1
13787.0 1
13847.0 1
13899.0 1
13962.0 1
13998.0 1
14070.0 1
14086.0 1
14163.0 1
14191.0 1
14196.0 1
14202.0 1
14237.0 1
14248.0 1
14335.0 1
14505.0 1
14863.0 1
14974.0 1
14983.0 1
15161.0 1
15301.0 1
15440.0 1
15600.0 1
15721.0 1
15782.0 1
15796.0 1
15932.0 1
15983.0 1
16212.0 1
16403.0 1
16438.0 1
16668.0 1
16677.0 1
16696.0 1
16742.0 1
16909.0 1
16933.0 1
17026.0 1
17083.0 1
17087.0 1
17098.0 1
17165.0 1
17167.0 1
17318.0 1
17470.0 1
17531.0 1
17598.0 1
17706.0 1
17741.0 1
17770.0 1
17815.0 1
17983.0 1
18104.0 1
18145.0 1
18192.0 1
18193.0 1
18281.0 1
18300.0 1
18471.0 1
18506.0 1
18774.0 1
18818.0 1
18849.0 1
18862.0 1
18988.0 1
19053.0 1
19229.0 1
19357.0 1
19590.0 1
19658.0 1
19686.0 1
19823.0 1
19872.0 1
19892.0 1
19942.0 1
19987.0 1
20055.0 1
20183.0 1
20675.0 1
20726.0 1
21154.0 1
21309.0 1
21391.0 1
21419.0 1
21469.0 1
21671.0 1
21958.0 1
22031.0 1
22485.0 1
22498.0 1
23015.0 1
23440.0 1
23498.0 1
23499.0 1
23636.0 1
23820.0 1
23834.0 1
23931.0 1
24053.0 1
24172.0 1
24248.0 1
24337.0 1
24343.0 1
24451.0 1
24467.0 1
24778.0 1
24896.0 1
25382.0 1
25714.0 1
25734.0 1
26063.0 1
26334.0 1
26876.0 1
26965.0 1
27196.0 1
27521.0 1
28279.0 1
28752.0 1
28973.0 1
29219.0 1
29355.0 1
31238.0 1
31419.0 1
31754.0 1
32438.0 1
32769.0 1
33321.0 1
33909.0 1
33947.0 1
35048.0 1
35460.0 1
35685.0 1
36440.0 1
37140.0 1
37340.0 1
41751.0 1
42206.0 1
42358.0 1
43544.0 1
43783.0 1
44830.0 1
49054.0 1
49462.0 1
50742.0 1
50951.0 1
51154.0 1
57161.0 1
57542.0 1
59036.0 1
61313.0 1
62662.0 1
63115.0 1
63231.0 1
63918.0 1
64679.0 1
69431.0 1
71440.0 1
75824.0 1
79404.0 1
82991.0 1
83135.0 1
87978.0 1
89869.0 1
93738.0 1
96946.0 1
101865.0 1
105179.0 1
106800.0 1
110060.0 1
110243.0 1
110772.0 1
133173.0 1
166567.0 1
167021.0 1
195741.0 1
229266.0 1
232187.0 1
241497.0 1
329151.0 1
