1.0 174944
2.0 123037
3.0 89941
4.0 65746
5.0 51568
6.0 40046
7.0 34572
8.0 26365
9.0 22393
10.0 19051
11.0 16896
12.0 15122
13.0 14065
14.0 12628
15.0 11548
16.0 11008
17.0 10443
18.0 9922
19.0 9401
20.0 9518
21.0 9082
22.0 9001
23.0 9329
24.0 9137
25.0 8834
26.0 8128
27.0 7647
28.0 7264
29.0 7229
30.0 6966
31.0 6623
32.0 6533
33.0 6297
34.0 6153
35.0 6196
36.0 5969
37.0 5838
38.0 5534
39.0 5408
40.0 5426
41.0 5284
42.0 5090
43.0 5031
44.0 4719
45.0 4633
46.0 4448
47.0 4594
48.0 4277
49.0 4097
50.0 4025
51.0 3819
52.0 3745
53.0 3648
54.0 3679
55.0 3540
56.0 3135
57.0 3041
58.0 3010
59.0 2933
60.0 2819
61.0 2976
62.0 2783
63.0 2840
64.0 2701
65.0 2728
66.0 2426
67.0 2680
68.0 2498
69.0 2564
70.0 2205
71.0 2168
72.0 2208
73.0 2274
74.0 2059
75.0 2178
76.0 2058
77.0 1828
78.0 2169
79.0 2180
80.0 2001
81.0 1927
82.0 1897
83.0 1987
84.0 2103
85.0 1798
86.0 1881
87.0 1992
88.0 2163
89.0 1905
90.0 1668
91.0 1526
92.0 1398
93.0 1292
94.0 1417
95.0 1453
96.0 1269
97.0 1474
98.0 1471
99.0 1674
100.0 1638
101.0 1570
102.0 1829
103.0 1457
104.0 1442
105.0 1648
106.0 1370
107.0 1108
108.0 1272
109.0 1331
110.0 1410
111.0 1437
112.0 1204
113.0 1247
114.0 1382
115.0 1231
116.0 1294
117.0 1350
118.0 1193
119.0 1221
120.0 1050
121.0 1194
122.0 1199
123.0 1088
124.0 1423
125.0 1282
126.0 993
127.0 1181
128.0 1021
129.0 1075
130.0 881
131.0 1063
132.0 928
133.0 799
134.0 885
135.0 858
136.0 983
137.0 1006
138.0 857
139.0 825
140.0 757
141.0 867
142.0 589
143.0 801
144.0 558
145.0 513
146.0 527
147.0 731
148.0 535
149.0 518
150.0 615
151.0 620
152.0 549
153.0 575
154.0 705
155.0 659
156.0 662
157.0 691
158.0 572
159.0 636
160.0 868
161.0 1007
162.0 721
163.0 512
164.0 397
165.0 589
166.0 632
167.0 548
168.0 516
169.0 536
170.0 501
171.0 488
172.0 505
173.0 375
174.0 549
175.0 455
176.0 387
177.0 404
178.0 407
179.0 542
180.0 393
181.0 543
182.0 328
183.0 338
184.0 511
185.0 368
186.0 312
187.0 232
188.0 281
189.0 412
190.0 621
191.0 574
192.0 315
193.0 223
194.0 202
195.0 498
196.0 237
197.0 285
198.0 349
199.0 360
200.0 239
201.0 404
202.0 337
203.0 684
204.0 529
205.0 592
206.0 355
207.0 246
208.0 392
209.0 541
210.0 298
211.0 438
212.0 403
213.0 318
214.0 262
215.0 360
216.0 301
217.0 278
218.0 255
219.0 269
220.0 462
221.0 400
222.0 466
223.0 511
224.0 640
225.0 281
226.0 397
227.0 536
228.0 374
229.0 273
230.0 184
231.0 282
232.0 285
233.0 190
234.0 158
235.0 253
236.0 191
237.0 331
238.0 555
239.0 234
240.0 288
241.0 191
242.0 128
243.0 289
244.0 209
245.0 152
246.0 407
247.0 202
248.0 538
249.0 392
250.0 243
251.0 146
252.0 317
253.0 211
254.0 332
255.0 172
256.0 307
257.0 184
258.0 138
259.0 353
260.0 525
261.0 278
262.0 173
263.0 123
264.0 124
265.0 258
266.0 145
267.0 123
268.0 232
269.0 186
270.0 293
271.0 229
272.0 293
273.0 168
274.0 128
275.0 111
276.0 116
277.0 123
278.0 301
279.0 182
280.0 128
281.0 283
282.0 364
283.0 183
284.0 100
285.0 73
286.0 72
287.0 88
288.0 331
289.0 260
290.0 164
291.0 94
292.0 85
293.0 83
294.0 292
295.0 113
296.0 76
297.0 81
298.0 175
299.0 212
300.0 123
301.0 133
302.0 138
303.0 117
304.0 129
305.0 124
306.0 96
307.0 74
308.0 124
309.0 193
310.0 130
311.0 160
312.0 223
313.0 110
314.0 95
315.0 223
316.0 341
317.0 158
318.0 89
319.0 62
320.0 62
321.0 72
322.0 44
323.0 48
324.0 47
325.0 52
326.0 45
327.0 56
328.0 44
329.0 44
330.0 52
331.0 48
332.0 36
333.0 53
334.0 45
335.0 42
336.0 48
337.0 38
338.0 55
339.0 56
340.0 47
341.0 47
342.0 47
343.0 50
344.0 52
345.0 276
346.0 132
347.0 51
348.0 32
349.0 44
350.0 54
351.0 259
352.0 366
353.0 153
354.0 46
355.0 36
356.0 41
357.0 46
358.0 48
359.0 43
360.0 370
361.0 70
362.0 62
363.0 51
364.0 48
365.0 35
366.0 37
367.0 36
368.0 36
369.0 32
370.0 291
371.0 435
372.0 88
373.0 41
374.0 32
375.0 218
376.0 169
377.0 61
378.0 40
379.0 41
380.0 36
381.0 26
382.0 30
383.0 25
384.0 33
385.0 37
386.0 36
387.0 35
388.0 27
389.0 28
390.0 26
391.0 29
392.0 25
393.0 34
394.0 81
395.0 101
396.0 87
397.0 63
398.0 48
399.0 49
400.0 36
401.0 26
402.0 47
403.0 44
404.0 32
405.0 46
406.0 30
407.0 31
408.0 33
409.0 34
410.0 32
411.0 33
412.0 38
413.0 32
414.0 31
415.0 28
416.0 20
417.0 28
418.0 27
419.0 20
420.0 23
421.0 36
422.0 18
423.0 19
424.0 23
425.0 70
426.0 29
427.0 18
428.0 22
429.0 24
430.0 30
431.0 20
432.0 17
433.0 24
434.0 28
435.0 17
436.0 17
437.0 25
438.0 25
439.0 22
440.0 18
441.0 16
442.0 25
443.0 17
444.0 26
445.0 19
446.0 26
447.0 15
448.0 25
449.0 23
450.0 28
451.0 16
452.0 20
453.0 25
454.0 16
455.0 16
456.0 26
457.0 23
458.0 17
459.0 22
460.0 23
461.0 20
462.0 15
463.0 22
464.0 17
465.0 21
466.0 19
467.0 28
468.0 41
469.0 41
470.0 45
471.0 40
472.0 44
473.0 32
474.0 23
475.0 30
476.0 22
477.0 19
478.0 26
479.0 27
480.0 24
481.0 31
482.0 33
483.0 19
484.0 26
485.0 15
486.0 25
487.0 24
488.0 29
489.0 27
490.0 21
491.0 19
492.0 20
493.0 14
494.0 15
495.0 20
496.0 17
497.0 12
498.0 23
499.0 15
500.0 15
501.0 21
502.0 20
503.0 20
504.0 19
505.0 21
506.0 13
507.0 19
508.0 19
509.0 14
510.0 15
511.0 17
512.0 21
513.0 13
514.0 10
515.0 18
516.0 24
517.0 9
518.0 8
519.0 12
520.0 15
521.0 20
522.0 16
523.0 13
524.0 28
525.0 12
526.0 20
527.0 12
528.0 11
529.0 18
530.0 12
531.0 11
532.0 17
533.0 6
534.0 6
535.0 12
536.0 18
537.0 17
538.0 10
539.0 10
540.0 10
541.0 19
542.0 9
543.0 14
544.0 15
545.0 13
546.0 17
547.0 14
548.0 8
549.0 13
550.0 18
551.0 24
552.0 10
553.0 18
554.0 8
555.0 12
556.0 7
557.0 15
558.0 16
559.0 16
560.0 17
561.0 12
562.0 7
563.0 12
564.0 16
565.0 13
566.0 18
567.0 9
568.0 10
569.0 9
570.0 9
571.0 11
572.0 20
573.0 12
574.0 9
575.0 7
576.0 16
577.0 9
578.0 9
579.0 9
580.0 7
581.0 8
582.0 14
583.0 9
584.0 14
585.0 13
586.0 11
587.0 13
588.0 13
589.0 12
590.0 13
591.0 8
592.0 12
593.0 11
594.0 43
595.0 11
596.0 12
597.0 9
598.0 11
599.0 7
600.0 10
601.0 11
602.0 9
603.0 10
604.0 11
605.0 8
606.0 13
607.0 14
608.0 20
609.0 16
610.0 24
611.0 24
612.0 20
613.0 16
614.0 14
615.0 15
616.0 11
617.0 14
618.0 11
619.0 13
620.0 17
621.0 9
622.0 12
623.0 15
624.0 9
625.0 15
626.0 11
627.0 16
628.0 19
629.0 10
630.0 9
631.0 14
632.0 5
633.0 11
634.0 12
635.0 11
636.0 9
637.0 8
638.0 8
639.0 8
640.0 17
641.0 14
642.0 14
643.0 5
644.0 7
645.0 6
646.0 10
647.0 9
648.0 13
649.0 12
650.0 9
651.0 12
652.0 7
653.0 11
654.0 9
655.0 10
656.0 4
657.0 14
658.0 6
659.0 14
660.0 8
661.0 9
662.0 11
663.0 11
664.0 9
665.0 12
666.0 141
667.0 37
668.0 22
669.0 18
670.0 16
671.0 10
672.0 8
673.0 2
674.0 7
675.0 5
676.0 6
677.0 13
678.0 7
679.0 12
680.0 14
681.0 8
682.0 11
683.0 15
684.0 454
685.0 108
686.0 42
687.0 35
688.0 23
689.0 26
690.0 22
691.0 23
692.0 24
693.0 12
694.0 13
695.0 12
696.0 10
697.0 10
698.0 6
699.0 11
700.0 16
701.0 10
702.0 6
703.0 10
704.0 17
705.0 19
706.0 13
707.0 11
708.0 9
709.0 8
710.0 13
711.0 9
712.0 7
713.0 13
714.0 7
715.0 7
716.0 9
717.0 11
718.0 11
719.0 4
720.0 6
721.0 5
722.0 10
723.0 12
724.0 4
725.0 4
726.0 3
727.0 8
728.0 7
729.0 5
730.0 9
731.0 4
732.0 8
733.0 4
734.0 9
735.0 4
736.0 7
737.0 5
738.0 11
739.0 8
740.0 9
741.0 7
742.0 7
743.0 7
744.0 7
745.0 5
746.0 6
747.0 9
748.0 6
749.0 5
750.0 4
751.0 4
752.0 5
753.0 4
754.0 3
755.0 4
756.0 6
757.0 10
758.0 9
759.0 7
760.0 9
761.0 5
762.0 7
763.0 9
764.0 7
765.0 7
766.0 1
767.0 4
768.0 2
769.0 1
770.0 5
771.0 4
772.0 9
773.0 9
774.0 4
775.0 8
776.0 9
777.0 9
778.0 4
779.0 6
780.0 2
781.0 5
782.0 5
783.0 4
784.0 5
785.0 5
786.0 4
787.0 6
788.0 4
789.0 3
790.0 4
791.0 9
792.0 5
793.0 4
794.0 2
795.0 5
796.0 4
797.0 7
798.0 10
799.0 3
800.0 7
801.0 9
802.0 11
803.0 5
804.0 9
805.0 10
806.0 8
807.0 7
808.0 5
809.0 5
810.0 3
811.0 5
812.0 5
813.0 2
814.0 5
815.0 8
816.0 8
817.0 7
818.0 1
819.0 6
820.0 6
821.0 2
822.0 7
823.0 8
824.0 6
825.0 7
826.0 4
827.0 6
828.0 7
829.0 10
830.0 4
831.0 18
832.0 25
833.0 21
834.0 38
835.0 44
836.0 49
837.0 53
838.0 42
839.0 42
840.0 60
841.0 53
842.0 45
843.0 42
844.0 43
845.0 35
846.0 26
847.0 28
848.0 36
849.0 35
850.0 26
851.0 25
852.0 25
853.0 12
854.0 26
855.0 13
856.0 18
857.0 21
858.0 17
859.0 9
860.0 11
861.0 11
862.0 12
863.0 10
864.0 9
865.0 3
866.0 17
867.0 8
868.0 12
869.0 11
870.0 10
871.0 14
872.0 3
873.0 3
874.0 5
875.0 3
876.0 6
877.0 6
878.0 5
879.0 5
880.0 3
881.0 5
882.0 4
884.0 4
885.0 5
886.0 8
887.0 5
888.0 8
889.0 3
890.0 3
891.0 5
892.0 2
893.0 6
894.0 3
895.0 5
896.0 6
897.0 3
898.0 3
899.0 3
900.0 3
901.0 3
902.0 5
903.0 5
904.0 5
905.0 5
906.0 3
907.0 4
908.0 5
909.0 6
910.0 6
911.0 4
912.0 4
913.0 4
914.0 6
915.0 3
916.0 3
917.0 4
919.0 5
920.0 1
921.0 4
922.0 6
923.0 5
924.0 1
925.0 2
926.0 2
927.0 2
928.0 2
929.0 6
930.0 7
931.0 5
932.0 1
933.0 2
934.0 4
935.0 2
936.0 2
937.0 1
938.0 1
939.0 4
940.0 3
941.0 2
942.0 5
943.0 7
944.0 4
945.0 3
946.0 4
947.0 2
948.0 4
949.0 2
950.0 2
951.0 4
952.0 5
953.0 4
954.0 1
956.0 3
957.0 4
958.0 4
959.0 3
960.0 3
961.0 2
962.0 3
963.0 5
964.0 1
965.0 1
966.0 3
967.0 2
968.0 5
969.0 3
970.0 4
971.0 7
972.0 3
973.0 3
974.0 2
975.0 5
976.0 3
977.0 3
978.0 2
979.0 3
980.0 4
981.0 5
982.0 6
985.0 2
986.0 4
987.0 3
988.0 3
989.0 5
990.0 4
991.0 3
992.0 4
995.0 4
996.0 1
997.0 3
998.0 3
999.0 5
1000.0 2
1001.0 1
1002.0 6
1003.0 2
1004.0 2
1005.0 3
1006.0 2
1007.0 3
1008.0 3
1009.0 2
1010.0 1
1011.0 2
1012.0 2
1013.0 1
1014.0 4
1015.0 3
1016.0 7
1018.0 4
1019.0 3
1020.0 1
1021.0 1
1022.0 1
1023.0 6
1024.0 5
1025.0 3
1026.0 3
1028.0 2
1029.0 1
1030.0 2
1031.0 2
1032.0 3
1033.0 3
1035.0 5
1036.0 4
1037.0 5
1038.0 2
1040.0 3
1042.0 3
1043.0 2
1044.0 1
1045.0 3
1046.0 4
1047.0 1
1048.0 2
1049.0 3
1050.0 2
1051.0 1
1052.0 4
1053.0 4
1054.0 6
1055.0 3
1056.0 1
1058.0 3
1059.0 4
1060.0 4
1061.0 3
1062.0 2
1063.0 3
1064.0 5
1065.0 2
1066.0 3
1067.0 1
1068.0 3
1069.0 2
1070.0 7
1071.0 2
1072.0 3
1074.0 3
1075.0 3
1076.0 1
1077.0 4
1078.0 2
1080.0 3
1081.0 2
1082.0 1
1083.0 4
1084.0 5
1085.0 4
1086.0 3
1087.0 1
1088.0 1
1089.0 2
1090.0 7
1091.0 3
1092.0 3
1093.0 1
1094.0 2
1096.0 2
1097.0 3
1098.0 2
1099.0 1
1100.0 3
1101.0 3
1102.0 3
1103.0 2
1104.0 4
1105.0 1
1106.0 3
1107.0 4
1108.0 3
1109.0 5
1110.0 2
1111.0 1
1112.0 4
1113.0 6
1114.0 2
1115.0 1
1116.0 2
1117.0 1
1118.0 3
1119.0 2
1120.0 5
1121.0 2
1122.0 6
1123.0 2
1124.0 4
1125.0 2
1126.0 2
1127.0 2
1128.0 2
1129.0 1
1130.0 1
1131.0 2
1132.0 1
1133.0 2
1134.0 4
1135.0 2
1136.0 4
1137.0 1
1138.0 1
1139.0 3
1140.0 5
1141.0 2
1142.0 2
1143.0 2
1144.0 3
1145.0 2
1147.0 3
1148.0 3
1149.0 3
1150.0 1
1151.0 1
1153.0 1
1155.0 3
1156.0 5
1157.0 2
1158.0 4
1159.0 1
1161.0 4
1162.0 1
1163.0 2
1164.0 2
1165.0 1
1166.0 1
1167.0 1
1168.0 6
1170.0 4
1171.0 1
1172.0 3
1173.0 3
1174.0 3
1175.0 2
1176.0 1
1177.0 2
1178.0 1
1179.0 1
1180.0 1
1182.0 5
1183.0 2
1184.0 2
1186.0 2
1188.0 3
1189.0 2
1190.0 2
1191.0 4
1192.0 4
1193.0 1
1194.0 2
1195.0 2
1196.0 3
1198.0 1
1199.0 2
1200.0 7
1201.0 2
1202.0 1
1203.0 3
1207.0 1
1209.0 5
1210.0 1
1211.0 1
1212.0 3
1213.0 1
1214.0 2
1215.0 1
1217.0 4
1218.0 2
1219.0 1
1220.0 1
1222.0 2
1223.0 3
1224.0 1
1225.0 1
1226.0 2
1227.0 1
1228.0 1
1229.0 2
1230.0 2
1232.0 3
1233.0 2
1234.0 1
1235.0 3
1236.0 1
1237.0 2
1238.0 3
1239.0 2
1240.0 2
1241.0 2
1242.0 5
1243.0 3
1244.0 4
1245.0 3
1248.0 1
1249.0 1
1250.0 3
1251.0 1
1252.0 3
1254.0 3
1255.0 4
1256.0 2
1257.0 3
1258.0 1
1259.0 2
1260.0 2
1261.0 3
1262.0 3
1263.0 1
1264.0 1
1266.0 2
1267.0 1
1268.0 2
1269.0 3
1270.0 3
1271.0 2
1272.0 1
1273.0 2
1275.0 1
1276.0 3
1277.0 1
1278.0 4
1279.0 1
1280.0 2
1281.0 2
1282.0 3
1283.0 1
1284.0 1
1285.0 3
1286.0 1
1287.0 3
1288.0 1
1289.0 2
1291.0 4
1292.0 2
1293.0 1
1296.0 2
1297.0 2
1298.0 3
1299.0 1
1300.0 3
1301.0 2
1302.0 3
1303.0 1
1304.0 3
1306.0 2
1307.0 2
1308.0 3
1309.0 2
1310.0 4
1311.0 1
1313.0 2
1314.0 2
1316.0 3
1317.0 1
1318.0 2
1320.0 1
1321.0 2
1322.0 3
1323.0 1
1324.0 1
1325.0 1
1327.0 1
1328.0 2
1330.0 2
1331.0 3
1332.0 4
1333.0 1
1334.0 1
1335.0 1
1336.0 4
1337.0 1
1338.0 1
1339.0 1
1340.0 1
1341.0 2
1342.0 1
1343.0 1
1344.0 1
1347.0 2
1348.0 2
1349.0 2
1350.0 2
1351.0 4
1352.0 2
1356.0 1
1359.0 1
1360.0 4
1361.0 1
1363.0 2
1365.0 1
1366.0 1
1367.0 2
1368.0 1
1369.0 1
1372.0 2
1373.0 1
1374.0 1
1376.0 2
1377.0 2
1378.0 1
1380.0 3
1381.0 1
1382.0 1
1385.0 2
1386.0 3
1387.0 1
1388.0 3
1389.0 2
1391.0 1
1392.0 3
1393.0 2
1394.0 2
1395.0 3
1398.0 2
1399.0 1
1400.0 2
1401.0 2
1404.0 2
1406.0 4
1407.0 1
1408.0 2
1409.0 3
1410.0 1
1412.0 2
1413.0 1
1415.0 4
1417.0 1
1418.0 2
1419.0 1
1420.0 3
1421.0 3
1422.0 4
1423.0 1
1425.0 2
1426.0 3
1428.0 2
1429.0 2
1431.0 2
1432.0 4
1433.0 2
1434.0 2
1435.0 2
1438.0 2
1439.0 1
1440.0 1
1441.0 1
1443.0 1
1444.0 1
1445.0 2
1447.0 1
1448.0 3
1449.0 2
1451.0 1
1453.0 2
1454.0 2
1455.0 3
1456.0 1
1457.0 1
1458.0 3
1459.0 1
1462.0 1
1463.0 1
1464.0 2
1465.0 1
1466.0 3
1468.0 2
1469.0 3
1471.0 1
1473.0 1
1475.0 1
1476.0 1
1477.0 1
1478.0 3
1479.0 4
1480.0 1
1482.0 1
1483.0 3
1484.0 1
1485.0 2
1486.0 2
1487.0 4
1489.0 3
1490.0 2
1492.0 2
1493.0 2
1494.0 2
1495.0 1
1496.0 1
1498.0 2
1500.0 1
1501.0 1
1503.0 1
1504.0 3
1505.0 1
1506.0 1
1508.0 1
1509.0 3
1511.0 1
1513.0 2
1518.0 2
1523.0 2
1527.0 2
1529.0 4
1530.0 1
1531.0 3
1533.0 3
1534.0 1
1535.0 2
1537.0 2
1540.0 2
1541.0 2
1542.0 1
1543.0 1
1544.0 1
1547.0 5
1548.0 3
1549.0 4
1550.0 1
1551.0 3
1552.0 1
1553.0 3
1555.0 3
1556.0 1
1557.0 3
1558.0 3
1559.0 3
1561.0 2
1562.0 2
1563.0 2
1564.0 2
1566.0 3
1567.0 3
1568.0 2
1569.0 3
1571.0 2
1572.0 4
1573.0 3
1574.0 4
1575.0 1
1576.0 2
1577.0 1
1578.0 2
1579.0 1
1580.0 1
1581.0 2
1583.0 1
1585.0 1
1586.0 3
1587.0 1
1588.0 1
1589.0 1
1590.0 3
1592.0 3
1595.0 1
1596.0 5
1597.0 1
1598.0 3
1599.0 1
1600.0 1
1601.0 1
1603.0 2
1604.0 2
1605.0 1
1606.0 2
1607.0 2
1608.0 2
1609.0 1
1610.0 1
1611.0 1
1612.0 3
1615.0 2
1616.0 1
1618.0 1
1620.0 1
1621.0 3
1624.0 3
1625.0 2
1626.0 2
1627.0 2
1629.0 1
1630.0 2
1632.0 2
1633.0 3
1634.0 1
1635.0 1
1637.0 1
1638.0 1
1639.0 1
1640.0 1
1641.0 1
1642.0 1
1643.0 1
1650.0 1
1651.0 1
1652.0 1
1654.0 1
1655.0 3
1656.0 3
1657.0 2
1658.0 2
1659.0 3
1662.0 1
1664.0 1
1665.0 1
1666.0 3
1668.0 1
1670.0 1
1671.0 3
1672.0 1
1673.0 1
1675.0 1
1676.0 1
1678.0 1
1680.0 1
1681.0 2
1682.0 1
1683.0 2
1685.0 1
1686.0 1
1688.0 1
1690.0 3
1691.0 1
1692.0 3
1693.0 1
1695.0 2
1696.0 2
1698.0 1
1699.0 2
1700.0 1
1702.0 1
1704.0 1
1705.0 1
1706.0 2
1707.0 1
1709.0 1
1712.0 1
1713.0 3
1714.0 1
1715.0 1
1716.0 2
1717.0 1
1718.0 1
1720.0 1
1724.0 3
1726.0 1
1727.0 1
1729.0 1
1730.0 2
1731.0 2
1732.0 3
1735.0 2
1736.0 1
1737.0 1
1738.0 2
1740.0 1
1741.0 1
1742.0 1
1743.0 1
1744.0 1
1745.0 2
1751.0 2
1753.0 3
1754.0 1
1755.0 1
1757.0 2
1758.0 3
1759.0 1
1760.0 2
1761.0 1
1762.0 1
1764.0 3
1765.0 1
1766.0 1
1768.0 1
1771.0 2
1773.0 4
1775.0 3
1776.0 2
1779.0 3
1781.0 1
1782.0 3
1785.0 1
1786.0 2
1787.0 1
1789.0 1
1790.0 3
1792.0 1
1793.0 2
1796.0 1
1798.0 1
1799.0 2
1801.0 2
1803.0 1
1804.0 2
1807.0 1
1808.0 3
1814.0 1
1816.0 2
1818.0 1
1819.0 1
1820.0 3
1822.0 1
1824.0 1
1825.0 1
1826.0 2
1827.0 1
1828.0 3
1830.0 1
1832.0 2
1834.0 1
1835.0 1
1837.0 2
1838.0 2
1840.0 3
1841.0 1
1842.0 1
1843.0 1
1844.0 2
1848.0 1
1851.0 1
1852.0 2
1853.0 1
1854.0 4
1855.0 1
1857.0 1
1858.0 1
1859.0 2
1860.0 1
1861.0 2
1862.0 2
1865.0 2
1867.0 2
1868.0 2
1870.0 2
1872.0 1
1874.0 1
1878.0 2
1880.0 1
1881.0 3
1885.0 1
1886.0 1
1887.0 1
1888.0 1
1889.0 3
1890.0 1
1892.0 1
1893.0 1
1895.0 1
1896.0 3
1899.0 1
1900.0 1
1901.0 1
1902.0 1
1905.0 1
1906.0 2
1907.0 3
1912.0 1
1913.0 1
1915.0 1
1916.0 1
1917.0 2
1918.0 1
1919.0 1
1920.0 1
1921.0 1
1922.0 2
1923.0 1
1924.0 2
1926.0 1
1928.0 2
1929.0 1
1931.0 2
1932.0 1
1934.0 2
1935.0 1
1936.0 1
1937.0 3
1938.0 1
1939.0 2
1940.0 2
1944.0 1
1946.0 1
1947.0 1
1948.0 1
1951.0 1
1952.0 2
1953.0 1
1957.0 2
1958.0 1
1961.0 1
1963.0 1
1965.0 1
1966.0 1
1968.0 1
1971.0 1
1974.0 2
1975.0 3
1976.0 1
1977.0 2
1979.0 2
1980.0 1
1981.0 1
1982.0 1
1983.0 1
1985.0 1
1988.0 1
1989.0 1
1996.0 1
2000.0 1
2001.0 2
2002.0 1
2005.0 3
2009.0 3
2011.0 1
2014.0 1
2016.0 1
2019.0 2
2020.0 1
2021.0 1
2022.0 1
2024.0 1
2029.0 1
2030.0 2
2031.0 1
2032.0 1
2033.0 1
2037.0 1
2043.0 1
2046.0 1
2051.0 1
2052.0 3
2053.0 4
2055.0 1
2057.0 2
2058.0 1
2059.0 1
2061.0 2
2063.0 1
2065.0 1
2067.0 1
2068.0 1
2074.0 1
2075.0 1
2078.0 1
2080.0 1
2081.0 1
2082.0 1
2083.0 2
2087.0 2
2090.0 1
2094.0 2
2097.0 1
2100.0 1
2101.0 2
2102.0 2
2106.0 1
2108.0 1
2109.0 1
2111.0 1
2113.0 1
2115.0 2
2116.0 1
2117.0 1
2124.0 2
2125.0 1
2128.0 1
2130.0 1
2135.0 1
2136.0 2
2138.0 1
2139.0 1
2140.0 1
2141.0 1
2143.0 1
2148.0 1
2150.0 1
2152.0 1
2153.0 1
2154.0 2
2155.0 1
2157.0 1
2158.0 1
2160.0 1
2161.0 2
2163.0 1
2164.0 1
2165.0 2
2167.0 3
2170.0 1
2172.0 1
2173.0 2
2174.0 1
2177.0 1
2180.0 1
2181.0 2
2186.0 1
2187.0 2
2197.0 2
2202.0 3
2206.0 1
2212.0 1
2213.0 2
2215.0 1
2217.0 1
2219.0 1
2221.0 1
2224.0 1
2230.0 1
2233.0 1
2234.0 2
2235.0 2
2239.0 1
2241.0 1
2242.0 1
2243.0 4
2245.0 1
2248.0 2
2253.0 1
2255.0 1
2257.0 1
2259.0 1
2261.0 1
2262.0 1
2264.0 1
2269.0 1
2270.0 1
2271.0 2
2275.0 1
2278.0 1
2281.0 1
2283.0 1
2284.0 1
2285.0 1
2287.0 1
2289.0 1
2291.0 1
2292.0 1
2294.0 2
2295.0 1
2296.0 1
2300.0 1
2301.0 2
2303.0 1
2304.0 1
2309.0 1
2311.0 1
2314.0 1
2315.0 1
2320.0 1
2322.0 1
2324.0 1
2328.0 1
2330.0 1
2333.0 1
2338.0 1
2339.0 1
2341.0 2
2343.0 1
2344.0 1
2345.0 2
2348.0 2
2349.0 1
2351.0 1
2354.0 1
2356.0 1
2358.0 1
2359.0 1
2361.0 3
2365.0 1
2366.0 1
2368.0 1
2370.0 1
2371.0 1
2373.0 2
2378.0 1
2384.0 2
2385.0 1
2390.0 1
2396.0 1
2397.0 1
2398.0 1
2401.0 1
2403.0 1
2404.0 3
2411.0 2
2416.0 2
2417.0 1
2421.0 1
2422.0 1
2425.0 1
2427.0 1
2428.0 1
2429.0 1
2430.0 1
2439.0 1
2443.0 2
2446.0 1
2447.0 1
2449.0 1
2450.0 1
2451.0 2
2452.0 3
2457.0 3
2459.0 1
2462.0 3
2463.0 1
2467.0 1
2471.0 3
2472.0 3
2473.0 2
2475.0 1
2476.0 3
2480.0 2
2481.0 1
2486.0 1
2487.0 1
2489.0 1
2490.0 1
2491.0 2
2492.0 1
2493.0 1
2499.0 1
2500.0 1
2501.0 1
2504.0 1
2506.0 3
2511.0 2
2514.0 1
2517.0 1
2519.0 1
2520.0 2
2522.0 2
2525.0 3
2527.0 2
2528.0 3
2529.0 1
2532.0 1
2534.0 1
2535.0 1
2540.0 2
2544.0 1
2546.0 1
2548.0 2
2550.0 1
2551.0 1
2553.0 1
2556.0 3
2557.0 2
2558.0 1
2559.0 2
2560.0 1
2562.0 1
2572.0 1
2575.0 1
2578.0 1
2580.0 2
2581.0 1
2582.0 2
2586.0 1
2588.0 1
2591.0 2
2592.0 2
2593.0 4
2595.0 2
2596.0 2
2599.0 4
2600.0 2
2602.0 1
2603.0 2
2605.0 3
2606.0 1
2607.0 2
2609.0 1
2611.0 2
2612.0 1
2613.0 1
2618.0 2
2619.0 1
2620.0 2
2625.0 1
2626.0 1
2627.0 4
2630.0 2
2631.0 1
2632.0 1
2633.0 1
2634.0 1
2637.0 3
2638.0 2
2639.0 1
2642.0 1
2643.0 2
2644.0 4
2646.0 1
2648.0 1
2649.0 1
2651.0 1
2652.0 1
2653.0 1
2654.0 1
2655.0 1
2656.0 3
2657.0 1
2658.0 1
2659.0 1
2660.0 1
2662.0 2
2664.0 1
2665.0 1
2666.0 1
2669.0 1
2671.0 1
2672.0 2
2674.0 1
2675.0 1
2676.0 1
2678.0 1
2679.0 1
2681.0 1
2682.0 2
2683.0 1
2684.0 1
2686.0 1
2690.0 1
2692.0 1
2694.0 2
2695.0 3
2701.0 2
2702.0 4
2706.0 1
2708.0 1
2709.0 2
2712.0 2
2713.0 2
2715.0 2
2716.0 3
2718.0 2
2720.0 1
2722.0 3
2726.0 2
2729.0 1
2730.0 5
2731.0 1
2732.0 1
2733.0 1
2734.0 1
2735.0 1
2736.0 1
2738.0 1
2739.0 3
2740.0 1
2741.0 2
2742.0 2
2743.0 1
2746.0 1
2748.0 1
2750.0 1
2751.0 2
2752.0 1
2753.0 1
2754.0 2
2755.0 1
2756.0 1
2757.0 2
2760.0 2
2761.0 2
2764.0 1
2765.0 1
2766.0 1
2770.0 2
2772.0 6
2774.0 1
2775.0 1
2778.0 1
2781.0 2
2782.0 1
2786.0 4
2788.0 2
2790.0 3
2791.0 1
2792.0 1
2793.0 1
2796.0 1
2797.0 1
2798.0 2
2800.0 1
2804.0 1
2806.0 4
2808.0 2
2812.0 3
2813.0 2
2815.0 1
2817.0 1
2818.0 1
2819.0 1
2820.0 2
2821.0 1
2822.0 1
2826.0 1
2831.0 2
2832.0 1
2833.0 1
2834.0 1
2835.0 3
2837.0 1
2840.0 2
2841.0 1
2845.0 1
2846.0 1
2847.0 3
2848.0 1
2849.0 1
2850.0 1
2851.0 1
2852.0 2
2853.0 1
2854.0 1
2856.0 3
2857.0 2
2858.0 1
2860.0 1
2861.0 1
2862.0 3
2864.0 2
2868.0 3
2869.0 2
2870.0 1
2872.0 1
2873.0 1
2874.0 2
2876.0 2
2879.0 1
2880.0 1
2884.0 1
2887.0 2
2891.0 1
2892.0 2
2895.0 2
2898.0 1
2899.0 3
2901.0 1
2902.0 4
2906.0 1
2907.0 1
2908.0 3
2912.0 2
2913.0 2
2914.0 2
2915.0 1
2916.0 1
2917.0 2
2921.0 2
2922.0 2
2923.0 1
2925.0 3
2926.0 1
2928.0 2
2930.0 2
2931.0 2
2932.0 1
2933.0 1
2934.0 1
2935.0 1
2936.0 1
2937.0 2
2938.0 1
2940.0 1
2941.0 2
2942.0 2
2945.0 1
2948.0 3
2949.0 1
2951.0 1
2952.0 1
2954.0 1
2955.0 1
2959.0 1
2960.0 1
2961.0 1
2964.0 1
2966.0 1
2977.0 1
2978.0 2
2980.0 1
2981.0 1
2982.0 1
2984.0 1
2990.0 1
2991.0 2
2992.0 1
2994.0 1
2998.0 1
2999.0 1
3000.0 1
3002.0 2
3007.0 2
3008.0 1
3011.0 2
3012.0 1
3013.0 1
3014.0 2
3015.0 1
3018.0 1
3024.0 1
3027.0 1
3029.0 1
3030.0 1
3034.0 2
3035.0 1
3036.0 1
3037.0 1
3039.0 1
3041.0 1
3042.0 2
3043.0 3
3044.0 1
3051.0 1
3052.0 1
3053.0 4
3056.0 1
3057.0 1
3058.0 2
3063.0 1
3066.0 1
3070.0 1
3074.0 1
3077.0 1
3078.0 1
3079.0 2
3080.0 2
3083.0 1
3085.0 1
3087.0 3
3088.0 1
3089.0 2
3090.0 1
3101.0 1
3102.0 1
3103.0 1
3104.0 1
3105.0 1
3110.0 1
3114.0 2
3118.0 1
3119.0 2
3120.0 1
3125.0 1
3128.0 1
3132.0 2
3133.0 1
3135.0 1
3136.0 2
3141.0 1
3147.0 1
3150.0 1
3152.0 1
3157.0 1
3159.0 1
3161.0 1
3172.0 1
3174.0 1
3176.0 1
3177.0 2
3183.0 1
3184.0 1
3188.0 1
3191.0 1
3192.0 1
3194.0 7
3195.0 2
3196.0 1
3197.0 1
3198.0 5
3200.0 2
3201.0 1
3204.0 3
3208.0 1
3209.0 1
3210.0 1
3214.0 1
3215.0 1
3217.0 1
3223.0 1
3225.0 1
3227.0 1
3230.0 1
3236.0 1
3240.0 1
3245.0 1
3248.0 1
3251.0 1
3253.0 1
3255.0 1
3264.0 1
3266.0 2
3272.0 1
3276.0 1
3278.0 1
3285.0 3
3292.0 1
3296.0 1
3308.0 1
3309.0 1
3311.0 1
3320.0 1
3323.0 1
3332.0 3
3335.0 1
3340.0 1
3346.0 1
3349.0 1
3352.0 1
3355.0 1
3357.0 1
3369.0 1
3372.0 2
3377.0 2
3380.0 1
3382.0 1
3390.0 1
3393.0 1
3400.0 1
3404.0 1
3405.0 1
3424.0 1
3430.0 1
3438.0 1
3440.0 1
3443.0 1
3450.0 1
3456.0 1
3461.0 1
3469.0 2
3473.0 1
3475.0 1
3476.0 1
3482.0 2
3483.0 1
3485.0 1
3495.0 1
3496.0 2
3498.0 1
3505.0 1
3510.0 1
3512.0 1
3514.0 1
3522.0 1
3527.0 1
3536.0 1
3546.0 1
3556.0 1
3565.0 1
3574.0 1
3583.0 1
3594.0 1
3599.0 2
3600.0 1
3601.0 1
3603.0 1
3604.0 1
3610.0 1
3615.0 1
3619.0 2
3620.0 1
3621.0 1
3626.0 1
3630.0 2
3631.0 1
3636.0 1
3637.0 2
3638.0 1
3640.0 1
3643.0 1
3645.0 1
3649.0 1
3650.0 1
3654.0 1
3660.0 1
3661.0 1
3662.0 1
3668.0 1
3670.0 1
3685.0 1
3688.0 1
3690.0 1
3694.0 1
3698.0 2
3704.0 1
3710.0 1
3712.0 1
3716.0 1
3725.0 1
3727.0 1
3733.0 1
3736.0 1
3737.0 1
3743.0 1
3748.0 2
3755.0 2
3770.0 1
3779.0 1
3780.0 1
3802.0 1
3805.0 1
3822.0 1
3823.0 1
3827.0 1
3828.0 1
3851.0 1
3855.0 1
3856.0 1
3860.0 1
3861.0 2
3862.0 1
3877.0 2
3878.0 1
3883.0 1
3887.0 1
3891.0 1
3906.0 1
3922.0 1
3928.0 1
3936.0 1
3947.0 1
3955.0 1
3957.0 1
3963.0 1
3965.0 1
3969.0 1
3972.0 1
3975.0 1
3985.0 1
3986.0 1
3991.0 1
4000.0 1
4004.0 1
4012.0 1
4013.0 1
4019.0 1
4021.0 1
4035.0 1
4036.0 1
4038.0 1
4041.0 1
4042.0 2
4043.0 1
4045.0 1
4046.0 1
4048.0 1
4056.0 2
4059.0 1
4061.0 1
4063.0 1
4065.0 1
4080.0 1
4084.0 1
4088.0 2
4096.0 1
4099.0 1
4112.0 1
4122.0 1
4128.0 1
4134.0 1
4142.0 1
4147.0 1
4148.0 1
4156.0 1
4157.0 1
4177.0 1
4178.0 1
4180.0 1
4181.0 1
4220.0 1
4225.0 1
4227.0 1
4237.0 1
4253.0 1
4259.0 1
4263.0 1
4265.0 1
4282.0 1
4283.0 1
4285.0 1
4290.0 1
4297.0 1
4328.0 1
4339.0 1
4355.0 1
4357.0 1
4365.0 2
4385.0 1
4389.0 1
4392.0 1
4401.0 1
4421.0 1
4431.0 1
4451.0 1
4452.0 1
4473.0 1
4479.0 1
4497.0 1
4515.0 1
4530.0 1
4541.0 1
4543.0 1
4545.0 1
4566.0 1
4579.0 1
4581.0 1
4603.0 1
4609.0 1
4625.0 2
4638.0 2
4644.0 1
4654.0 1
4665.0 1
4669.0 1
4676.0 1
4685.0 1
4704.0 1
4707.0 1
4717.0 1
4721.0 1
4724.0 1
4726.0 1
4728.0 1
4730.0 1
4733.0 1
4743.0 1
4751.0 1
4752.0 1
4767.0 1
4787.0 1
4800.0 1
4801.0 1
4815.0 1
4858.0 1
4859.0 1
4884.0 1
4886.0 1
4888.0 1
4909.0 1
4925.0 1
4963.0 1
4973.0 1
4978.0 1
4979.0 2
4982.0 1
4997.0 1
5012.0 1
5046.0 1
5080.0 1
5081.0 1
5127.0 1
5141.0 1
5162.0 1
5194.0 1
5196.0 1
5204.0 1
5243.0 1
5251.0 1
5266.0 1
5275.0 1
5283.0 1
5291.0 1
5314.0 1
5320.0 1
5342.0 1
5369.0 1
5389.0 1
5413.0 1
5423.0 1
5451.0 1
5505.0 1
5530.0 1
5550.0 1
5563.0 1
5571.0 1
5591.0 1
5647.0 1
5664.0 1
5682.0 1
5684.0 1
5685.0 1
5731.0 1
5744.0 1
5766.0 1
5778.0 1
5783.0 1
5811.0 1
5821.0 1
5835.0 1
5846.0 1
5922.0 1
5927.0 1
5943.0 1
5966.0 1
5981.0 1
5986.0 1
6014.0 1
6018.0 1
6044.0 2
6052.0 1
6056.0 1
6090.0 1
6103.0 1
6109.0 1
6122.0 1
6143.0 1
6160.0 1
6184.0 1
6202.0 1
6215.0 1
6226.0 1
6231.0 1
6244.0 1
6267.0 1
6299.0 1
6310.0 1
6346.0 1
6367.0 1
6384.0 1
6387.0 1
6417.0 1
6433.0 1
6495.0 1
6514.0 1
6515.0 1
6517.0 1
6529.0 1
6552.0 1
6560.0 1
6598.0 1
6613.0 1
6631.0 1
6661.0 1
6663.0 1
6835.0 1
6841.0 1
6851.0 1
6872.0 1
6885.0 1
6894.0 1
6910.0 1
6918.0 1
6933.0 1
6960.0 1
6969.0 1
7034.0 1
7039.0 1
7043.0 1
7044.0 1
7050.0 1
7064.0 1
7085.0 1
7105.0 1
7111.0 1
7129.0 1
7184.0 1
7208.0 1
7254.0 1
7284.0 1
7289.0 1
7390.0 1
7406.0 1
7425.0 1
7426.0 1
7493.0 1
7503.0 1
7506.0 1
7525.0 1
7541.0 1
7551.0 1
7559.0 1
7566.0 1
7595.0 1
7600.0 1
7620.0 1
7625.0 1
7659.0 1
7696.0 1
7698.0 1
7703.0 1
7722.0 1
7744.0 1
7782.0 1
7786.0 1
7842.0 1
7846.0 1
7867.0 1
7889.0 1
7899.0 1
7926.0 1
7959.0 1
8006.0 1
8082.0 1
8140.0 1
8145.0 1
8148.0 1
8167.0 1
8171.0 1
8182.0 1
8188.0 2
8210.0 1
8216.0 1
8232.0 1
8236.0 1
8243.0 1
8263.0 1
8306.0 1
8309.0 1
8330.0 1
8372.0 1
8402.0 1
8460.0 1
8480.0 1
8487.0 1
8492.0 1
8500.0 1
8526.0 1
8546.0 1
8550.0 1
8589.0 1
8632.0 1
8636.0 1
8645.0 1
8654.0 1
8702.0 1
8706.0 1
8737.0 1
8746.0 1
8785.0 1
8825.0 1
8838.0 1
8845.0 1
8860.0 1
8882.0 1
8988.0 1
9080.0 1
9123.0 1
9126.0 1
9155.0 1
9182.0 1
9187.0 1
9190.0 1
9193.0 1
9207.0 1
9208.0 1
9223.0 1
9225.0 1
9246.0 1
9296.0 1
9308.0 1
9351.0 2
9399.0 1
9400.0 1
9437.0 1
9445.0 1
9709.0 1
9735.0 1
9848.0 1
9871.0 1
9963.0 1
10097.0 1
10119.0 1
10191.0 1
10199.0 1
10255.0 1
10269.0 1
10335.0 1
10402.0 1
10408.0 1
10563.0 1
10606.0 1
10694.0 1
10746.0 1
10832.0 1
10855.0 1
10909.0 1
10972.0 1
10990.0 1
10992.0 1
11034.0 1
11088.0 1
11113.0 1
11216.0 1
11257.0 1
11339.0 1
11383.0 1
11432.0 1
11441.0 1
11485.0 1
11523.0 1
11685.0 1
11729.0 1
11794.0 1
11815.0 1
11847.0 1
11850.0 1
11865.0 1
11933.0 1
12032.0 1
12055.0 1
12097.0 1
12129.0 1
12207.0 1
12323.0 1
12340.0 1
12354.0 1
12372.0 1
12419.0 1
12445.0 1
12478.0 1
12502.0 1
12541.0 1
12581.0 1
12751.0 1
12807.0 1
12818.0 1
12861.0 1
12937.0 1
13079.0 1
13109.0 1
13138.0 1
13382.0 1
13407.0 1
13454.0 1
13461.0 1
13508.0 1
13530.0 1
13635.0 1
13667.0 1
13689.0 1
13827.0 1
13857.0 1
13936.0 1
13942.0 1
13982.0 1
14051.0 1
14124.0 1
14162.0 1
14245.0 1
14424.0 1
14499.0 1
14564.0 1
14602.0 1
14667.0 1
14682.0 1
14800.0 1
14844.0 1
14865.0 1
14937.0 1
15136.0 1
15296.0 1
15300.0 1
15313.0 1
15318.0 1
15328.0 1
15334.0 1
15349.0 1
15517.0 1
15550.0 1
15589.0 1
15660.0 1
15761.0 1
15776.0 1
15801.0 1
15821.0 1
15851.0 1
15959.0 1
16167.0 1
16193.0 1
16286.0 1
16307.0 1
16343.0 1
16438.0 1
16521.0 1
16760.0 1
16765.0 1
16837.0 1
16879.0 1
17048.0 1
17202.0 1
17392.0 1
17623.0 1
17718.0 1
17733.0 1
17905.0 1
18078.0 1
18240.0 1
18276.0 1
18351.0 1
18359.0 1
18851.0 1
20015.0 1
20056.0 1
20130.0 1
20239.0 1
20322.0 1
21027.0 1
21139.0 1
21157.0 1
21392.0 1
21427.0 1
21559.0 1
21675.0 1
21761.0 1
21782.0 1
21957.0 1
22768.0 1
22801.0 1
23898.0 1
24075.0 1
24678.0 1
24954.0 1
26341.0 1
26394.0 1
26661.0 1
26959.0 1
27120.0 1
27491.0 1
27541.0 1
27619.0 1
27853.0 1
29595.0 1
29981.0 1
30215.0 1
30411.0 1
30461.0 1
30586.0 1
30859.0 1
31140.0 1
31290.0 1
31412.0 1
31639.0 1
31710.0 1
31759.0 1
32050.0 1
32435.0 1
32495.0 1
32792.0 1
33192.0 1
33336.0 1
33618.0 1
33959.0 1
34317.0 1
35346.0 1
36613.0 1
36989.0 1
37026.0 1
37563.0 1
38124.0 1
38869.0 1
39429.0 1
40482.0 1
40785.0 1
41047.0 1
41224.0 1
41278.0 1
41364.0 1
41754.0 1
41772.0 1
42124.0 1
42280.0 1
43495.0 1
47741.0 1
48063.0 1
49074.0 1
57584.0 1
57894.0 1
58615.0 1
59492.0 1
59969.0 1
68115.0 1
68390.0 1
68526.0 1
75288.0 1
75353.0 1
75973.0 1
76195.0 1
77655.0 1
103359.0 1
117235.0 1
122432.0 1
139885.0 1
196750.0 1
320719.0 1
323439.0 1
326746.0 1
