1.0 687197
2.0 11157
3.0 15616
4.0 18919
5.0 18553
6.0 17416
7.0 17782
8.0 18022
9.0 17053
10.0 17183
11.0 17348
12.0 18659
13.0 19895
14.0 21901
15.0 33401
16.0 41881
17.0 29055
18.0 20682
19.0 21877
20.0 18573
21.0 23138
22.0 16771
23.0 17046
24.0 16969
25.0 17419
26.0 18644
27.0 19692
28.0 12820
29.0 11609
30.0 9836
31.0 8211
32.0 7421
33.0 6679
34.0 6236
35.0 6076
36.0 5554
37.0 5755
38.0 5271
39.0 5002
40.0 4782
41.0 4549
42.0 4334
43.0 4348
44.0 4118
45.0 3908
46.0 3850
47.0 3685
48.0 3911
49.0 4030
50.0 3793
51.0 3775
52.0 3512
53.0 3401
54.0 3110
55.0 3079
56.0 3134
57.0 2987
58.0 3156
59.0 2863
60.0 2806
61.0 2809
62.0 2664
63.0 2691
64.0 2629
65.0 2608
66.0 2443
67.0 2409
68.0 2495
69.0 2498
70.0 2524
71.0 2432
72.0 2468
73.0 2424
74.0 2346
75.0 2241
76.0 2323
77.0 2082
78.0 2173
79.0 2151
80.0 2237
81.0 1942
82.0 2006
83.0 1984
84.0 1880
85.0 1916
86.0 2172
87.0 1975
88.0 1925
89.0 1877
90.0 1835
91.0 1779
92.0 1693
93.0 1670
94.0 1657
95.0 1733
96.0 1726
97.0 1560
98.0 1649
99.0 1573
100.0 1508
101.0 1430
102.0 1436
103.0 1438
104.0 1572
105.0 1457
106.0 1476
107.0 1437
108.0 1359
109.0 1342
110.0 1405
111.0 1486
112.0 1361
113.0 1375
114.0 1318
115.0 1256
116.0 1464
117.0 1428
118.0 1207
119.0 1146
120.0 1089
121.0 1040
122.0 1055
123.0 1007
124.0 1019
125.0 980
126.0 1178
127.0 975
128.0 1060
129.0 1067
130.0 840
131.0 941
132.0 786
133.0 999
134.0 1041
135.0 842
136.0 992
137.0 856
138.0 728
139.0 820
140.0 920
141.0 965
142.0 867
143.0 848
144.0 775
145.0 753
146.0 745
147.0 704
148.0 707
149.0 706
150.0 773
151.0 734
152.0 786
153.0 681
154.0 695
155.0 646
156.0 629
157.0 611
158.0 743
159.0 653
160.0 636
161.0 571
162.0 592
163.0 533
164.0 535
165.0 621
166.0 560
167.0 634
168.0 621
169.0 683
170.0 548
171.0 504
172.0 545
173.0 574
174.0 555
175.0 573
176.0 475
177.0 544
178.0 470
179.0 552
180.0 467
181.0 437
182.0 525
183.0 456
184.0 627
185.0 448
186.0 882
187.0 429
188.0 427
189.0 398
190.0 467
191.0 438
192.0 429
193.0 413
194.0 465
195.0 421
196.0 596
197.0 409
198.0 604
199.0 390
200.0 317
201.0 325
202.0 331
203.0 535
204.0 356
205.0 329
206.0 340
207.0 345
208.0 285
209.0 342
210.0 414
211.0 339
212.0 470
213.0 332
214.0 350
215.0 399
216.0 447
217.0 284
218.0 290
219.0 268
220.0 437
221.0 335
222.0 346
223.0 289
224.0 367
225.0 394
226.0 388
227.0 487
228.0 262
229.0 228
230.0 247
231.0 235
232.0 209
233.0 257
234.0 219
235.0 250
236.0 305
237.0 430
238.0 452
239.0 381
240.0 334
241.0 325
242.0 283
243.0 272
244.0 231
245.0 228
246.0 253
247.0 254
248.0 233
249.0 260
250.0 273
251.0 367
252.0 242
253.0 224
254.0 200
255.0 221
256.0 216
257.0 315
258.0 405
259.0 282
260.0 252
261.0 204
262.0 171
263.0 202
264.0 187
265.0 310
266.0 243
267.0 182
268.0 165
269.0 190
270.0 166
271.0 278
272.0 186
273.0 417
274.0 213
275.0 218
276.0 247
277.0 201
278.0 295
279.0 148
280.0 140
281.0 127
282.0 121
283.0 123
284.0 103
285.0 104
286.0 123
287.0 97
288.0 74
289.0 103
290.0 124
291.0 109
292.0 301
293.0 191
294.0 129
295.0 135
296.0 143
297.0 145
298.0 150
299.0 170
300.0 160
301.0 159
302.0 372
303.0 197
304.0 132
305.0 168
306.0 223
307.0 199
308.0 147
309.0 199
310.0 198
311.0 122
312.0 139
313.0 108
314.0 103
315.0 137
316.0 133
317.0 201
318.0 164
319.0 120
320.0 169
321.0 217
322.0 185
323.0 119
324.0 101
325.0 99
326.0 89
327.0 73
328.0 79
329.0 86
330.0 88
331.0 63
332.0 80
333.0 67
334.0 64
335.0 73
336.0 87
337.0 75
338.0 83
339.0 256
340.0 70
341.0 60
342.0 66
343.0 66
344.0 79
345.0 313
346.0 76
347.0 51
348.0 59
349.0 70
350.0 68
351.0 70
352.0 51
353.0 60
354.0 69
355.0 66
356.0 51
357.0 45
358.0 54
359.0 53
360.0 59
361.0 34
362.0 57
363.0 42
364.0 62
365.0 55
366.0 66
367.0 440
368.0 252
369.0 157
370.0 58
371.0 48
372.0 40
373.0 48
374.0 47
375.0 61
376.0 70
377.0 51
378.0 53
379.0 41
380.0 42
381.0 55
382.0 51
383.0 42
384.0 48
385.0 67
386.0 65
387.0 70
388.0 78
389.0 69
390.0 58
391.0 77
392.0 56
393.0 58
394.0 70
395.0 58
396.0 56
397.0 57
398.0 60
399.0 52
400.0 61
401.0 62
402.0 47
403.0 57
404.0 84
405.0 133
406.0 105
407.0 75
408.0 73
409.0 53
410.0 36
411.0 41
412.0 32
413.0 47
414.0 40
415.0 30
416.0 40
417.0 25
418.0 26
419.0 19
420.0 40
421.0 31
422.0 26
423.0 37
424.0 41
425.0 27
426.0 27
427.0 36
428.0 37
429.0 18
430.0 34
431.0 27
432.0 26
433.0 26
434.0 25
435.0 21
436.0 29
437.0 36
438.0 26
439.0 28
440.0 34
441.0 36
442.0 44
443.0 42
444.0 54
445.0 401
446.0 79
447.0 46
448.0 37
449.0 34
450.0 33
451.0 54
452.0 29
453.0 45
454.0 33
455.0 23
456.0 28
457.0 93
458.0 76
459.0 33
460.0 37
461.0 344
462.0 48
463.0 30
464.0 20
465.0 39
466.0 23
467.0 30
468.0 28
469.0 18
470.0 26
471.0 18
472.0 17
473.0 29
474.0 30
475.0 15
476.0 26
477.0 12
478.0 12
479.0 26
480.0 16
481.0 19
482.0 17
483.0 20
484.0 16
485.0 21
486.0 19
487.0 19
488.0 17
489.0 18
490.0 19
491.0 18
492.0 19
493.0 17
494.0 20
495.0 17
496.0 15
497.0 21
498.0 23
499.0 13
500.0 16
501.0 17
502.0 13
503.0 13
504.0 18
505.0 17
506.0 13
507.0 20
508.0 13
509.0 16
510.0 10
511.0 13
512.0 17
513.0 10
514.0 13
515.0 18
516.0 14
517.0 16
518.0 12
519.0 22
520.0 14
521.0 11
522.0 9
523.0 11
524.0 8
525.0 7
526.0 15
527.0 9
528.0 13
529.0 26
530.0 8
531.0 15
532.0 12
533.0 14
534.0 12
535.0 14
536.0 9
537.0 14
538.0 10
539.0 11
540.0 12
541.0 206
542.0 15
543.0 23
544.0 13
545.0 9
546.0 10
547.0 13
548.0 8
549.0 13
550.0 8
551.0 10
552.0 10
553.0 12
554.0 10
555.0 14
556.0 7
557.0 8
558.0 9
559.0 16
560.0 10
561.0 9
562.0 5
563.0 6
564.0 13
565.0 10
566.0 10
567.0 11
568.0 8
569.0 13
570.0 8
571.0 12
572.0 13
573.0 12
574.0 9
575.0 12
576.0 4
577.0 12
578.0 11
579.0 7
580.0 8
581.0 12
582.0 8
583.0 6
584.0 9
585.0 9
586.0 5
587.0 11
588.0 13
589.0 7
590.0 25
591.0 16
592.0 86
593.0 137
594.0 160
595.0 89
596.0 55
597.0 25
598.0 14
599.0 15
600.0 17
601.0 17
602.0 13
603.0 11
604.0 9
605.0 12
606.0 14
607.0 15
608.0 12
609.0 11
610.0 6
611.0 14
612.0 10
613.0 10
614.0 7
615.0 8
616.0 11
617.0 12
618.0 12
619.0 6
620.0 7
621.0 13
622.0 11
623.0 7
624.0 5
625.0 10
626.0 7
627.0 5
628.0 3
629.0 8
630.0 11
631.0 9
632.0 8
633.0 8
634.0 11
635.0 8
636.0 11
637.0 3
638.0 9
639.0 8
640.0 6
641.0 6
642.0 6
643.0 11
644.0 4
645.0 8
646.0 12
647.0 8
648.0 5
649.0 1
650.0 9
651.0 6
652.0 7
653.0 7
654.0 9
655.0 6
656.0 7
657.0 7
658.0 6
659.0 7
660.0 9
661.0 2
662.0 2
663.0 8
664.0 2
665.0 5
666.0 7
667.0 6
668.0 10
669.0 4
670.0 6
671.0 5
672.0 12
673.0 6
674.0 6
675.0 5
676.0 3
677.0 12
678.0 6
679.0 6
680.0 7
681.0 13
682.0 3
683.0 8
684.0 12
685.0 3
686.0 13
687.0 5
688.0 6
689.0 6
690.0 2
691.0 5
692.0 5
693.0 9
694.0 2
695.0 7
696.0 8
697.0 6
698.0 8
699.0 2
700.0 9
701.0 10
702.0 7
703.0 8
704.0 12
705.0 5
706.0 7
707.0 9
708.0 7
709.0 7
710.0 4
711.0 5
712.0 4
713.0 5
714.0 4
715.0 6
716.0 8
717.0 6
718.0 4
719.0 7
720.0 3
721.0 4
722.0 7
723.0 5
724.0 2
725.0 4
726.0 7
727.0 3
728.0 7
730.0 5
731.0 3
732.0 8
733.0 6
734.0 2
735.0 5
736.0 2
737.0 2
738.0 3
739.0 5
740.0 6
741.0 5
742.0 4
743.0 2
744.0 4
745.0 7
746.0 4
747.0 2
748.0 6
749.0 3
750.0 8
751.0 2
752.0 2
753.0 3
754.0 2
755.0 4
756.0 2
757.0 5
758.0 3
759.0 5
760.0 4
761.0 3
762.0 6
763.0 3
764.0 5
765.0 6
766.0 4
767.0 3
768.0 4
769.0 6
770.0 5
771.0 4
772.0 4
773.0 2
774.0 1
775.0 4
776.0 3
777.0 1
778.0 1
779.0 1
780.0 2
781.0 2
782.0 1
783.0 3
784.0 3
786.0 1
788.0 1
789.0 2
790.0 1
791.0 1
792.0 2
793.0 4
794.0 3
795.0 2
796.0 3
797.0 1
798.0 3
799.0 3
800.0 2
802.0 2
803.0 2
804.0 2
805.0 4
806.0 2
807.0 2
808.0 1
809.0 4
812.0 3
813.0 4
814.0 2
815.0 2
816.0 2
817.0 3
819.0 1
820.0 1
821.0 3
822.0 1
823.0 1
825.0 3
826.0 1
827.0 3
828.0 2
829.0 3
834.0 3
836.0 2
837.0 1
839.0 2
840.0 1
841.0 1
842.0 3
843.0 2
844.0 3
845.0 1
847.0 2
848.0 2
849.0 2
850.0 1
851.0 2
852.0 1
853.0 2
854.0 1
855.0 2
856.0 2
857.0 4
858.0 3
859.0 1
860.0 2
861.0 3
862.0 4
863.0 6
864.0 2
865.0 8
866.0 1
867.0 1
868.0 2
869.0 2
870.0 1
871.0 3
872.0 3
873.0 1
874.0 3
876.0 1
877.0 6
878.0 5
879.0 4
880.0 4
882.0 1
883.0 3
884.0 1
885.0 1
886.0 4
887.0 3
888.0 5
889.0 3
890.0 4
891.0 3
892.0 5
893.0 1
894.0 3
895.0 4
896.0 3
897.0 2
898.0 3
899.0 3
900.0 2
901.0 1
902.0 3
903.0 3
904.0 2
905.0 6
906.0 113
907.0 28
908.0 6
909.0 2
910.0 7
911.0 5
912.0 2
913.0 2
914.0 2
915.0 7
916.0 2
917.0 4
918.0 2
919.0 4
920.0 3
921.0 2
922.0 3
923.0 4
924.0 6
925.0 3
926.0 1
927.0 4
928.0 2
929.0 6
930.0 4
931.0 1
932.0 3
933.0 3
934.0 2
936.0 4
937.0 3
938.0 6
939.0 6
940.0 6
941.0 8
942.0 2
943.0 7
944.0 4
945.0 1
946.0 4
947.0 5
948.0 4
949.0 2
950.0 2
951.0 1
952.0 6
954.0 2
955.0 2
956.0 5
957.0 6
958.0 4
959.0 3
960.0 4
961.0 2
962.0 3
964.0 2
965.0 3
966.0 4
967.0 3
968.0 4
969.0 2
970.0 3
971.0 5
972.0 5
973.0 3
974.0 2
975.0 6
976.0 3
977.0 3
978.0 3
979.0 4
980.0 7
981.0 3
982.0 3
983.0 2
984.0 5
985.0 4
986.0 2
987.0 5
988.0 3
989.0 2
990.0 2
991.0 4
992.0 3
993.0 3
994.0 1
995.0 1
996.0 3
997.0 4
998.0 6
999.0 2
1000.0 1
1001.0 5
1002.0 3
1003.0 1
1004.0 3
1005.0 3
1006.0 4
1007.0 2
1008.0 4
1009.0 1
1010.0 2
1011.0 1
1012.0 3
1013.0 2
1014.0 2
1015.0 1
1016.0 2
1018.0 4
1019.0 3
1020.0 1
1021.0 2
1022.0 3
1023.0 1
1024.0 1
1025.0 3
1026.0 1
1028.0 1
1031.0 3
1032.0 1
1033.0 4
1034.0 1
1035.0 1
1036.0 1
1037.0 1
1038.0 4
1039.0 2
1040.0 1
1041.0 2
1043.0 2
1045.0 1
1046.0 1
1047.0 1
1048.0 2
1049.0 1
1051.0 1
1052.0 5
1053.0 1
1054.0 1
1055.0 4
1056.0 83
1057.0 35
1058.0 670
1059.0 196
1060.0 17
1061.0 10
1062.0 11
1063.0 9
1064.0 13
1065.0 9
1066.0 3
1067.0 5
1069.0 2
1070.0 2
1072.0 1
1073.0 2
1074.0 1
1075.0 4
1077.0 2
1078.0 2
1080.0 2
1081.0 2
1083.0 1
1084.0 2
1085.0 2
1086.0 2
1087.0 2
1088.0 4
1089.0 2
1090.0 2
1091.0 2
1092.0 3
1093.0 3
1094.0 2
1095.0 3
1097.0 1
1098.0 1
1099.0 2
1100.0 2
1103.0 4
1106.0 2
1108.0 4
1109.0 2
1110.0 2
1114.0 1
1115.0 4
1116.0 3
1117.0 1
1118.0 2
1119.0 1
1121.0 1
1122.0 3
1123.0 1
1125.0 1
1126.0 1
1129.0 1
1131.0 1
1132.0 1
1135.0 1
1138.0 2
1139.0 1
1141.0 1
1142.0 1
1144.0 1
1145.0 1
1146.0 1
1148.0 2
1149.0 3
1150.0 1
1151.0 3
1152.0 1
1153.0 2
1154.0 1
1156.0 2
1158.0 4
1159.0 5
1161.0 1
1162.0 1
1164.0 2
1165.0 1
1166.0 1
1167.0 2
1168.0 1
1170.0 2
1171.0 1
1172.0 1
1173.0 1
1177.0 1
1179.0 1
1183.0 1
1186.0 1
1187.0 1
1189.0 2
1193.0 1
1195.0 1
1197.0 2
1198.0 1
1199.0 1
1200.0 2
1205.0 1
1206.0 1
1207.0 2
1209.0 1
1212.0 1
1219.0 1
1220.0 2
1221.0 1
1222.0 1
1223.0 1
1224.0 1
1225.0 2
1226.0 2
1228.0 2
1229.0 1
1230.0 1
1231.0 1
1232.0 1
1233.0 1
1236.0 1
1241.0 1
1242.0 3
1246.0 1
1250.0 2
1253.0 3
1255.0 1
1256.0 1
1257.0 1
1258.0 2
1259.0 1
1264.0 2
1268.0 1
1272.0 2
1273.0 2
1277.0 1
1284.0 1
1288.0 1
1289.0 1
1290.0 1
1293.0 1
1294.0 1
1295.0 1
1300.0 1
1302.0 3
1304.0 1
1305.0 1
1307.0 1
1312.0 1
1317.0 1
1319.0 1
1321.0 1
1322.0 1
1327.0 1
1330.0 1
1332.0 2
1339.0 2
1343.0 1
1344.0 1
1346.0 3
1351.0 1
1352.0 1
1355.0 1
1356.0 1
1360.0 1
1361.0 2
1363.0 1
1364.0 1
1369.0 1
1370.0 1
1375.0 1
1377.0 1
1382.0 1
1386.0 1
1387.0 1
1388.0 1
1390.0 1
1394.0 2
1398.0 1
1399.0 1
1404.0 2
1405.0 1
1407.0 1
1409.0 1
1410.0 1
1412.0 1
1415.0 2
1431.0 1
1432.0 1
1433.0 2
1438.0 1
1449.0 2
1452.0 1
1454.0 1
1456.0 1
1466.0 1
1471.0 1
1473.0 1
1483.0 1
1502.0 1
1506.0 2
1508.0 1
1512.0 1
1514.0 2
1516.0 1
1521.0 1
1523.0 1
1524.0 1
1535.0 1
1548.0 1
1554.0 2
1556.0 1
1558.0 1
1562.0 1
1575.0 1
1583.0 1
1585.0 1
1606.0 1
1609.0 1
1623.0 1
1626.0 1
1646.0 1
1652.0 1
1653.0 1
1655.0 1
1665.0 1
1676.0 1
1697.0 1
1713.0 1
1717.0 1
1727.0 1
1739.0 1
1743.0 2
1748.0 1
1757.0 1
1768.0 1
1812.0 1
1869.0 1
1880.0 1
1889.0 1
1992.0 1
2164.0 1
2247.0 1
2251.0 1
2279.0 1
2314.0 1
2355.0 1
2360.0 1
2364.0 1
2380.0 1
2420.0 1
2426.0 1
2499.0 1
2636.0 1
2716.0 1
2873.0 1
2960.0 1
2980.0 1
4002.0 1
4385.0 1
5450.0 1
5478.0 1
5528.0 1
5551.0 1
5687.0 1
12237.0 1
