1.0 232768
2.0 137298
3.0 92634
4.0 64275
5.0 50914
6.0 44756
7.0 34320
8.0 27173
9.0 22244
10.0 18432
11.0 15448
12.0 13461
13.0 12241
14.0 10846
15.0 9706
16.0 8995
17.0 8305
18.0 7830
19.0 7614
20.0 7076
21.0 6757
22.0 6266
23.0 6093
24.0 5983
25.0 5972
26.0 5695
27.0 5392
28.0 4798
29.0 4686
30.0 4448
31.0 4510
32.0 4279
33.0 4162
34.0 3839
35.0 3644
36.0 3612
37.0 3429
38.0 3344
39.0 3231
40.0 3447
41.0 3244
42.0 2974
43.0 2970
44.0 2812
45.0 3168
46.0 3004
47.0 2793
48.0 2840
49.0 2678
50.0 2543
51.0 2635
52.0 2674
53.0 2549
54.0 2319
55.0 2200
56.0 2479
57.0 2434
58.0 2635
59.0 2099
60.0 2062
61.0 2092
62.0 2097
63.0 1919
64.0 1936
65.0 2022
66.0 2064
67.0 2097
68.0 1949
69.0 2017
70.0 2009
71.0 1762
72.0 1609
73.0 1588
74.0 1692
75.0 1616
76.0 1710
77.0 1959
78.0 1717
79.0 1454
80.0 1549
81.0 1678
82.0 1688
83.0 1600
84.0 1479
85.0 1271
86.0 1412
87.0 1468
88.0 1337
89.0 1526
90.0 1272
91.0 1157
92.0 1383
93.0 1161
94.0 1053
95.0 1176
96.0 1089
97.0 1245
98.0 1035
99.0 1121
100.0 916
101.0 1027
102.0 860
103.0 1263
104.0 1280
105.0 1067
106.0 903
107.0 945
108.0 797
109.0 1422
110.0 964
111.0 880
112.0 832
113.0 961
114.0 905
115.0 1123
116.0 991
117.0 943
118.0 917
119.0 1445
120.0 1174
121.0 791
122.0 870
123.0 882
124.0 721
125.0 686
126.0 706
127.0 679
128.0 616
129.0 656
130.0 622
131.0 735
132.0 585
133.0 547
134.0 696
135.0 601
136.0 503
137.0 637
138.0 525
139.0 419
140.0 509
141.0 584
142.0 534
143.0 622
144.0 607
145.0 498
146.0 440
147.0 494
148.0 462
149.0 431
150.0 371
151.0 339
152.0 328
153.0 299
154.0 364
155.0 471
156.0 379
157.0 333
158.0 388
159.0 397
160.0 385
161.0 416
162.0 395
163.0 556
164.0 425
165.0 441
166.0 1032
167.0 719
168.0 552
169.0 521
170.0 439
171.0 597
172.0 554
173.0 497
174.0 409
175.0 495
176.0 449
177.0 540
178.0 344
179.0 333
180.0 311
181.0 312
182.0 273
183.0 293
184.0 310
185.0 297
186.0 493
187.0 327
188.0 493
189.0 622
190.0 476
191.0 416
192.0 487
193.0 353
194.0 284
195.0 433
196.0 246
197.0 264
198.0 289
199.0 265
200.0 234
201.0 234
202.0 189
203.0 303
204.0 441
205.0 256
206.0 277
207.0 222
208.0 204
209.0 363
210.0 387
211.0 358
212.0 404
213.0 461
214.0 228
215.0 236
216.0 289
217.0 451
218.0 229
219.0 250
220.0 224
221.0 294
222.0 298
223.0 204
224.0 188
225.0 167
226.0 181
227.0 393
228.0 284
229.0 238
230.0 221
231.0 198
232.0 176
233.0 254
234.0 252
235.0 387
236.0 166
237.0 148
238.0 139
239.0 208
240.0 399
241.0 330
242.0 227
243.0 260
244.0 212
245.0 195
246.0 234
247.0 206
248.0 254
249.0 209
250.0 198
251.0 192
252.0 132
253.0 131
254.0 132
255.0 123
256.0 121
257.0 102
258.0 92
259.0 93
260.0 101
261.0 193
262.0 180
263.0 170
264.0 198
265.0 155
266.0 642
267.0 132
268.0 127
269.0 97
270.0 128
271.0 238
272.0 158
273.0 113
274.0 123
275.0 119
276.0 85
277.0 83
278.0 170
279.0 173
280.0 122
281.0 145
282.0 337
283.0 110
284.0 363
285.0 94
286.0 135
287.0 172
288.0 129
289.0 93
290.0 80
291.0 86
292.0 79
293.0 156
294.0 150
295.0 430
296.0 141
297.0 104
298.0 112
299.0 87
300.0 86
301.0 71
302.0 90
303.0 88
304.0 98
305.0 81
306.0 94
307.0 138
308.0 90
309.0 117
310.0 92
311.0 75
312.0 71
313.0 172
314.0 106
315.0 129
316.0 109
317.0 69
318.0 96
319.0 73
320.0 71
321.0 55
322.0 97
323.0 125
324.0 127
325.0 128
326.0 99
327.0 74
328.0 67
329.0 76
330.0 62
331.0 72
332.0 61
333.0 76
334.0 70
335.0 364
336.0 67
337.0 74
338.0 74
339.0 54
340.0 66
341.0 56
342.0 49
343.0 72
344.0 57
345.0 55
346.0 75
347.0 115
348.0 88
349.0 90
350.0 54
351.0 64
352.0 75
353.0 60
354.0 60
355.0 64
356.0 55
357.0 45
358.0 379
359.0 84
360.0 378
361.0 48
362.0 33
363.0 43
364.0 45
365.0 43
366.0 49
367.0 26
368.0 44
369.0 45
370.0 39
371.0 39
372.0 47
373.0 47
374.0 48
375.0 54
376.0 43
377.0 40
378.0 63
379.0 48
380.0 60
381.0 63
382.0 60
383.0 59
384.0 61
385.0 59
386.0 54
387.0 58
388.0 48
389.0 52
390.0 75
391.0 57
392.0 59
393.0 49
394.0 55
395.0 57
396.0 32
397.0 30
398.0 41
399.0 42
400.0 37
401.0 41
402.0 42
403.0 35
404.0 36
405.0 38
406.0 37
407.0 36
408.0 32
409.0 31
410.0 33
411.0 42
412.0 52
413.0 50
414.0 56
415.0 61
416.0 55
417.0 53
418.0 43
419.0 33
420.0 37
421.0 40
422.0 36
423.0 38
424.0 37
425.0 38
426.0 34
427.0 54
428.0 39
429.0 35
430.0 49
431.0 38
432.0 35
433.0 33
434.0 26
435.0 23
436.0 27
437.0 30
438.0 449
439.0 36
440.0 26
441.0 26
442.0 33
443.0 41
444.0 26
445.0 22
446.0 42
447.0 22
448.0 21
449.0 29
450.0 29
451.0 24
452.0 39
453.0 31
454.0 40
455.0 29
456.0 18
457.0 24
458.0 32
459.0 36
460.0 27
461.0 26
462.0 22
463.0 23
464.0 22
465.0 23
466.0 19
467.0 23
468.0 30
469.0 25
470.0 26
471.0 21
472.0 25
473.0 218
474.0 197
475.0 120
476.0 55
477.0 52
478.0 54
479.0 42
480.0 33
481.0 41
482.0 32
483.0 27
484.0 23
485.0 22
486.0 34
487.0 27
488.0 25
489.0 21
490.0 26
491.0 18
492.0 26
493.0 13
494.0 14
495.0 20
496.0 30
497.0 18
498.0 16
499.0 23
500.0 12
501.0 17
502.0 25
503.0 16
504.0 11
505.0 13
506.0 20
507.0 20
508.0 23
509.0 10
510.0 11
511.0 18
512.0 21
513.0 15
514.0 25
515.0 17
516.0 16
517.0 10
518.0 18
519.0 20
520.0 23
521.0 12
522.0 22
523.0 18
524.0 17
525.0 18
526.0 10
527.0 20
528.0 26
529.0 18
530.0 21
531.0 60
532.0 36
533.0 32
534.0 30
535.0 24
536.0 17
537.0 15
538.0 18
539.0 18
540.0 14
541.0 22
542.0 19
543.0 10
544.0 16
545.0 16
546.0 14
547.0 16
548.0 14
549.0 20
550.0 20
551.0 9
552.0 18
553.0 19
554.0 18
555.0 10
556.0 16
557.0 27
558.0 13
559.0 10
560.0 12
561.0 13
562.0 14
563.0 13
564.0 17
565.0 16
566.0 19
567.0 15
568.0 67
569.0 39
570.0 27
571.0 34
572.0 44
573.0 196
574.0 130
575.0 144
576.0 94
577.0 52
578.0 50
579.0 30
580.0 37
581.0 23
582.0 13
583.0 15
584.0 18
585.0 15
586.0 26
587.0 15
588.0 18
589.0 21
590.0 15
591.0 14
592.0 13
593.0 22
594.0 21
595.0 24
596.0 18
597.0 19
598.0 17
599.0 22
600.0 23
601.0 19
602.0 16
603.0 17
604.0 14
605.0 17
606.0 12
607.0 15
608.0 13
609.0 19
610.0 21
611.0 15
612.0 15
613.0 12
614.0 17
615.0 14
616.0 20
617.0 16
618.0 11
619.0 18
620.0 28
621.0 21
622.0 20
623.0 16
624.0 17
625.0 15
626.0 14
627.0 13
628.0 25
629.0 20
630.0 14
631.0 17
632.0 15
633.0 15
634.0 11
635.0 16
636.0 10
637.0 11
638.0 10
639.0 11
640.0 11
641.0 12
642.0 8
643.0 12
644.0 15
645.0 12
646.0 15
647.0 10
648.0 17
649.0 14
650.0 10
651.0 11
652.0 11
653.0 14
654.0 12
655.0 12
656.0 10
657.0 15
658.0 11
659.0 16
660.0 14
661.0 12
662.0 12
663.0 17
664.0 10
665.0 12
666.0 10
667.0 14
668.0 13
669.0 10
670.0 16
671.0 15
672.0 11
673.0 17
674.0 15
675.0 9
676.0 12
677.0 20
678.0 15
679.0 11
680.0 14
681.0 15
682.0 17
683.0 11
684.0 11
685.0 12
686.0 10
687.0 10
688.0 18
689.0 14
690.0 10
691.0 14
692.0 12
693.0 13
694.0 17
695.0 11
696.0 8
697.0 10
698.0 12
699.0 9
700.0 12
701.0 8
702.0 7
703.0 12
704.0 10
705.0 13
706.0 19
707.0 36
708.0 41
709.0 37
710.0 28
711.0 18
712.0 18
713.0 13
714.0 12
715.0 9
716.0 12
717.0 10
718.0 13
719.0 16
720.0 11
721.0 13
722.0 15
723.0 10
724.0 12
725.0 11
726.0 8
727.0 11
728.0 8
729.0 9
730.0 7
731.0 9
732.0 7
733.0 14
734.0 11
735.0 11
736.0 8
737.0 15
738.0 8
739.0 7
740.0 2
741.0 10
742.0 18
743.0 9
744.0 6
745.0 13
746.0 6
747.0 8
748.0 9
749.0 6
750.0 9
751.0 8
752.0 5
753.0 10
754.0 11
755.0 5
756.0 4
757.0 10
758.0 3
759.0 9
760.0 5
761.0 9
762.0 6
763.0 6
764.0 10
765.0 8
766.0 4
767.0 5
768.0 11
769.0 6
770.0 7
771.0 1
772.0 9
773.0 5
774.0 6
775.0 3
776.0 5
777.0 9
778.0 6
779.0 8
780.0 6
781.0 11
782.0 9
783.0 8
784.0 6
785.0 7
786.0 3
787.0 6
788.0 5
789.0 11
790.0 7
791.0 6
792.0 2
793.0 2
794.0 6
795.0 9
796.0 4
797.0 8
798.0 11
799.0 9
800.0 6
801.0 6
802.0 3
803.0 9
804.0 7
805.0 3
806.0 1
807.0 5
808.0 4
809.0 3
810.0 7
811.0 7
812.0 7
813.0 3
814.0 3
815.0 2
816.0 6
817.0 2
818.0 2
819.0 9
820.0 4
821.0 9
822.0 3
823.0 2
824.0 6
825.0 6
826.0 5
827.0 8
828.0 12
829.0 10
830.0 8
831.0 7
832.0 1
833.0 5
834.0 4
835.0 4
836.0 5
837.0 4
838.0 7
839.0 6
840.0 7
841.0 5
842.0 8
843.0 6
844.0 3
845.0 4
846.0 8
847.0 6
848.0 7
849.0 5
850.0 6
851.0 2
852.0 2
853.0 4
854.0 5
855.0 9
856.0 5
857.0 3
858.0 5
859.0 9
860.0 6
861.0 3
862.0 5
863.0 5
864.0 9
865.0 7
866.0 3
867.0 5
868.0 6
869.0 5
870.0 2
871.0 4
872.0 3
873.0 4
874.0 1
875.0 4
876.0 7
877.0 7
878.0 6
879.0 6
880.0 6
881.0 4
882.0 4
883.0 5
884.0 1
885.0 3
886.0 10
887.0 5
888.0 2
889.0 6
890.0 1
891.0 3
892.0 2
893.0 6
894.0 3
895.0 7
896.0 4
897.0 3
898.0 5
899.0 4
900.0 5
901.0 3
902.0 8
903.0 4
904.0 2
905.0 3
906.0 3
907.0 1
908.0 4
909.0 5
910.0 3
911.0 3
912.0 3
913.0 6
914.0 3
915.0 3
916.0 3
917.0 2
918.0 3
919.0 3
920.0 5
921.0 4
922.0 3
923.0 3
924.0 2
925.0 8
926.0 2
927.0 5
928.0 7
929.0 5
930.0 5
931.0 3
932.0 4
933.0 3
934.0 4
935.0 3
936.0 5
937.0 4
938.0 2
939.0 3
940.0 5
941.0 4
942.0 7
943.0 4
944.0 2
945.0 5
946.0 1
947.0 4
948.0 1
949.0 3
950.0 4
951.0 7
952.0 5
953.0 4
954.0 4
955.0 2
956.0 2
957.0 5
958.0 4
959.0 2
960.0 4
961.0 2
962.0 2
963.0 3
964.0 3
965.0 1
966.0 11
967.0 16
968.0 26
969.0 9
970.0 10
971.0 5
972.0 7
973.0 4
974.0 5
975.0 4
976.0 1
977.0 3
978.0 3
979.0 2
980.0 3
981.0 8
982.0 4
983.0 7
984.0 2
985.0 4
986.0 2
987.0 3
988.0 4
989.0 4
990.0 1
991.0 1
992.0 4
993.0 1
995.0 1
996.0 2
997.0 9
998.0 1
999.0 2
1000.0 3
1001.0 3
1002.0 3
1003.0 7
1004.0 3
1005.0 2
1006.0 3
1007.0 6
1008.0 6
1009.0 5
1010.0 1
1011.0 3
1012.0 3
1013.0 3
1014.0 7
1015.0 2
1016.0 3
1017.0 3
1018.0 2
1019.0 4
1020.0 2
1021.0 5
1022.0 5
1023.0 2
1024.0 5
1025.0 2
1026.0 3
1027.0 5
1028.0 3
1029.0 3
1030.0 5
1031.0 3
1032.0 1
1033.0 3
1034.0 2
1035.0 6
1037.0 2
1038.0 6
1039.0 4
1040.0 716
1041.0 325
1042.0 8
1043.0 1
1044.0 2
1045.0 2
1046.0 1
1047.0 3
1048.0 2
1049.0 3
1050.0 3
1051.0 3
1052.0 4
1054.0 5
1055.0 3
1057.0 2
1058.0 3
1059.0 1
1060.0 5
1061.0 1
1062.0 4
1063.0 2
1064.0 2
1065.0 1
1066.0 1
1067.0 1
1068.0 2
1069.0 1
1070.0 4
1071.0 2
1072.0 1
1073.0 3
1074.0 4
1076.0 3
1077.0 3
1078.0 2
1079.0 3
1080.0 3
1081.0 2
1082.0 3
1083.0 4
1084.0 1
1085.0 3
1087.0 4
1088.0 1
1089.0 1
1090.0 1
1091.0 1
1092.0 2
1093.0 2
1095.0 3
1096.0 2
1097.0 4
1098.0 3
1099.0 4
1100.0 3
1101.0 3
1103.0 2
1104.0 1
1105.0 1
1106.0 3
1107.0 2
1108.0 5
1109.0 2
1110.0 3
1112.0 1
1114.0 3
1115.0 1
1116.0 4
1117.0 3
1118.0 1
1119.0 2
1120.0 4
1122.0 3
1123.0 2
1124.0 2
1125.0 3
1126.0 3
1128.0 1
1129.0 1
1130.0 4
1132.0 4
1133.0 4
1134.0 2
1135.0 2
1136.0 2
1137.0 3
1138.0 1
1139.0 3
1140.0 4
1141.0 6
1142.0 1
1143.0 2
1144.0 2
1145.0 1
1146.0 3
1147.0 5
1148.0 1
1150.0 1
1151.0 3
1153.0 1
1157.0 1
1158.0 4
1159.0 6
1160.0 8
1161.0 10
1162.0 9
1163.0 4
1164.0 7
1165.0 7
1166.0 3
1167.0 4
1168.0 5
1169.0 2
1170.0 3
1171.0 1
1172.0 3
1173.0 3
1174.0 3
1175.0 1
1176.0 1
1177.0 3
1178.0 5
1179.0 1
1180.0 2
1181.0 4
1182.0 4
1183.0 6
1184.0 1
1185.0 1
1186.0 1
1187.0 3
1188.0 5
1189.0 3
1190.0 1
1191.0 2
1192.0 1
1193.0 1
1194.0 1
1195.0 2
1196.0 2
1197.0 5
1198.0 2
1199.0 2
1200.0 1
1201.0 1
1203.0 2
1204.0 4
1205.0 3
1207.0 5
1208.0 4
1210.0 4
1211.0 2
1212.0 3
1214.0 2
1215.0 2
1216.0 3
1217.0 5
1218.0 4
1219.0 4
1220.0 2
1222.0 2
1223.0 1
1224.0 5
1225.0 1
1228.0 1
1229.0 5
1231.0 2
1232.0 3
1233.0 2
1235.0 1
1236.0 3
1237.0 1
1238.0 1
1239.0 3
1241.0 2
1242.0 3
1243.0 4
1244.0 4
1245.0 1
1246.0 5
1247.0 1
1248.0 2
1250.0 1
1251.0 2
1252.0 3
1253.0 1
1254.0 1
1255.0 1
1256.0 4
1257.0 2
1258.0 3
1259.0 2
1260.0 2
1261.0 3
1262.0 2
1263.0 1
1264.0 1
1268.0 1
1269.0 1
1270.0 1
1271.0 3
1273.0 1
1274.0 3
1275.0 1
1276.0 1
1277.0 3
1278.0 1
1279.0 1
1280.0 2
1282.0 1
1283.0 2
1284.0 1
1285.0 2
1286.0 1
1287.0 1
1288.0 1
1289.0 3
1290.0 1
1291.0 2
1293.0 3
1295.0 2
1296.0 2
1297.0 2
1298.0 3
1299.0 1
1300.0 5
1301.0 2
1302.0 1
1303.0 1
1304.0 2
1305.0 2
1306.0 1
1307.0 2
1308.0 2
1309.0 1
1310.0 1
1311.0 1
1315.0 3
1316.0 1
1317.0 2
1318.0 2
1320.0 3
1321.0 2
1322.0 2
1323.0 1
1324.0 2
1326.0 1
1328.0 4
1330.0 3
1331.0 1
1333.0 1
1334.0 1
1335.0 2
1336.0 2
1338.0 3
1339.0 3
1340.0 3
1341.0 2
1342.0 1
1344.0 2
1348.0 1
1349.0 2
1351.0 5
1352.0 1
1353.0 1
1354.0 3
1355.0 3
1356.0 3
1357.0 1
1358.0 2
1359.0 1
1361.0 1
1362.0 2
1363.0 3
1364.0 2
1366.0 2
1367.0 1
1368.0 1
1369.0 2
1371.0 1
1372.0 3
1373.0 1
1374.0 1
1375.0 2
1376.0 1
1377.0 3
1378.0 1
1379.0 1
1380.0 3
1381.0 1
1383.0 2
1385.0 2
1386.0 1
1387.0 2
1388.0 3
1389.0 2
1392.0 2
1396.0 1
1397.0 1
1398.0 1
1399.0 1
1400.0 2
1401.0 1
1402.0 2
1403.0 2
1404.0 4
1405.0 1
1406.0 1
1407.0 1
1408.0 2
1409.0 1
1410.0 1
1411.0 2
1412.0 3
1413.0 1
1415.0 2
1416.0 1
1417.0 2
1420.0 1
1423.0 3
1424.0 1
1427.0 4
1429.0 1
1431.0 2
1433.0 4
1434.0 2
1435.0 2
1436.0 3
1437.0 2
1438.0 3
1439.0 2
1441.0 3
1443.0 1
1444.0 2
1445.0 2
1446.0 1
1448.0 1
1449.0 1
1451.0 1
1456.0 1
1457.0 1
1458.0 2
1459.0 2
1460.0 1
1462.0 1
1463.0 1
1464.0 1
1465.0 1
1466.0 1
1467.0 2
1469.0 1
1470.0 1
1473.0 1
1475.0 1
1476.0 2
1477.0 1
1478.0 1
1479.0 2
1480.0 2
1481.0 1
1482.0 3
1483.0 2
1485.0 2
1486.0 1
1487.0 1
1489.0 1
1491.0 2
1493.0 1
1494.0 3
1495.0 2
1496.0 2
1497.0 2
1498.0 2
1499.0 2
1502.0 1
1503.0 1
1504.0 1
1505.0 2
1506.0 2
1508.0 2
1509.0 2
1510.0 2
1514.0 1
1515.0 1
1516.0 4
1518.0 1
1519.0 1
1520.0 2
1521.0 1
1522.0 1
1523.0 1
1524.0 2
1525.0 3
1526.0 4
1528.0 3
1529.0 1
1532.0 1
1533.0 1
1535.0 1
1537.0 2
1538.0 1
1539.0 1
1541.0 1
1543.0 3
1544.0 1
1548.0 2
1549.0 6
1552.0 3
1555.0 2
1558.0 1
1559.0 1
1560.0 2
1562.0 1
1564.0 1
1565.0 1
1568.0 2
1570.0 1
1573.0 1
1575.0 3
1576.0 1
1578.0 2
1582.0 1
1585.0 2
1586.0 3
1587.0 2
1588.0 2
1592.0 1
1593.0 4
1594.0 1
1596.0 2
1597.0 1
1599.0 1
1600.0 1
1601.0 1
1608.0 1
1610.0 3
1611.0 3
1612.0 1
1613.0 3
1617.0 1
1618.0 1
1619.0 3
1620.0 2
1621.0 3
1622.0 3
1623.0 3
1624.0 3
1628.0 1
1629.0 3
1631.0 3
1632.0 1
1634.0 1
1636.0 1
1637.0 1
1642.0 1
1643.0 1
1645.0 3
1646.0 2
1648.0 1
1650.0 1
1651.0 1
1652.0 2
1654.0 2
1655.0 2
1656.0 1
1657.0 1
1660.0 1
1662.0 3
1665.0 1
1666.0 2
1667.0 2
1668.0 2
1669.0 1
1670.0 2
1671.0 4
1672.0 1
1673.0 3
1675.0 2
1676.0 1
1678.0 1
1679.0 1
1680.0 3
1681.0 2
1684.0 2
1685.0 1
1686.0 1
1687.0 2
1688.0 1
1689.0 1
1690.0 2
1691.0 1
1692.0 1
1694.0 2
1695.0 3
1697.0 1
1700.0 1
1701.0 3
1702.0 1
1703.0 2
1704.0 1
1706.0 1
1710.0 2
1713.0 2
1714.0 1
1715.0 2
1719.0 1
1721.0 1
1722.0 1
1723.0 1
1724.0 2
1725.0 1
1727.0 1
1728.0 1
1730.0 1
1732.0 1
1734.0 1
1735.0 2
1737.0 1
1738.0 1
1739.0 1
1742.0 1
1743.0 1
1746.0 2
1747.0 1
1749.0 1
1750.0 2
1754.0 2
1755.0 1
1756.0 2
1758.0 1
1760.0 2
1761.0 1
1762.0 2
1763.0 1
1766.0 1
1769.0 2
1770.0 1
1771.0 2
1772.0 3
1773.0 1
1775.0 2
1778.0 1
1779.0 1
1783.0 1
1785.0 2
1786.0 1
1788.0 2
1789.0 1
1792.0 1
1793.0 2
1794.0 1
1795.0 2
1797.0 1
1800.0 2
1802.0 1
1806.0 3
1807.0 3
1808.0 1
1810.0 1
1811.0 1
1812.0 2
1813.0 1
1814.0 1
1816.0 1
1817.0 1
1819.0 2
1820.0 1
1821.0 2
1824.0 2
1826.0 1
1828.0 3
1829.0 2
1831.0 2
1833.0 1
1836.0 1
1838.0 3
1840.0 1
1841.0 4
1842.0 5
1843.0 2
1846.0 1
1847.0 1
1848.0 1
1849.0 1
1850.0 1
1851.0 1
1852.0 1
1853.0 2
1854.0 1
1855.0 3
1858.0 1
1859.0 3
1860.0 1
1862.0 1
1863.0 1
1865.0 3
1866.0 1
1867.0 2
1870.0 1
1872.0 2
1873.0 4
1876.0 1
1878.0 3
1879.0 1
1880.0 1
1881.0 1
1882.0 1
1883.0 4
1885.0 2
1886.0 3
1887.0 2
1890.0 1
1891.0 2
1892.0 1
1893.0 1
1894.0 1
1896.0 4
1898.0 1
1900.0 2
1902.0 2
1903.0 1
1904.0 3
1905.0 1
1906.0 1
1908.0 2
1909.0 1
1910.0 2
1911.0 3
1912.0 3
1913.0 2
1915.0 2
1916.0 1
1917.0 2
1918.0 1
1919.0 2
1920.0 4
1921.0 2
1923.0 1
1925.0 1
1926.0 3
1927.0 1
1928.0 1
1929.0 2
1930.0 1
1931.0 2
1932.0 2
1933.0 1
1934.0 1
1935.0 2
1936.0 3
1937.0 3
1938.0 1
1939.0 1
1941.0 2
1943.0 2
1944.0 7
1945.0 1
1946.0 3
1947.0 2
1949.0 2
1953.0 2
1956.0 2
1957.0 1
1959.0 3
1960.0 4
1962.0 1
1963.0 4
1964.0 1
1965.0 1
1966.0 2
1967.0 4
1968.0 2
1969.0 3
1970.0 2
1971.0 2
1972.0 5
1973.0 2
1974.0 1
1975.0 1
1977.0 1
1978.0 1
1979.0 3
1980.0 1
1981.0 2
1982.0 2
1983.0 3
1984.0 1
1985.0 2
1986.0 2
1988.0 5
1990.0 2
1991.0 1
1992.0 4
1993.0 3
1995.0 2
1996.0 4
1997.0 1
1998.0 1
1999.0 3
2000.0 1
2001.0 5
2003.0 2
2004.0 2
2005.0 1
2006.0 1
2007.0 4
2008.0 1
2009.0 4
2010.0 3
2011.0 1
2012.0 2
2013.0 1
2014.0 3
2015.0 4
2017.0 3
2018.0 1
2019.0 5
2020.0 2
2021.0 1
2022.0 2
2023.0 1
2024.0 2
2027.0 2
2028.0 5
2029.0 2
2030.0 2
2031.0 1
2032.0 1
2033.0 1
2034.0 1
2036.0 1
2037.0 1
2038.0 3
2039.0 4
2040.0 4
2041.0 2
2042.0 2
2043.0 3
2045.0 3
2046.0 1
2047.0 3
2049.0 4
2050.0 1
2051.0 1
2053.0 2
2054.0 2
2055.0 3
2056.0 1
2057.0 4
2060.0 2
2061.0 1
2063.0 1
2065.0 2
2066.0 2
2067.0 3
2068.0 2
2069.0 2
2070.0 1
2071.0 1
2073.0 1
2075.0 3
2077.0 2
2078.0 3
2079.0 1
2080.0 1
2081.0 1
2082.0 1
2084.0 3
2085.0 3
2086.0 2
2088.0 4
2090.0 3
2093.0 4
2095.0 4
2096.0 1
2097.0 1
2098.0 1
2102.0 2
2103.0 2
2104.0 1
2105.0 3
2106.0 1
2107.0 3
2108.0 1
2110.0 1
2111.0 1
2113.0 2
2115.0 2
2116.0 1
2118.0 1
2119.0 1
2120.0 5
2121.0 1
2122.0 1
2123.0 1
2126.0 3
2127.0 1
2128.0 1
2129.0 1
2130.0 2
2132.0 1
2133.0 2
2134.0 1
2136.0 4
2137.0 1
2138.0 2
2139.0 2
2140.0 2
2141.0 1
2142.0 1
2143.0 1
2145.0 2
2147.0 1
2148.0 1
2152.0 1
2154.0 3
2155.0 1
2157.0 2
2158.0 2
2159.0 1
2160.0 1
2161.0 1
2163.0 2
2164.0 1
2165.0 1
2166.0 1
2168.0 2
2170.0 1
2173.0 1
2175.0 1
2176.0 1
2177.0 1
2178.0 2
2179.0 2
2181.0 1
2182.0 3
2185.0 1
2186.0 1
2187.0 5
2188.0 3
2191.0 3
2192.0 3
2196.0 2
2199.0 1
2200.0 1
2201.0 1
2202.0 3
2204.0 5
2206.0 3
2207.0 2
2208.0 1
2210.0 1
2211.0 1
2213.0 1
2214.0 1
2222.0 1
2223.0 1
2226.0 1
2227.0 1
2228.0 1
2230.0 1
2231.0 1
2233.0 1
2234.0 1
2235.0 1
2236.0 2
2237.0 3
2239.0 1
2240.0 3
2241.0 1
2243.0 1
2244.0 2
2245.0 1
2246.0 1
2247.0 1
2249.0 1
2250.0 1
2251.0 1
2252.0 1
2253.0 1
2254.0 1
2255.0 1
2259.0 1
2260.0 1
2264.0 1
2268.0 1
2270.0 1
2276.0 1
2278.0 1
2279.0 1
2280.0 2
2281.0 1
2282.0 1
2283.0 1
2284.0 2
2285.0 1
2286.0 1
2287.0 1
2288.0 1
2291.0 2
2295.0 2
2297.0 1
2304.0 2
2305.0 2
2308.0 2
2310.0 1
2314.0 2
2318.0 1
2319.0 1
2323.0 1
2324.0 1
2327.0 1
2328.0 1
2336.0 1
2345.0 1
2346.0 1
2348.0 1
2350.0 1
2352.0 1
2353.0 1
2356.0 1
2358.0 1
2362.0 1
2366.0 1
2367.0 1
2368.0 1
2370.0 1
2374.0 1
2375.0 1
2376.0 1
2377.0 2
2378.0 1
2379.0 2
2382.0 1
2383.0 2
2384.0 1
2387.0 1
2392.0 2
2394.0 1
2397.0 1
2399.0 1
2400.0 3
2401.0 1
2403.0 1
2405.0 1
2411.0 1
2415.0 1
2416.0 1
2417.0 1
2422.0 1
2425.0 1
2428.0 1
2434.0 3
2435.0 1
2439.0 1
2442.0 1
2448.0 1
2450.0 2
2454.0 2
2455.0 1
2456.0 1
2457.0 1
2467.0 1
2468.0 1
2473.0 1
2475.0 1
2478.0 1
2479.0 1
2482.0 1
2483.0 1
2487.0 1
2488.0 1
2493.0 1
2500.0 1
2503.0 2
2504.0 2
2507.0 2
2509.0 1
2512.0 1
2515.0 1
2516.0 1
2521.0 1
2523.0 1
2525.0 1
2529.0 1
2534.0 1
2535.0 2
2536.0 1
2537.0 1
2539.0 1
2540.0 1
2548.0 1
2549.0 2
2555.0 1
2557.0 1
2558.0 1
2562.0 1
2563.0 1
2567.0 1
2569.0 2
2572.0 1
2576.0 1
2580.0 1
2581.0 1
2585.0 3
2591.0 1
2592.0 1
2597.0 1
2615.0 1
2617.0 1
2622.0 1
2624.0 1
2625.0 1
2628.0 1
2632.0 1
2633.0 1
2642.0 1
2645.0 2
2663.0 2
2665.0 1
2668.0 1
2670.0 1
2671.0 2
2674.0 1
2675.0 1
2677.0 1
2680.0 1
2681.0 1
2684.0 1
2686.0 1
2688.0 1
2690.0 1
2693.0 1
2706.0 1
2707.0 1
2708.0 1
2710.0 1
2711.0 1
2720.0 2
2727.0 2
2736.0 1
2744.0 1
2746.0 1
2749.0 1
2752.0 1
2763.0 1
2764.0 1
2771.0 1
2783.0 1
2784.0 2
2785.0 1
2791.0 1
2798.0 1
2803.0 1
2810.0 1
2816.0 1
2819.0 1
2822.0 1
2825.0 1
2826.0 1
2831.0 1
2838.0 1
2842.0 1
2843.0 1
2847.0 1
2853.0 1
2855.0 1
2857.0 1
2862.0 1
2870.0 1
2871.0 2
2874.0 1
2875.0 1
2878.0 1
2883.0 2
2894.0 1
2913.0 1
2915.0 1
2920.0 1
2925.0 1
2927.0 1
2937.0 2
2938.0 1
2940.0 3
2942.0 1
2945.0 1
2949.0 2
2953.0 1
2956.0 1
2957.0 1
2962.0 1
2973.0 1
2974.0 1
2986.0 1
2992.0 1
2996.0 1
2997.0 2
3004.0 1
3016.0 1
3018.0 2
3021.0 1
3029.0 1
3034.0 2
3040.0 1
3056.0 1
3072.0 1
3080.0 1
3085.0 1
3089.0 1
3098.0 1
3111.0 1
3114.0 1
3120.0 1
3127.0 1
3129.0 1
3140.0 1
3142.0 1
3148.0 1
3152.0 1
3159.0 1
3163.0 1
3189.0 1
3191.0 1
3195.0 2
3197.0 1
3202.0 1
3216.0 1
3222.0 1
3224.0 1
3243.0 1
3248.0 1
3256.0 2
3268.0 1
3271.0 1
3279.0 1
3282.0 1
3283.0 1
3285.0 1
3287.0 1
3290.0 1
3298.0 1
3300.0 1
3324.0 1
3334.0 1
3342.0 1
3352.0 1
3354.0 1
3356.0 1
3363.0 2
3364.0 1
3373.0 1
3374.0 2
3375.0 1
3378.0 1
3379.0 1
3395.0 1
3404.0 1
3408.0 1
3411.0 1
3414.0 1
3438.0 1
3451.0 1
3458.0 2
3459.0 1
3460.0 1
3469.0 1
3470.0 1
3471.0 1
3484.0 1
3488.0 1
3498.0 1
3505.0 2
3513.0 1
3514.0 1
3523.0 1
3524.0 1
3529.0 1
3532.0 1
3540.0 1
3542.0 1
3545.0 1
3548.0 1
3549.0 1
3553.0 1
3565.0 1
3577.0 1
3581.0 1
3586.0 1
3600.0 2
3618.0 1
3630.0 1
3642.0 1
3644.0 2
3648.0 1
3659.0 1
3660.0 1
3661.0 1
3666.0 1
3672.0 1
3683.0 1
3687.0 1
3690.0 1
3691.0 1
3698.0 1
3700.0 1
3701.0 1
3706.0 1
3714.0 1
3716.0 1
3717.0 1
3718.0 1
3723.0 1
3726.0 1
3728.0 1
3732.0 1
3735.0 1
3745.0 1
3756.0 1
3758.0 1
3766.0 1
3774.0 1
3778.0 2
3783.0 1
3785.0 1
3789.0 1
3810.0 1
3813.0 2
3822.0 1
3824.0 1
3825.0 1
3829.0 1
3854.0 1
3859.0 1
3862.0 1
3864.0 1
3873.0 1
3874.0 1
3906.0 1
3910.0 1
3933.0 1
3934.0 1
3946.0 1
3952.0 2
3957.0 1
3962.0 1
3974.0 1
3976.0 1
3982.0 1
3991.0 1
3994.0 1
3995.0 1
4003.0 1
4026.0 1
4032.0 1
4046.0 1
4062.0 1
4069.0 1
4094.0 2
4095.0 1
4097.0 1
4102.0 1
4109.0 1
4150.0 1
4151.0 1
4162.0 1
4176.0 1
4187.0 2
4191.0 1
4207.0 1
4209.0 1
4211.0 1
4216.0 1
4222.0 1
4260.0 1
4274.0 2
4275.0 1
4295.0 1
4300.0 1
4303.0 1
4305.0 1
4325.0 1
4327.0 1
4339.0 1
4344.0 1
4357.0 1
4358.0 1
4361.0 1
4362.0 1
4370.0 1
4374.0 1
4382.0 1
4384.0 1
4389.0 1
4395.0 2
4405.0 1
4417.0 1
4427.0 1
4429.0 1
4431.0 1
4436.0 1
4437.0 1
4456.0 1
4471.0 1
4479.0 1
4490.0 1
4505.0 1
4535.0 1
4541.0 1
4542.0 1
4544.0 1
4555.0 1
4557.0 1
4575.0 1
4591.0 1
4607.0 1
4619.0 1
4620.0 1
4627.0 1
4631.0 1
4643.0 1
4648.0 1
4655.0 1
4656.0 1
4658.0 1
4659.0 1
4660.0 1
4678.0 1
4701.0 1
4703.0 1
4705.0 1
4723.0 1
4759.0 1
4801.0 1
4808.0 1
4831.0 1
4836.0 1
4840.0 1
4860.0 1
4890.0 1
4891.0 1
4900.0 1
4904.0 1
4913.0 1
4941.0 1
4960.0 1
4998.0 1
5019.0 1
5022.0 1
5027.0 1
5044.0 1
5068.0 1
5101.0 1
5114.0 1
5124.0 1
5129.0 1
5143.0 1
5168.0 1
5193.0 1
5196.0 1
5210.0 1
5226.0 1
5240.0 1
5270.0 1
5293.0 1
5344.0 1
5346.0 1
5351.0 1
5361.0 1
5394.0 1
5411.0 1
5417.0 1
5419.0 1
5436.0 1
5437.0 1
5465.0 2
5468.0 1
5488.0 1
5500.0 1
5515.0 1
5517.0 1
5525.0 1
5563.0 1
5568.0 1
5575.0 1
5587.0 1
5589.0 1
5590.0 1
5622.0 1
5627.0 1
5633.0 1
5647.0 1
5650.0 1
5656.0 1
5677.0 1
5678.0 1
5709.0 1
5711.0 1
5734.0 1
5735.0 1
5741.0 1
5751.0 1
5756.0 1
5790.0 1
5797.0 1
5816.0 1
5827.0 1
5863.0 1
5874.0 1
5877.0 1
5899.0 1
5913.0 1
5916.0 1
5928.0 1
5936.0 1
5945.0 1
5952.0 1
5974.0 1
5992.0 1
5993.0 1
5995.0 1
6000.0 1
6034.0 1
6035.0 1
6038.0 1
6056.0 1
6087.0 1
6098.0 1
6127.0 1
6130.0 1
6137.0 1
6152.0 1
6167.0 1
6192.0 1
6211.0 1
6231.0 1
6265.0 1
6280.0 1
6286.0 1
6293.0 1
6338.0 1
6342.0 1
6355.0 2
6378.0 1
6437.0 1
6463.0 2
6499.0 1
6508.0 1
6537.0 1
6553.0 1
6582.0 1
6592.0 1
6599.0 1
6611.0 1
6630.0 1
6631.0 1
6669.0 1
6701.0 1
6709.0 1
6712.0 1
6726.0 1
6742.0 1
6754.0 1
6776.0 1
6784.0 1
6798.0 1
6805.0 1
6839.0 1
6844.0 1
6847.0 1
6903.0 1
6927.0 1
6942.0 1
6946.0 1
7004.0 1
7031.0 1
7057.0 1
7070.0 1
7082.0 1
7104.0 1
7109.0 1
7122.0 1
7132.0 1
7213.0 1
7237.0 2
7260.0 1
7261.0 1
7262.0 1
7283.0 1
7304.0 1
7322.0 1
7344.0 1
7365.0 1
7386.0 1
7395.0 1
7411.0 1
7417.0 1
7426.0 2
7431.0 1
7435.0 1
7449.0 1
7480.0 1
7491.0 1
7506.0 1
7520.0 2
7540.0 1
7596.0 1
7613.0 1
7617.0 1
7699.0 1
7765.0 1
7814.0 1
7841.0 1
7867.0 1
7893.0 1
7901.0 1
7902.0 1
7904.0 2
7925.0 1
7981.0 2
7991.0 1
8003.0 1
8094.0 1
8095.0 1
8118.0 1
8140.0 1
8150.0 1
8210.0 1
8213.0 1
8230.0 1
8251.0 1
8268.0 2
8315.0 1
8361.0 1
8369.0 1
8386.0 1
8404.0 1
8408.0 1
8414.0 1
8439.0 1
8448.0 1
8469.0 1
8510.0 1
8579.0 1
8661.0 1
8667.0 1
8692.0 1
8745.0 1
8783.0 1
8810.0 1
8848.0 1
8881.0 1
8950.0 1
9049.0 1
9061.0 1
9073.0 1
9074.0 1
9173.0 1
9222.0 1
9223.0 1
9295.0 1
9367.0 1
9464.0 1
9542.0 1
9566.0 1
9567.0 1
9631.0 1
9646.0 1
9651.0 1
9683.0 1
9713.0 1
9724.0 1
9732.0 1
9735.0 1
9737.0 1
9803.0 1
9848.0 1
9852.0 1
9904.0 1
9908.0 1
9941.0 1
10070.0 1
10113.0 1
10118.0 1
10170.0 1
10221.0 1
10260.0 1
10262.0 1
10281.0 1
10331.0 1
10337.0 1
10379.0 1
10428.0 1
10514.0 1
10573.0 1
10618.0 1
10630.0 1
10645.0 1
10737.0 1
10755.0 1
10775.0 1
10805.0 1
10853.0 1
10898.0 1
10909.0 1
10911.0 1
11009.0 1
11111.0 1
11140.0 1
11247.0 1
11316.0 1
11433.0 1
11941.0 1
12041.0 1
12065.0 1
12100.0 1
12102.0 2
12116.0 1
12135.0 1
12217.0 1
12299.0 1
12499.0 1
12648.0 1
12687.0 1
12692.0 1
12793.0 1
12865.0 1
12961.0 1
13014.0 1
13120.0 1
13207.0 1
13224.0 1
13259.0 1
13343.0 1
13374.0 1
13377.0 1
13528.0 1
13617.0 1
13673.0 1
13742.0 1
13750.0 1
13752.0 1
13785.0 1
13807.0 1
13864.0 1
14025.0 1
14081.0 1
14265.0 1
14273.0 1
14439.0 1
14629.0 1
14730.0 1
14750.0 1
14752.0 1
14808.0 1
15130.0 1
15154.0 1
15214.0 1
15371.0 1
15423.0 1
15502.0 1
15529.0 1
15603.0 1
15715.0 1
15837.0 1
15906.0 1
15989.0 1
15994.0 1
16081.0 1
16099.0 1
16282.0 1
16294.0 1
16309.0 1
16369.0 1
16374.0 1
16660.0 1
16682.0 1
16720.0 1
17117.0 1
17188.0 1
17309.0 1
17388.0 1
17458.0 1
17924.0 1
18150.0 1
18306.0 1
18617.0 1
18758.0 1
18793.0 1
18837.0 1
18882.0 1
18961.0 1
19220.0 1
19516.0 1
19535.0 1
19665.0 1
19976.0 1
20038.0 1
20232.0 1
20309.0 1
20986.0 1
21608.0 1
21754.0 1
21864.0 1
21885.0 1
21957.0 1
22026.0 1
22695.0 1
22709.0 1
22746.0 1
22809.0 1
22926.0 1
23087.0 1
23286.0 1
23294.0 1
23741.0 1
23904.0 1
23988.0 1
23996.0 1
24040.0 1
24089.0 1
24135.0 1
24220.0 1
24483.0 1
25033.0 1
25200.0 1
25966.0 1
27299.0 1
27441.0 1
27652.0 1
27776.0 1
27970.0 1
28001.0 1
29273.0 1
29676.0 1
30630.0 1
30812.0 1
30873.0 2
31818.0 1
32002.0 1
32121.0 1
32130.0 1
32253.0 1
32670.0 1
32816.0 1
32881.0 1
33547.0 1
33936.0 1
33993.0 1
34483.0 1
34516.0 1
34870.0 1
35245.0 1
35296.0 1
35474.0 1
36444.0 1
36792.0 1
36831.0 1
36973.0 1
36978.0 1
38702.0 1
40329.0 1
42273.0 1
42648.0 1
42876.0 1
47474.0 1
47708.0 1
51281.0 1
60287.0 1
60473.0 1
66186.0 1
68428.0 1
70001.0 1
70225.0 1
77783.0 1
88617.0 1
94005.0 1
94526.0 1
97351.0 1
97852.0 1
98461.0 1
98558.0 1
100734.0 1
105465.0 1
120431.0 1
120508.0 1
134115.0 1
207253.0 1
