1.0 154962
2.0 101641
3.0 81547
4.0 67501
5.0 56091
6.0 48129
7.0 40883
8.0 35137
9.0 30432
10.0 26855
11.0 23818
12.0 21472
13.0 18913
14.0 17048
15.0 15759
16.0 14320
17.0 13148
18.0 12446
19.0 11441
20.0 10846
21.0 10002
22.0 9557
23.0 9223
24.0 8570
25.0 8234
26.0 7834
27.0 7533
28.0 7143
29.0 7044
30.0 6803
31.0 6618
32.0 6376
33.0 6276
34.0 5862
35.0 5817
36.0 5429
37.0 5263
38.0 5246
39.0 4994
40.0 4724
41.0 4558
42.0 4695
43.0 4601
44.0 4471
45.0 4433
46.0 4184
47.0 4311
48.0 4186
49.0 4167
50.0 4104
51.0 3870
52.0 3830
53.0 3799
54.0 3679
55.0 3528
56.0 3435
57.0 3222
58.0 3217
59.0 3287
60.0 3227
61.0 3228
62.0 3028
63.0 2973
64.0 2965
65.0 2777
66.0 2792
67.0 2766
68.0 2530
69.0 2584
70.0 2436
71.0 2441
72.0 2339
73.0 2268
74.0 2164
75.0 2142
76.0 2071
77.0 2196
78.0 2144
79.0 2087
80.0 2018
81.0 2018
82.0 2107
83.0 2109
84.0 2000
85.0 1902
86.0 1875
87.0 1783
88.0 1838
89.0 1681
90.0 1724
91.0 1772
92.0 1662
93.0 1703
94.0 1623
95.0 1719
96.0 1726
97.0 1709
98.0 1661
99.0 1532
100.0 1511
101.0 1648
102.0 1545
103.0 1481
104.0 1594
105.0 1385
106.0 1407
107.0 1364
108.0 1352
109.0 1312
110.0 1330
111.0 1271
112.0 1245
113.0 1244
114.0 1247
115.0 1281
116.0 1292
117.0 1261
118.0 1239
119.0 1178
120.0 1138
121.0 1173
122.0 1183
123.0 1251
124.0 1126
125.0 1158
126.0 1122
127.0 1101
128.0 1119
129.0 1084
130.0 982
131.0 955
132.0 966
133.0 942
134.0 888
135.0 881
136.0 936
137.0 930
138.0 877
139.0 884
140.0 828
141.0 894
142.0 876
143.0 808
144.0 771
145.0 835
146.0 856
147.0 765
148.0 779
149.0 842
150.0 821
151.0 778
152.0 804
153.0 757
154.0 767
155.0 843
156.0 836
157.0 687
158.0 796
159.0 871
160.0 814
161.0 743
162.0 705
163.0 667
164.0 667
165.0 676
166.0 633
167.0 658
168.0 793
169.0 637
170.0 657
171.0 609
172.0 568
173.0 565
174.0 569
175.0 558
176.0 657
177.0 595
178.0 654
179.0 565
180.0 598
181.0 572
182.0 522
183.0 540
184.0 537
185.0 532
186.0 503
187.0 528
188.0 498
189.0 482
190.0 680
191.0 575
192.0 522
193.0 547
194.0 548
195.0 550
196.0 521
197.0 499
198.0 487
199.0 443
200.0 444
201.0 424
202.0 371
203.0 386
204.0 427
205.0 400
206.0 476
207.0 588
208.0 494
209.0 460
210.0 412
211.0 402
212.0 391
213.0 344
214.0 344
215.0 336
216.0 397
217.0 420
218.0 406
219.0 368
220.0 323
221.0 332
222.0 396
223.0 354
224.0 362
225.0 308
226.0 279
227.0 388
228.0 299
229.0 295
230.0 258
231.0 255
232.0 251
233.0 251
234.0 242
235.0 245
236.0 294
237.0 276
238.0 298
239.0 268
240.0 320
241.0 347
242.0 310
243.0 255
244.0 365
245.0 306
246.0 279
247.0 250
248.0 269
249.0 271
250.0 417
251.0 300
252.0 308
253.0 269
254.0 311
255.0 410
256.0 347
257.0 275
258.0 264
259.0 263
260.0 253
261.0 248
262.0 219
263.0 251
264.0 208
265.0 323
266.0 328
267.0 262
268.0 269
269.0 232
270.0 227
271.0 228
272.0 200
273.0 203
274.0 213
275.0 208
276.0 191
277.0 200
278.0 214
279.0 220
280.0 174
281.0 189
282.0 167
283.0 161
284.0 195
285.0 186
286.0 178
287.0 164
288.0 189
289.0 159
290.0 178
291.0 158
292.0 158
293.0 172
294.0 163
295.0 149
296.0 256
297.0 294
298.0 233
299.0 178
300.0 176
301.0 165
302.0 162
303.0 173
304.0 157
305.0 151
306.0 162
307.0 144
308.0 146
309.0 137
310.0 125
311.0 175
312.0 129
313.0 155
314.0 168
315.0 294
316.0 238
317.0 191
318.0 132
319.0 133
320.0 166
321.0 131
322.0 137
323.0 129
324.0 112
325.0 141
326.0 111
327.0 138
328.0 127
329.0 143
330.0 123
331.0 120
332.0 127
333.0 153
334.0 125
335.0 131
336.0 156
337.0 137
338.0 147
339.0 136
340.0 134
341.0 113
342.0 128
343.0 124
344.0 122
345.0 127
346.0 118
347.0 138
348.0 119
349.0 130
350.0 125
351.0 112
352.0 121
353.0 115
354.0 103
355.0 113
356.0 98
357.0 91
358.0 111
359.0 95
360.0 112
361.0 119
362.0 101
363.0 116
364.0 122
365.0 124
366.0 122
367.0 115
368.0 106
369.0 113
370.0 133
371.0 146
372.0 111
373.0 113
374.0 103
375.0 92
376.0 118
377.0 101
378.0 96
379.0 86
380.0 110
381.0 84
382.0 98
383.0 86
384.0 105
385.0 89
386.0 102
387.0 95
388.0 83
389.0 84
390.0 93
391.0 80
392.0 93
393.0 68
394.0 88
395.0 90
396.0 78
397.0 66
398.0 88
399.0 85
400.0 84
401.0 79
402.0 83
403.0 82
404.0 87
405.0 87
406.0 77
407.0 81
408.0 84
409.0 77
410.0 66
411.0 79
412.0 72
413.0 71
414.0 80
415.0 69
416.0 63
417.0 63
418.0 58
419.0 77
420.0 74
421.0 64
422.0 70
423.0 54
424.0 54
425.0 74
426.0 77
427.0 60
428.0 68
429.0 65
430.0 67
431.0 54
432.0 58
433.0 76
434.0 57
435.0 52
436.0 54
437.0 46
438.0 60
439.0 62
440.0 62
441.0 58
442.0 73
443.0 50
444.0 72
445.0 65
446.0 56
447.0 67
448.0 62
449.0 61
450.0 59
451.0 68
452.0 56
453.0 58
454.0 55
455.0 74
456.0 68
457.0 63
458.0 85
459.0 61
460.0 76
461.0 63
462.0 41
463.0 46
464.0 50
465.0 63
466.0 62
467.0 60
468.0 59
469.0 60
470.0 69
471.0 47
472.0 58
473.0 57
474.0 48
475.0 64
476.0 64
477.0 44
478.0 48
479.0 57
480.0 52
481.0 40
482.0 60
483.0 39
484.0 42
485.0 48
486.0 58
487.0 39
488.0 50
489.0 56
490.0 61
491.0 42
492.0 48
493.0 48
494.0 53
495.0 44
496.0 46
497.0 34
498.0 46
499.0 39
500.0 48
501.0 42
502.0 32
503.0 42
504.0 53
505.0 45
506.0 45
507.0 40
508.0 34
509.0 44
510.0 50
511.0 44
512.0 55
513.0 46
514.0 44
515.0 45
516.0 39
517.0 36
518.0 45
519.0 44
520.0 40
521.0 36
522.0 38
523.0 41
524.0 33
525.0 33
526.0 32
527.0 37
528.0 32
529.0 43
530.0 29
531.0 32
532.0 41
533.0 33
534.0 29
535.0 40
536.0 42
537.0 37
538.0 96
539.0 58
540.0 67
541.0 54
542.0 54
543.0 68
544.0 57
545.0 48
546.0 42
547.0 56
548.0 45
549.0 51
550.0 55
551.0 38
552.0 52
553.0 41
554.0 40
555.0 34
556.0 31
557.0 47
558.0 31
559.0 45
560.0 31
561.0 39
562.0 41
563.0 31
564.0 41
565.0 36
566.0 26
567.0 30
568.0 44
569.0 23
570.0 27
571.0 25
572.0 37
573.0 28
574.0 30
575.0 33
576.0 27
577.0 29
578.0 16
579.0 26
580.0 28
581.0 35
582.0 38
583.0 37
584.0 26
585.0 31
586.0 39
587.0 27
588.0 25
589.0 23
590.0 24
591.0 19
592.0 22
593.0 26
594.0 21
595.0 29
596.0 28
597.0 32
598.0 24
599.0 23
600.0 24
601.0 33
602.0 36
603.0 33
604.0 18
605.0 31
606.0 33
607.0 26
608.0 23
609.0 22
610.0 24
611.0 28
612.0 18
613.0 22
614.0 19
615.0 23
616.0 25
617.0 25
618.0 17
619.0 24
620.0 27
621.0 23
622.0 19
623.0 22
624.0 18
625.0 26
626.0 22
627.0 23
628.0 26
629.0 25
630.0 22
631.0 25
632.0 17
633.0 17
634.0 27
635.0 24
636.0 21
637.0 19
638.0 21
639.0 21
640.0 23
641.0 23
642.0 28
643.0 20
644.0 23
645.0 22
646.0 18
647.0 18
648.0 23
649.0 17
650.0 16
651.0 26
652.0 18
653.0 22
654.0 18
655.0 19
656.0 15
657.0 21
658.0 15
659.0 15
660.0 17
661.0 21
662.0 21
663.0 18
664.0 14
665.0 15
666.0 18
667.0 17
668.0 14
669.0 12
670.0 17
671.0 20
672.0 19
673.0 23
674.0 23
675.0 20
676.0 23
677.0 14
678.0 17
679.0 20
680.0 18
681.0 20
682.0 14
683.0 22
684.0 23
685.0 18
686.0 11
687.0 21
688.0 21
689.0 20
690.0 20
691.0 21
692.0 17
693.0 22
694.0 18
695.0 13
696.0 15
697.0 22
698.0 17
699.0 17
700.0 19
701.0 10
702.0 26
703.0 13
704.0 19
705.0 18
706.0 25
707.0 15
708.0 22
709.0 12
710.0 21
711.0 25
712.0 24
713.0 13
714.0 20
715.0 19
716.0 11
717.0 10
718.0 15
719.0 16
720.0 12
721.0 6
722.0 16
723.0 15
724.0 15
725.0 14
726.0 8
727.0 13
728.0 16
729.0 16
730.0 18
731.0 15
732.0 19
733.0 9
734.0 14
735.0 15
736.0 15
737.0 12
738.0 13
739.0 16
740.0 13
741.0 17
742.0 17
743.0 12
744.0 13
745.0 15
746.0 18
747.0 11
748.0 9
749.0 15
750.0 11
751.0 20
752.0 11
753.0 13
754.0 14
755.0 16
756.0 8
757.0 8
758.0 13
759.0 19
760.0 12
761.0 16
762.0 15
763.0 4
764.0 8
765.0 18
766.0 13
767.0 11
768.0 8
769.0 20
770.0 13
771.0 15
772.0 10
773.0 15
774.0 9
775.0 9
776.0 12
777.0 7
778.0 14
779.0 19
780.0 13
781.0 13
782.0 10
783.0 8
784.0 17
785.0 9
786.0 13
787.0 13
788.0 10
789.0 12
790.0 11
791.0 6
792.0 10
793.0 11
794.0 11
795.0 10
796.0 12
797.0 17
798.0 11
799.0 15
800.0 10
801.0 5
802.0 11
803.0 13
804.0 18
805.0 13
806.0 10
807.0 15
808.0 13
809.0 13
810.0 13
811.0 10
812.0 12
813.0 9
814.0 9
815.0 15
816.0 9
817.0 21
818.0 9
819.0 13
820.0 11
821.0 9
822.0 7
823.0 11
824.0 6
825.0 6
826.0 10
827.0 10
828.0 8
829.0 11
830.0 13
831.0 12
832.0 15
833.0 9
834.0 16
835.0 8
836.0 5
837.0 9
838.0 12
839.0 15
840.0 6
841.0 12
842.0 6
843.0 7
844.0 7
845.0 9
846.0 11
847.0 9
848.0 10
849.0 8
850.0 11
851.0 18
852.0 9
853.0 11
854.0 9
855.0 9
856.0 7
857.0 6
858.0 5
859.0 13
860.0 8
861.0 7
862.0 9
863.0 10
864.0 10
865.0 7
866.0 8
867.0 12
868.0 11
869.0 5
870.0 8
871.0 10
872.0 9
873.0 14
874.0 12
875.0 7
876.0 9
877.0 14
878.0 16
879.0 9
880.0 6
881.0 16
882.0 6
883.0 10
884.0 4
885.0 10
886.0 10
887.0 10
888.0 3
889.0 9
890.0 3
891.0 4
892.0 9
893.0 12
894.0 11
895.0 13
896.0 8
897.0 7
898.0 10
899.0 8
900.0 123
901.0 36
902.0 42
903.0 48
904.0 50
905.0 48
906.0 40
907.0 26
908.0 40
909.0 30
910.0 24
911.0 30
912.0 29
913.0 27
914.0 20
915.0 17
916.0 19
917.0 12
918.0 13
919.0 14
920.0 16
921.0 5
922.0 11
923.0 11
924.0 7
925.0 10
926.0 15
927.0 15
928.0 7
929.0 13
930.0 9
931.0 10
932.0 12
933.0 8
934.0 6
935.0 9
936.0 10
937.0 7
938.0 11
939.0 10
940.0 4
941.0 9
942.0 14
943.0 10
944.0 15
945.0 7
946.0 10
947.0 10
948.0 9
949.0 8
950.0 6
951.0 9
952.0 8
953.0 8
954.0 4
955.0 13
956.0 9
957.0 7
958.0 4
959.0 9
960.0 17
961.0 7
962.0 13
963.0 7
964.0 7
965.0 5
966.0 7
967.0 4
968.0 12
969.0 10
970.0 7
971.0 10
972.0 8
973.0 7
974.0 5
975.0 6
976.0 8
977.0 8
978.0 8
979.0 7
980.0 11
982.0 10
983.0 6
984.0 8
985.0 11
986.0 7
987.0 7
988.0 7
989.0 9
990.0 7
991.0 7
992.0 4
993.0 11
994.0 8
995.0 6
996.0 3
997.0 12
998.0 7
999.0 4
1000.0 6
1001.0 5
1002.0 6
1003.0 10
1004.0 10
1005.0 6
1006.0 10
1007.0 4
1008.0 4
1009.0 6
1010.0 5
1011.0 3
1012.0 10
1013.0 14
1014.0 10
1015.0 5
1017.0 14
1018.0 6
1019.0 7
1020.0 3
1021.0 17
1022.0 20
1023.0 5
1024.0 13
1025.0 11
1026.0 6
1027.0 11
1028.0 3
1029.0 6
1030.0 11
1031.0 9
1032.0 2
1033.0 7
1034.0 11
1035.0 4
1036.0 10
1037.0 5
1038.0 6
1039.0 2
1040.0 6
1041.0 4
1042.0 2
1043.0 8
1044.0 7
1045.0 10
1046.0 7
1047.0 3
1048.0 9
1049.0 12
1050.0 4
1051.0 6
1052.0 4
1053.0 6
1054.0 3
1055.0 11
1056.0 9
1057.0 5
1058.0 6
1059.0 8
1060.0 6
1061.0 4
1062.0 5
1063.0 3
1064.0 9
1065.0 4
1066.0 7
1067.0 5
1068.0 6
1069.0 7
1070.0 2
1071.0 5
1072.0 1
1073.0 3
1074.0 8
1075.0 3
1076.0 5
1077.0 6
1078.0 5
1079.0 3
1080.0 5
1081.0 1
1082.0 1
1083.0 1
1084.0 4
1085.0 2
1086.0 5
1087.0 10
1088.0 4
1089.0 5
1090.0 6
1091.0 5
1092.0 6
1093.0 7
1094.0 5
1095.0 3
1096.0 3
1097.0 8
1098.0 3
1099.0 7
1100.0 4
1101.0 3
1102.0 2
1104.0 4
1105.0 3
1106.0 6
1107.0 4
1108.0 4
1109.0 7
1110.0 5
1111.0 5
1112.0 4
1113.0 4
1114.0 5
1115.0 5
1116.0 5
1117.0 3
1118.0 2
1119.0 4
1120.0 8
1121.0 5
1122.0 10
1123.0 6
1124.0 7
1125.0 3
1126.0 3
1127.0 4
1128.0 3
1129.0 5
1130.0 7
1131.0 6
1132.0 6
1133.0 6
1134.0 7
1135.0 7
1136.0 3
1137.0 2
1138.0 5
1139.0 8
1140.0 4
1141.0 5
1142.0 3
1143.0 5
1144.0 7
1145.0 2
1146.0 2
1147.0 7
1148.0 4
1149.0 2
1150.0 5
1151.0 3
1152.0 5
1153.0 6
1154.0 3
1155.0 7
1156.0 6
1157.0 7
1158.0 5
1159.0 4
1160.0 3
1161.0 5
1162.0 5
1163.0 3
1164.0 4
1165.0 5
1166.0 5
1167.0 5
1168.0 7
1169.0 5
1170.0 7
1171.0 6
1172.0 1
1173.0 5
1174.0 5
1175.0 4
1176.0 1
1177.0 4
1178.0 7
1179.0 1
1180.0 4
1181.0 4
1182.0 5
1183.0 9
1184.0 3
1185.0 2
1186.0 7
1187.0 4
1188.0 7
1189.0 10
1190.0 1
1191.0 1
1192.0 6
1193.0 4
1194.0 3
1195.0 3
1196.0 4
1197.0 5
1198.0 3
1199.0 4
1200.0 2
1201.0 3
1202.0 3
1203.0 8
1204.0 5
1205.0 3
1206.0 3
1207.0 3
1208.0 3
1209.0 2
1210.0 5
1212.0 6
1213.0 3
1214.0 3
1215.0 2
1216.0 6
1217.0 6
1218.0 1
1219.0 2
1220.0 6
1221.0 6
1222.0 3
1223.0 9
1224.0 3
1225.0 7
1226.0 7
1227.0 2
1228.0 2
1229.0 7
1230.0 5
1231.0 3
1232.0 2
1233.0 3
1234.0 4
1235.0 5
1236.0 6
1237.0 5
1238.0 6
1239.0 2
1240.0 4
1241.0 3
1242.0 7
1243.0 1
1244.0 3
1245.0 2
1246.0 1
1248.0 7
1249.0 3
1250.0 11
1251.0 6
1252.0 3
1253.0 5
1254.0 6
1255.0 2
1256.0 7
1257.0 3
1258.0 5
1260.0 3
1261.0 3
1262.0 2
1264.0 3
1265.0 2
1266.0 5
1267.0 9
1268.0 1
1269.0 7
1270.0 6
1271.0 3
1272.0 7
1273.0 5
1274.0 5
1275.0 4
1276.0 3
1277.0 8
1278.0 5
1279.0 3
1280.0 4
1281.0 2
1282.0 5
1283.0 1
1284.0 4
1285.0 3
1286.0 4
1287.0 3
1288.0 5
1290.0 4
1291.0 3
1292.0 4
1293.0 2
1294.0 4
1295.0 1
1296.0 3
1297.0 10
1298.0 3
1299.0 2
1300.0 3
1301.0 3
1302.0 4
1303.0 1
1304.0 3
1305.0 7
1306.0 6
1307.0 6
1308.0 4
1309.0 4
1310.0 3
1311.0 4
1312.0 3
1314.0 3
1315.0 5
1316.0 6
1317.0 3
1318.0 2
1319.0 6
1320.0 3
1321.0 1
1322.0 4
1323.0 4
1324.0 5
1325.0 6
1326.0 1
1327.0 1
1328.0 3
1329.0 6
1330.0 5
1331.0 3
1332.0 4
1333.0 5
1334.0 1
1335.0 3
1336.0 5
1337.0 5
1338.0 4
1339.0 5
1340.0 3
1341.0 3
1342.0 1
1343.0 5
1344.0 6
1345.0 5
1346.0 5
1347.0 4
1348.0 2
1349.0 4
1351.0 1
1352.0 2
1353.0 3
1354.0 5
1355.0 6
1356.0 3
1357.0 2
1358.0 2
1359.0 1
1360.0 1
1361.0 3
1362.0 2
1363.0 1
1364.0 1
1365.0 4
1366.0 7
1367.0 1
1368.0 1
1369.0 4
1370.0 3
1371.0 4
1372.0 5
1373.0 1
1374.0 4
1375.0 1
1376.0 3
1377.0 2
1378.0 3
1379.0 4
1380.0 2
1381.0 4
1382.0 2
1383.0 6
1385.0 1
1386.0 6
1387.0 3
1388.0 2
1389.0 2
1390.0 2
1391.0 2
1393.0 4
1394.0 5
1395.0 1
1396.0 2
1398.0 2
1399.0 3
1400.0 5
1401.0 1
1402.0 4
1403.0 3
1404.0 1
1405.0 1
1406.0 1
1407.0 3
1408.0 5
1409.0 3
1410.0 4
1411.0 3
1412.0 3
1413.0 5
1414.0 3
1415.0 1
1416.0 3
1417.0 2
1418.0 1
1419.0 1
1420.0 3
1421.0 1
1422.0 2
1423.0 4
1424.0 4
1425.0 2
1426.0 5
1427.0 3
1428.0 3
1429.0 2
1430.0 3
1431.0 6
1432.0 2
1433.0 5
1434.0 3
1435.0 2
1436.0 4
1437.0 2
1438.0 2
1439.0 2
1441.0 1
1442.0 1
1443.0 3
1444.0 1
1445.0 3
1446.0 4
1447.0 1
1448.0 1
1449.0 6
1450.0 3
1451.0 4
1452.0 7
1453.0 1
1454.0 2
1455.0 1
1456.0 1
1457.0 5
1459.0 4
1460.0 3
1461.0 1
1462.0 3
1463.0 2
1464.0 4
1465.0 4
1466.0 2
1467.0 1
1469.0 2
1470.0 2
1471.0 4
1472.0 1
1473.0 2
1474.0 1
1475.0 5
1476.0 2
1477.0 3
1478.0 1
1479.0 3
1480.0 3
1481.0 5
1482.0 2
1483.0 1
1484.0 2
1485.0 3
1486.0 1
1487.0 2
1488.0 5
1489.0 1
1490.0 1
1491.0 2
1492.0 1
1493.0 1
1494.0 3
1495.0 3
1496.0 1
1498.0 3
1499.0 3
1500.0 2
1501.0 2
1502.0 2
1503.0 3
1504.0 2
1505.0 2
1506.0 3
1507.0 2
1509.0 3
1510.0 3
1511.0 2
1512.0 1
1513.0 1
1514.0 1
1515.0 1
1516.0 3
1517.0 5
1518.0 4
1519.0 1
1521.0 4
1522.0 5
1523.0 3
1524.0 5
1525.0 3
1526.0 2
1527.0 1
1528.0 5
1529.0 3
1531.0 1
1532.0 2
1533.0 2
1534.0 2
1536.0 2
1537.0 1
1538.0 2
1539.0 3
1541.0 2
1542.0 3
1543.0 1
1544.0 4
1545.0 3
1546.0 2
1547.0 1
1548.0 2
1549.0 8
1550.0 1
1551.0 1
1552.0 1
1553.0 3
1554.0 7
1555.0 2
1556.0 7
1558.0 3
1559.0 3
1560.0 5
1561.0 4
1562.0 6
1563.0 5
1564.0 3
1565.0 3
1567.0 1
1568.0 4
1569.0 4
1570.0 2
1571.0 3
1572.0 2
1573.0 3
1574.0 2
1575.0 4
1576.0 3
1577.0 4
1578.0 2
1579.0 1
1580.0 5
1582.0 3
1583.0 6
1584.0 1
1585.0 3
1586.0 4
1587.0 5
1588.0 2
1589.0 2
1590.0 2
1591.0 1
1592.0 2
1593.0 3
1594.0 4
1595.0 3
1596.0 1
1597.0 1
1599.0 4
1600.0 1
1602.0 2
1603.0 1
1604.0 1
1605.0 6
1606.0 2
1607.0 2
1609.0 1
1610.0 3
1611.0 3
1612.0 2
1613.0 1
1614.0 3
1615.0 2
1616.0 1
1617.0 7
1618.0 3
1619.0 3
1620.0 2
1622.0 2
1624.0 3
1626.0 3
1627.0 2
1628.0 6
1629.0 1
1630.0 2
1631.0 2
1632.0 1
1633.0 1
1634.0 2
1636.0 2
1637.0 2
1638.0 4
1639.0 1
1640.0 1
1641.0 1
1642.0 3
1643.0 1
1644.0 2
1645.0 2
1646.0 1
1647.0 1
1648.0 3
1649.0 2
1650.0 1
1651.0 2
1652.0 2
1654.0 2
1655.0 1
1656.0 2
1657.0 2
1658.0 2
1659.0 6
1660.0 1
1661.0 2
1662.0 1
1663.0 4
1665.0 2
1668.0 2
1669.0 3
1670.0 2
1674.0 4
1675.0 2
1676.0 1
1677.0 1
1678.0 1
1679.0 2
1680.0 1
1681.0 2
1682.0 1
1683.0 3
1684.0 2
1685.0 1
1687.0 1
1688.0 2
1690.0 1
1692.0 3
1694.0 2
1696.0 6
1697.0 3
1698.0 1
1699.0 5
1701.0 4
1702.0 4
1704.0 2
1705.0 2
1706.0 5
1707.0 1
1708.0 4
1709.0 5
1710.0 1
1711.0 3
1712.0 2
1714.0 1
1715.0 3
1716.0 1
1717.0 4
1719.0 3
1720.0 1
1721.0 1
1722.0 2
1723.0 3
1724.0 2
1726.0 2
1727.0 2
1729.0 4
1730.0 1
1731.0 3
1733.0 1
1734.0 6
1735.0 3
1736.0 2
1737.0 1
1738.0 1
1739.0 3
1740.0 2
1742.0 2
1743.0 1
1744.0 4
1745.0 2
1747.0 2
1748.0 4
1749.0 1
1750.0 2
1751.0 3
1752.0 4
1753.0 2
1754.0 2
1755.0 2
1756.0 2
1757.0 1
1758.0 3
1760.0 2
1761.0 1
1762.0 3
1763.0 1
1764.0 3
1767.0 1
1768.0 3
1769.0 4
1770.0 4
1772.0 1
1773.0 2
1775.0 1
1776.0 4
1777.0 3
1778.0 2
1779.0 2
1780.0 1
1784.0 3
1786.0 3
1787.0 2
1788.0 2
1789.0 1
1790.0 1
1791.0 1
1792.0 1
1794.0 1
1796.0 3
1797.0 6
1798.0 1
1800.0 1
1801.0 1
1802.0 2
1803.0 1
1805.0 3
1807.0 1
1809.0 3
1812.0 1
1814.0 2
1815.0 1
1816.0 1
1817.0 1
1818.0 2
1819.0 1
1820.0 1
1821.0 2
1823.0 4
1825.0 2
1826.0 2
1827.0 1
1828.0 1
1829.0 1
1830.0 2
1832.0 2
1833.0 1
1834.0 3
1835.0 3
1836.0 1
1839.0 2
1840.0 2
1841.0 1
1842.0 3
1844.0 1
1845.0 1
1847.0 3
1848.0 2
1850.0 1
1851.0 2
1854.0 4
1855.0 1
1856.0 2
1857.0 1
1859.0 2
1860.0 1
1862.0 1
1863.0 2
1864.0 2
1865.0 1
1866.0 1
1867.0 2
1868.0 3
1870.0 3
1871.0 1
1873.0 1
1874.0 1
1876.0 1
1877.0 2
1878.0 1
1879.0 1
1880.0 2
1881.0 4
1882.0 4
1884.0 1
1885.0 4
1886.0 1
1887.0 1
1888.0 4
1889.0 1
1891.0 1
1892.0 2
1893.0 1
1894.0 1
1896.0 2
1897.0 2
1898.0 1
1900.0 2
1902.0 2
1904.0 2
1905.0 2
1906.0 1
1907.0 1
1908.0 2
1909.0 1
1910.0 1
1911.0 4
1912.0 4
1914.0 1
1915.0 1
1917.0 1
1918.0 1
1919.0 3
1920.0 2
1921.0 1
1922.0 1
1924.0 3
1925.0 3
1926.0 1
1929.0 3
1930.0 1
1933.0 1
1936.0 1
1937.0 2
1938.0 1
1939.0 1
1940.0 4
1941.0 2
1942.0 1
1943.0 2
1944.0 2
1946.0 1
1948.0 2
1950.0 2
1952.0 1
1956.0 1
1957.0 2
1959.0 2
1961.0 2
1962.0 2
1963.0 5
1964.0 2
1965.0 1
1966.0 2
1967.0 1
1968.0 3
1971.0 4
1972.0 1
1973.0 1
1974.0 2
1976.0 4
1977.0 1
1978.0 1
1979.0 1
1980.0 4
1981.0 3
1983.0 2
1984.0 1
1985.0 1
1986.0 2
1987.0 1
1989.0 3
1991.0 1
1992.0 3
1993.0 2
1994.0 1
1995.0 1
1996.0 2
1998.0 1
2000.0 1
2001.0 2
2002.0 2
2003.0 1
2004.0 1
2005.0 1
2006.0 3
2007.0 1
2008.0 2
2009.0 2
2010.0 2
2011.0 2
2012.0 3
2014.0 3
2016.0 1
2018.0 2
2021.0 3
2022.0 1
2024.0 2
2025.0 3
2026.0 2
2027.0 2
2028.0 2
2030.0 1
2034.0 2
2035.0 1
2037.0 2
2038.0 2
2041.0 2
2042.0 2
2043.0 2
2045.0 1
2047.0 2
2048.0 1
2050.0 3
2051.0 1
2052.0 1
2053.0 1
2054.0 1
2056.0 2
2057.0 2
2060.0 2
2061.0 1
2063.0 1
2064.0 3
2066.0 2
2067.0 3
2068.0 1
2071.0 2
2072.0 1
2073.0 1
2074.0 2
2075.0 2
2076.0 1
2077.0 1
2078.0 1
2079.0 1
2082.0 1
2083.0 1
2085.0 1
2086.0 1
2087.0 2
2088.0 1
2089.0 1
2090.0 2
2091.0 2
2092.0 2
2093.0 2
2094.0 5
2096.0 2
2097.0 1
2100.0 2
2101.0 1
2102.0 2
2103.0 1
2104.0 2
2105.0 2
2107.0 1
2108.0 2
2109.0 1
2110.0 2
2111.0 1
2112.0 2
2113.0 5
2114.0 2
2115.0 2
2116.0 6
2117.0 3
2118.0 2
2120.0 4
2122.0 1
2124.0 1
2125.0 1
2126.0 3
2127.0 1
2128.0 1
2129.0 1
2132.0 1
2134.0 1
2136.0 1
2137.0 2
2138.0 1
2140.0 2
2142.0 2
2143.0 1
2144.0 2
2146.0 1
2147.0 1
2149.0 1
2151.0 1
2154.0 1
2155.0 1
2159.0 1
2160.0 1
2161.0 1
2162.0 1
2163.0 3
2166.0 2
2168.0 2
2175.0 1
2176.0 1
2177.0 3
2178.0 3
2179.0 2
2183.0 3
2184.0 1
2186.0 1
2188.0 1
2189.0 2
2191.0 1
2194.0 1
2195.0 1
2196.0 1
2197.0 1
2199.0 2
2200.0 1
2203.0 2
2204.0 2
2207.0 1
2208.0 2
2210.0 1
2212.0 1
2213.0 3
2214.0 1
2215.0 2
2217.0 2
2218.0 1
2219.0 1
2221.0 1
2222.0 1
2223.0 1
2224.0 1
2226.0 1
2227.0 1
2228.0 2
2230.0 3
2231.0 1
2232.0 1
2233.0 2
2235.0 1
2236.0 1
2240.0 1
2241.0 3
2243.0 5
2244.0 4
2245.0 1
2247.0 1
2248.0 2
2249.0 2
2253.0 3
2255.0 1
2256.0 2
2257.0 1
2259.0 1
2266.0 2
2267.0 2
2268.0 2
2269.0 2
2270.0 1
2271.0 1
2272.0 2
2275.0 2
2276.0 1
2277.0 2
2278.0 1
2280.0 3
2281.0 3
2283.0 1
2284.0 1
2285.0 3
2286.0 3
2287.0 1
2288.0 1
2290.0 1
2292.0 1
2293.0 1
2295.0 1
2296.0 1
2298.0 1
2299.0 2
2301.0 2
2302.0 1
2303.0 1
2304.0 1
2305.0 1
2306.0 3
2307.0 1
2308.0 1
2314.0 1
2316.0 2
2318.0 2
2321.0 1
2323.0 1
2325.0 1
2326.0 2
2328.0 2
2329.0 2
2330.0 1
2331.0 1
2332.0 1
2335.0 1
2336.0 1
2337.0 1
2338.0 1
2339.0 2
2340.0 3
2345.0 1
2346.0 1
2348.0 2
2349.0 3
2352.0 1
2353.0 1
2354.0 2
2355.0 4
2356.0 2
2357.0 1
2359.0 1
2360.0 1
2362.0 1
2365.0 2
2366.0 2
2368.0 1
2370.0 2
2371.0 1
2379.0 1
2381.0 4
2383.0 1
2384.0 1
2387.0 2
2388.0 1
2389.0 1
2391.0 1
2392.0 1
2393.0 1
2398.0 2
2402.0 1
2404.0 2
2405.0 1
2408.0 2
2409.0 1
2410.0 1
2411.0 4
2412.0 2
2413.0 1
2415.0 1
2417.0 2
2418.0 2
2419.0 2
2421.0 2
2423.0 1
2425.0 1
2426.0 1
2428.0 2
2429.0 1
2430.0 1
2431.0 1
2434.0 1
2436.0 1
2437.0 1
2439.0 1
2442.0 1
2444.0 2
2445.0 1
2447.0 2
2448.0 1
2449.0 1
2450.0 1
2455.0 1
2457.0 2
2458.0 3
2459.0 1
2460.0 2
2464.0 1
2469.0 1
2475.0 1
2480.0 2
2488.0 4
2489.0 1
2491.0 1
2492.0 3
2494.0 1
2495.0 2
2501.0 1
2504.0 2
2508.0 1
2512.0 1
2513.0 1
2514.0 1
2520.0 4
2522.0 1
2523.0 2
2525.0 1
2526.0 3
2527.0 1
2528.0 1
2532.0 1
2534.0 1
2537.0 1
2539.0 1
2540.0 2
2541.0 1
2544.0 1
2546.0 1
2548.0 2
2551.0 1
2554.0 1
2555.0 1
2556.0 1
2558.0 1
2564.0 1
2566.0 2
2567.0 1
2571.0 1
2572.0 1
2574.0 3
2579.0 1
2580.0 1
2588.0 1
2590.0 1
2591.0 1
2593.0 1
2594.0 2
2597.0 1
2604.0 2
2605.0 1
2606.0 2
2610.0 1
2622.0 2
2624.0 3
2629.0 1
2631.0 1
2636.0 1
2638.0 1
2640.0 1
2641.0 2
2643.0 1
2650.0 1
2652.0 1
2654.0 2
2656.0 1
2657.0 1
2659.0 1
2664.0 1
2665.0 1
2666.0 2
2667.0 1
2669.0 1
2671.0 1
2674.0 1
2677.0 1
2679.0 2
2682.0 1
2683.0 1
2694.0 1
2695.0 1
2699.0 1
2700.0 2
2706.0 1
2707.0 1
2709.0 2
2710.0 1
2711.0 2
2714.0 1
2719.0 1
2720.0 1
2721.0 2
2723.0 2
2727.0 2
2729.0 2
2732.0 1
2741.0 1
2747.0 1
2749.0 1
2750.0 1
2761.0 1
2768.0 2
2769.0 1
2770.0 1
2773.0 1
2774.0 2
2775.0 1
2777.0 1
2779.0 1
2781.0 2
2782.0 2
2784.0 1
2785.0 2
2791.0 1
2793.0 1
2794.0 1
2796.0 1
2800.0 1
2801.0 1
2802.0 1
2806.0 1
2810.0 2
2811.0 2
2812.0 1
2813.0 1
2816.0 1
2817.0 1
2818.0 1
2822.0 1
2826.0 1
2829.0 1
2830.0 2
2833.0 1
2834.0 1
2835.0 1
2836.0 2
2837.0 1
2839.0 2
2841.0 2
2844.0 1
2845.0 2
2846.0 2
2848.0 1
2849.0 1
2852.0 1
2853.0 1
2862.0 1
2865.0 2
2867.0 1
2869.0 1
2872.0 1
2874.0 1
2875.0 1
2879.0 1
2883.0 1
2886.0 2
2888.0 1
2891.0 2
2897.0 1
2901.0 1
2902.0 1
2903.0 1
2907.0 1
2912.0 1
2913.0 2
2915.0 1
2917.0 1
2920.0 1
2921.0 1
2922.0 2
2925.0 2
2927.0 1
2928.0 2
2931.0 1
2934.0 1
2935.0 2
2937.0 1
2938.0 1
2945.0 1
2946.0 1
2947.0 1
2950.0 1
2952.0 1
2953.0 1
2955.0 1
2969.0 1
2971.0 2
2972.0 1
2973.0 1
2974.0 1
2978.0 1
2980.0 1
2984.0 1
2986.0 1
2993.0 1
2994.0 3
2996.0 1
2997.0 1
2998.0 1
2999.0 1
3000.0 1
3001.0 1
3003.0 1
3011.0 1
3012.0 1
3013.0 1
3015.0 1
3018.0 2
3020.0 2
3021.0 1
3022.0 1
3025.0 1
3026.0 1
3029.0 1
3031.0 1
3032.0 1
3034.0 1
3035.0 1
3037.0 1
3038.0 1
3040.0 1
3043.0 1
3049.0 1
3059.0 2
3060.0 1
3061.0 3
3064.0 2
3073.0 1
3074.0 1
3079.0 1
3082.0 1
3084.0 1
3088.0 1
3089.0 1
3091.0 1
3092.0 3
3093.0 1
3095.0 1
3099.0 1
3103.0 1
3107.0 1
3108.0 2
3109.0 1
3112.0 1
3117.0 1
3118.0 1
3119.0 1
3120.0 1
3121.0 1
3123.0 1
3126.0 1
3130.0 1
3137.0 2
3150.0 1
3155.0 3
3156.0 1
3157.0 1
3158.0 1
3159.0 1
3173.0 1
3175.0 1
3176.0 1
3178.0 1
3180.0 1
3181.0 1
3188.0 1
3190.0 1
3192.0 1
3195.0 1
3197.0 1
3198.0 2
3200.0 3
3201.0 1
3203.0 1
3211.0 1
3212.0 1
3215.0 2
3217.0 1
3219.0 1
3236.0 1
3243.0 2
3244.0 1
3250.0 1
3253.0 1
3257.0 1
3259.0 1
3261.0 2
3262.0 1
3263.0 1
3267.0 1
3269.0 1
3271.0 1
3279.0 1
3287.0 2
3288.0 1
3292.0 1
3294.0 1
3297.0 1
3299.0 1
3304.0 1
3311.0 1
3316.0 1
3322.0 1
3329.0 1
3330.0 2
3333.0 1
3335.0 1
3336.0 1
3340.0 2
3343.0 1
3345.0 1
3348.0 1
3350.0 1
3352.0 1
3353.0 1
3355.0 1
3356.0 1
3361.0 1
3366.0 2
3369.0 2
3375.0 2
3378.0 1
3379.0 2
3380.0 1
3381.0 1
3385.0 2
3393.0 1
3400.0 1
3410.0 1
3412.0 2
3420.0 1
3423.0 1
3425.0 1
3426.0 1
3430.0 1
3434.0 1
3435.0 1
3437.0 3
3439.0 3
3442.0 1
3446.0 1
3447.0 1
3448.0 1
3461.0 1
3462.0 1
3468.0 1
3473.0 1
3477.0 2
3488.0 1
3498.0 2
3499.0 2
3505.0 1
3515.0 1
3520.0 1
3525.0 1
3526.0 1
3529.0 1
3532.0 1
3533.0 1
3536.0 2
3547.0 1
3549.0 1
3550.0 1
3557.0 1
3559.0 1
3561.0 3
3563.0 1
3570.0 2
3572.0 1
3574.0 2
3576.0 1
3578.0 1
3583.0 1
3596.0 1
3597.0 1
3601.0 1
3605.0 1
3608.0 1
3609.0 1
3612.0 1
3614.0 1
3616.0 1
3619.0 1
3626.0 1
3635.0 1
3637.0 2
3639.0 1
3640.0 1
3647.0 1
3651.0 1
3652.0 1
3653.0 1
3654.0 1
3656.0 1
3657.0 1
3660.0 1
3669.0 1
3689.0 1
3691.0 1
3713.0 1
3716.0 1
3736.0 1
3737.0 1
3738.0 1
3751.0 1
3755.0 1
3764.0 2
3765.0 2
3766.0 1
3769.0 1
3770.0 1
3773.0 1
3775.0 1
3777.0 1
3780.0 2
3790.0 1
3798.0 1
3800.0 1
3810.0 1
3815.0 1
3821.0 1
3826.0 1
3830.0 1
3834.0 1
3840.0 1
3842.0 1
3843.0 2
3844.0 1
3846.0 1
3849.0 1
3854.0 1
3856.0 1
3861.0 1
3866.0 1
3870.0 1
3876.0 2
3883.0 1
3888.0 1
3889.0 1
3895.0 1
3899.0 1
3910.0 2
3917.0 1
3920.0 1
3924.0 1
3927.0 1
3939.0 1
3945.0 2
3953.0 1
3954.0 1
3956.0 1
3960.0 1
3966.0 1
3968.0 1
3982.0 1
3987.0 1
3995.0 1
4004.0 1
4006.0 1
4011.0 1
4014.0 1
4018.0 1
4028.0 1
4029.0 1
4030.0 1
4031.0 1
4041.0 1
4042.0 3
4043.0 2
4052.0 1
4054.0 1
4055.0 1
4062.0 2
4063.0 1
4065.0 1
4082.0 1
4084.0 1
4088.0 1
4091.0 1
4094.0 1
4099.0 1
4102.0 1
4108.0 1
4110.0 1
4115.0 1
4116.0 1
4120.0 2
4124.0 1
4131.0 1
4135.0 1
4138.0 1
4144.0 1
4145.0 1
4149.0 1
4165.0 1
4170.0 1
4173.0 1
4174.0 1
4178.0 1
4180.0 1
4182.0 1
4183.0 2
4185.0 1
4194.0 1
4198.0 1
4211.0 1
4212.0 1
4213.0 1
4215.0 1
4223.0 1
4228.0 1
4232.0 1
4233.0 1
4234.0 1
4237.0 1
4246.0 1
4249.0 1
4259.0 1
4262.0 1
4263.0 1
4264.0 2
4268.0 1
4273.0 1
4278.0 2
4279.0 1
4284.0 1
4285.0 1
4291.0 1
4292.0 1
4293.0 1
4294.0 1
4296.0 1
4297.0 1
4302.0 1
4305.0 2
4306.0 2
4310.0 1
4312.0 1
4318.0 2
4319.0 1
4323.0 1
4324.0 1
4328.0 1
4331.0 1
4336.0 1
4338.0 1
4345.0 1
4348.0 1
4350.0 1
4352.0 1
4354.0 1
4358.0 2
4360.0 1
4362.0 1
4363.0 1
4365.0 1
4366.0 2
4372.0 1
4374.0 2
4375.0 1
4376.0 2
4380.0 1
4385.0 1
4393.0 1
4395.0 1
4396.0 2
4404.0 1
4406.0 1
4409.0 1
4411.0 1
4413.0 1
4415.0 3
4417.0 1
4418.0 2
4419.0 1
4423.0 1
4426.0 1
4428.0 2
4429.0 1
4433.0 1
4436.0 1
4437.0 1
4439.0 1
4440.0 1
4443.0 2
4446.0 1
4449.0 1
4451.0 1
4460.0 1
4462.0 1
4466.0 1
4467.0 1
4469.0 1
4470.0 1
4477.0 1
4481.0 1
4482.0 1
4483.0 2
4485.0 1
4486.0 2
4492.0 1
4497.0 1
4503.0 1
4507.0 1
4510.0 1
4511.0 1
4513.0 1
4516.0 1
4517.0 1
4518.0 1
4523.0 1
4524.0 1
4525.0 1
4527.0 1
4530.0 1
4531.0 1
4534.0 2
4536.0 1
4538.0 1
4539.0 1
4540.0 1
4542.0 1
4543.0 1
4546.0 1
4547.0 1
4551.0 1
4558.0 1
4563.0 1
4569.0 1
4570.0 1
4574.0 2
4575.0 2
4577.0 1
4578.0 1
4580.0 1
4589.0 2
4590.0 1
4599.0 1
4604.0 1
4609.0 2
4611.0 1
4617.0 1
4624.0 1
4627.0 1
4630.0 1
4632.0 1
4634.0 1
4636.0 2
4640.0 1
4641.0 1
4644.0 2
4647.0 1
4648.0 1
4649.0 2
4656.0 2
4657.0 1
4659.0 1
4661.0 1
4662.0 1
4663.0 1
4664.0 1
4667.0 1
4669.0 1
4677.0 2
4678.0 1
4685.0 1
4686.0 1
4687.0 1
4692.0 1
4695.0 1
4696.0 1
4698.0 1
4703.0 1
4712.0 1
4713.0 1
4721.0 1
4724.0 2
4725.0 1
4726.0 1
4730.0 2
4731.0 1
4737.0 1
4740.0 1
4741.0 1
4742.0 1
4746.0 1
4758.0 1
4759.0 1
4765.0 1
4768.0 2
4776.0 1
4777.0 1
4778.0 1
4779.0 1
4781.0 2
4784.0 3
4787.0 2
4788.0 2
4792.0 1
4794.0 1
4798.0 1
4799.0 1
4800.0 1
4804.0 1
4805.0 3
4808.0 1
4810.0 2
4815.0 1
4818.0 1
4825.0 1
4826.0 1
4829.0 1
4832.0 1
4836.0 2
4839.0 2
4845.0 1
4846.0 2
4849.0 1
4850.0 1
4854.0 1
4856.0 2
4857.0 1
4865.0 1
4866.0 1
4869.0 1
4872.0 1
4874.0 1
4875.0 2
4884.0 1
4888.0 1
4889.0 1
4893.0 1
4896.0 1
4900.0 1
4908.0 1
4915.0 1
4916.0 2
4919.0 2
4921.0 1
4922.0 1
4929.0 1
4933.0 1
4936.0 1
4939.0 1
4942.0 1
4944.0 1
4948.0 3
4954.0 2
4955.0 1
4958.0 1
4960.0 1
4963.0 1
4964.0 1
4969.0 2
4971.0 1
4972.0 1
4975.0 1
4976.0 2
4983.0 1
4985.0 1
4994.0 1
4996.0 1
4997.0 1
4999.0 1
5002.0 1
5005.0 1
5010.0 1
5012.0 1
5016.0 1
5022.0 1
5023.0 3
5025.0 2
5027.0 1
5029.0 1
5037.0 1
5041.0 1
5046.0 1
5048.0 1
5056.0 1
5058.0 1
5061.0 2
5062.0 1
5068.0 1
5074.0 2
5076.0 2
5078.0 2
5079.0 1
5082.0 1
5090.0 2
5092.0 1
5096.0 1
5097.0 1
5098.0 1
5099.0 1
5104.0 1
5107.0 1
5108.0 1
5113.0 1
5115.0 1
5123.0 1
5124.0 1
5125.0 1
5126.0 2
5129.0 1
5135.0 1
5155.0 1
5156.0 1
5157.0 1
5158.0 1
5178.0 1
5180.0 2
5181.0 1
5182.0 1
5184.0 1
5188.0 1
5190.0 1
5195.0 1
5203.0 1
5204.0 1
5205.0 1
5208.0 2
5210.0 1
5215.0 1
5218.0 1
5221.0 1
5223.0 1
5226.0 1
5241.0 1
5259.0 1
5264.0 1
5272.0 1
5275.0 1
5277.0 1
5282.0 1
5305.0 1
5309.0 1
5312.0 1
5317.0 1
5319.0 1
5331.0 1
5335.0 1
5337.0 1
5339.0 1
5341.0 1
5342.0 2
5344.0 1
5345.0 1
5348.0 1
5352.0 1
5355.0 1
5356.0 1
5357.0 1
5358.0 1
5359.0 1
5363.0 2
5365.0 1
5372.0 1
5378.0 1
5379.0 1
5385.0 2
5394.0 1
5397.0 1
5401.0 3
5404.0 1
5405.0 1
5407.0 1
5412.0 1
5416.0 2
5418.0 1
5439.0 1
5442.0 1
5452.0 1
5453.0 1
5468.0 1
5475.0 1
5476.0 1
5480.0 1
5482.0 2
5495.0 1
5500.0 2
5501.0 1
5502.0 1
5506.0 2
5507.0 1
5512.0 1
5515.0 1
5518.0 1
5522.0 1
5532.0 1
5549.0 2
5550.0 1
5555.0 1
5566.0 1
5579.0 1
5586.0 1
5592.0 1
5597.0 1
5600.0 1
5601.0 1
5602.0 1
5604.0 1
5606.0 1
5608.0 1
5617.0 1
5620.0 1
5626.0 1
5628.0 2
5639.0 1
5650.0 1
5651.0 1
5658.0 1
5683.0 1
5693.0 1
5701.0 1
5704.0 1
5717.0 1
5725.0 1
5732.0 2
5733.0 1
5735.0 1
5743.0 1
5760.0 1
5763.0 1
5769.0 1
5779.0 1
5780.0 3
5791.0 1
5792.0 1
5793.0 1
5798.0 1
5804.0 3
5816.0 1
5821.0 1
5825.0 1
5841.0 1
5844.0 1
5849.0 1
5850.0 1
5855.0 1
5858.0 1
5861.0 1
5870.0 1
5880.0 1
5884.0 1
5893.0 1
5912.0 1
5915.0 1
5916.0 1
5917.0 1
5937.0 2
5995.0 1
5997.0 1
6003.0 1
6007.0 1
6018.0 1
6024.0 1
6025.0 1
6026.0 1
6039.0 1
6040.0 2
6041.0 1
6049.0 2
6050.0 1
6051.0 1
6057.0 1
6059.0 1
6060.0 2
6072.0 1
6078.0 1
6084.0 1
6101.0 1
6102.0 1
6107.0 1
6114.0 1
6123.0 1
6129.0 1
6130.0 2
6131.0 1
6136.0 1
6148.0 1
6152.0 1
6159.0 1
6165.0 1
6180.0 1
6186.0 1
6189.0 1
6190.0 1
6192.0 1
6193.0 1
6214.0 1
6233.0 1
6235.0 1
6236.0 1
6243.0 1
6247.0 1
6249.0 1
6250.0 1
6253.0 2
6261.0 1
6263.0 1
6267.0 1
6272.0 1
6273.0 1
6275.0 1
6283.0 2
6285.0 1
6309.0 1
6310.0 1
6317.0 1
6324.0 1
6325.0 1
6347.0 1
6366.0 1
6372.0 1
6373.0 1
6377.0 1
6383.0 1
6388.0 2
6389.0 1
6409.0 1
6416.0 2
6426.0 1
6439.0 1
6448.0 1
6462.0 1
6483.0 1
6490.0 1
6510.0 1
6519.0 1
6572.0 1
6573.0 2
6591.0 1
6601.0 1
6602.0 1
6613.0 1
6617.0 1
6624.0 1
6629.0 1
6641.0 1
6642.0 2
6646.0 1
6654.0 1
6656.0 1
6663.0 1
6665.0 1
6698.0 1
6717.0 1
6723.0 1
6735.0 1
6744.0 1
6752.0 1
6758.0 1
6772.0 1
6775.0 1
6783.0 1
6795.0 1
6813.0 1
6817.0 2
6824.0 1
6839.0 1
6841.0 1
6848.0 1
6849.0 1
6856.0 1
6859.0 1
6886.0 1
6904.0 1
6909.0 1
6927.0 1
6933.0 1
6964.0 1
6987.0 1
7036.0 1
7056.0 1
7060.0 1
7067.0 1
7072.0 1
7123.0 1
7126.0 1
7135.0 1
7137.0 1
7163.0 1
7192.0 1
7211.0 1
7221.0 1
7223.0 2
7249.0 1
7273.0 1
7307.0 1
7322.0 1
7323.0 1
7337.0 1
7373.0 1
7396.0 1
7403.0 1
7499.0 1
7513.0 1
7515.0 1
7517.0 1
7519.0 1
7537.0 1
7538.0 1
7551.0 1
7602.0 1
7611.0 1
7635.0 1
7641.0 1
7658.0 1
7689.0 1
7704.0 1
7708.0 1
7727.0 1
7788.0 1
7790.0 1
7796.0 1
7849.0 1
7874.0 1
7883.0 1
7884.0 1
7888.0 1
7893.0 1
7898.0 1
7917.0 1
7981.0 1
7996.0 1
8022.0 1
8055.0 1
8060.0 1
8065.0 1
8078.0 1
8082.0 1
8087.0 1
8105.0 1
8117.0 1
8138.0 1
8166.0 1
8175.0 1
8210.0 1
8217.0 1
8219.0 1
8230.0 1
8258.0 1
8260.0 1
8276.0 1
8285.0 1
8288.0 1
8297.0 1
8299.0 1
8309.0 1
8312.0 1
8353.0 1
8361.0 1
8380.0 1
8406.0 1
8418.0 1
8438.0 1
8451.0 2
8482.0 1
8506.0 2
8522.0 1
8545.0 1
8556.0 1
8563.0 1
8571.0 1
8586.0 1
8619.0 1
8631.0 1
8634.0 1
8635.0 1
8641.0 1
8645.0 1
8647.0 1
8677.0 1
8687.0 2
8713.0 1
8720.0 2
8723.0 1
8756.0 2
8766.0 1
8802.0 1
8820.0 1
8831.0 1
8832.0 1
8842.0 1
8905.0 2
8910.0 1
8913.0 1
8926.0 1
8958.0 1
8987.0 1
9035.0 1
9041.0 1
9047.0 1
9078.0 1
9086.0 1
9087.0 1
9094.0 1
9108.0 1
9122.0 2
9134.0 1
9159.0 1
9170.0 1
9172.0 1
9176.0 1
9186.0 1
9207.0 1
9242.0 1
9251.0 1
9317.0 2
9325.0 1
9365.0 1
9405.0 1
9422.0 1
9425.0 1
9453.0 1
9456.0 1
9566.0 1
9623.0 1
9636.0 1
9643.0 1
9653.0 1
9656.0 1
9685.0 1
9687.0 1
9717.0 1
9842.0 1
9867.0 1
9889.0 1
9900.0 1
10009.0 1
10025.0 1
10093.0 1
10105.0 1
10120.0 1
10127.0 1
10139.0 1
10142.0 1
10154.0 1
10160.0 1
10162.0 1
10176.0 1
10191.0 1
10222.0 1
10236.0 1
10286.0 1
10305.0 1
10333.0 1
10347.0 1
10352.0 1
10356.0 1
10449.0 1
10483.0 1
10497.0 2
10509.0 1
10520.0 1
10535.0 1
10540.0 1
10582.0 1
10594.0 1
10609.0 1
10649.0 1
10673.0 1
10744.0 1
10758.0 1
10789.0 1
10817.0 1
10819.0 1
10854.0 1
10873.0 1
10894.0 1
10908.0 1
10939.0 1
10995.0 1
11081.0 1
11089.0 1
11107.0 1
11140.0 1
11168.0 1
11240.0 1
11325.0 1
11336.0 1
11344.0 1
11352.0 1
11355.0 2
11367.0 1
11404.0 1
11519.0 1
11544.0 1
11548.0 1
11655.0 1
11719.0 1
11725.0 1
11763.0 1
11786.0 1
11914.0 1
11922.0 1
11943.0 1
11968.0 1
11976.0 2
12026.0 1
12078.0 1
12084.0 1
12095.0 1
12126.0 1
12202.0 1
12234.0 2
12236.0 1
12266.0 1
12313.0 1
12315.0 1
12327.0 1
12339.0 1
12435.0 1
12436.0 1
12457.0 1
12483.0 1
12506.0 1
12528.0 1
12553.0 1
12591.0 1
12612.0 1
12655.0 1
12739.0 1
12803.0 1
12839.0 1
12873.0 1
12893.0 1
12899.0 1
12903.0 1
12996.0 1
13009.0 1
13035.0 1
13071.0 1
13076.0 1
13117.0 1
13179.0 1
13185.0 1
13220.0 1
13230.0 1
13283.0 1
13309.0 1
13313.0 1
13581.0 1
13661.0 1
13681.0 1
13747.0 1
13759.0 1
13799.0 1
13823.0 1
13825.0 1
14122.0 1
14183.0 1
14278.0 1
14285.0 1
14336.0 1
14337.0 1
14472.0 1
14623.0 1
14672.0 1
14844.0 1
14884.0 1
14941.0 1
14961.0 1
14967.0 1
14971.0 1
14982.0 1
15118.0 1
15126.0 1
15338.0 1
15353.0 1
15483.0 1
15505.0 1
15621.0 1
15718.0 2
15825.0 1
15929.0 1
16602.0 1
16632.0 1
16707.0 1
16797.0 1
16869.0 1
16870.0 1
16871.0 1
16880.0 1
16890.0 1
16903.0 1
16930.0 1
16952.0 1
16987.0 1
17032.0 1
17062.0 1
17065.0 1
17134.0 1
17187.0 1
17244.0 1
17249.0 1
17405.0 1
17479.0 1
17529.0 1
17611.0 1
17879.0 1
17910.0 1
17965.0 1
17985.0 1
18041.0 1
18083.0 1
18097.0 1
18101.0 1
18206.0 1
18435.0 1
18441.0 1
18551.0 1
19173.0 1
19261.0 1
19348.0 1
19432.0 1
19561.0 1
19703.0 1
19783.0 1
19882.0 1
20128.0 1
20381.0 1
20416.0 1
20444.0 1
20530.0 1
20572.0 1
20675.0 1
20839.0 1
20844.0 1
20849.0 1
20964.0 1
20971.0 1
20989.0 1
21071.0 1
21099.0 1
21255.0 1
21531.0 1
22085.0 1
22163.0 1
22211.0 1
22217.0 1
22398.0 1
22510.0 1
22690.0 1
22772.0 1
23353.0 1
23471.0 1
23518.0 1
23535.0 1
23825.0 1
24170.0 1
24266.0 1
24891.0 1
24956.0 1
25737.0 1
25747.0 1
25844.0 1
25947.0 1
25997.0 1
26335.0 2
26450.0 1
26480.0 1
26650.0 1
26721.0 1
27101.0 1
27163.0 1
27267.0 1
27774.0 1
27886.0 1
27897.0 1
27989.0 1
28403.0 1
28562.0 1
28666.0 1
28720.0 1
28801.0 1
28923.0 1
28958.0 1
29031.0 1
29322.0 1
29500.0 1
30928.0 1
31050.0 1
31188.0 1
31748.0 1
32146.0 1
32482.0 1
32952.0 1
33555.0 1
35367.0 1
35657.0 1
35757.0 1
36327.0 1
38493.0 1
38702.0 1
38923.0 1
38965.0 1
39321.0 1
39672.0 1
39695.0 1
40123.0 1
40544.0 1
40587.0 1
40914.0 1
41874.0 1
43058.0 1
43145.0 1
43257.0 1
43351.0 1
43839.0 1
44141.0 1
45428.0 1
48429.0 1
51048.0 1
54566.0 1
54684.0 1
55639.0 1
59524.0 1
60706.0 1
63280.0 1
64102.0 1
67032.0 1
67085.0 1
69387.0 1
74889.0 1
76189.0 1
77426.0 1
77843.0 1
79482.0 1
80802.0 1
83684.0 1
85275.0 1
100177.0 1
237801.0 1
