1.0 305506
2.0 225361
3.0 181340
4.0 138636
5.0 104323
6.0 81709
7.0 66751
8.0 55391
9.0 46435
10.0 40169
11.0 35048
12.0 31405
13.0 28280
14.0 25531
15.0 23728
16.0 21455
17.0 20323
18.0 18908
19.0 17737
20.0 16715
21.0 15611
22.0 14983
23.0 14136
24.0 13863
25.0 13392
26.0 12742
27.0 12128
28.0 11851
29.0 11137
30.0 10874
31.0 10160
32.0 9677
33.0 9013
34.0 8998
35.0 9078
36.0 8810
37.0 8227
38.0 8273
39.0 7818
40.0 7676
41.0 7297
42.0 7097
43.0 7070
44.0 6663
45.0 6708
46.0 6485
47.0 6212
48.0 5779
49.0 5640
50.0 5293
51.0 5409
52.0 5548
53.0 5177
54.0 5017
55.0 5139
56.0 4878
57.0 4821
58.0 4525
59.0 4605
60.0 4551
61.0 4420
62.0 4074
63.0 4122
64.0 4023
65.0 4102
66.0 3931
67.0 3799
68.0 3989
69.0 3857
70.0 3676
71.0 3721
72.0 3456
73.0 3559
74.0 3275
75.0 3267
76.0 3127
77.0 2875
78.0 2895
79.0 3046
80.0 2855
81.0 2957
82.0 3034
83.0 2658
84.0 2817
85.0 2663
86.0 2742
87.0 2555
88.0 2547
89.0 2578
90.0 2784
91.0 2489
92.0 2311
93.0 2350
94.0 2306
95.0 2278
96.0 2151
97.0 2320
98.0 2220
99.0 2069
100.0 2133
101.0 2081
102.0 1946
103.0 1991
104.0 2013
105.0 2036
106.0 2026
107.0 1906
108.0 2022
109.0 2063
110.0 2122
111.0 1909
112.0 2030
113.0 1900
114.0 1882
115.0 1860
116.0 1647
117.0 1623
118.0 1561
119.0 1643
120.0 1554
121.0 1554
122.0 1617
123.0 1651
124.0 1532
125.0 1350
126.0 1238
127.0 1225
128.0 1263
129.0 1263
130.0 1243
131.0 1277
132.0 1181
133.0 1135
134.0 981
135.0 1108
136.0 1296
137.0 1078
138.0 1135
139.0 1076
140.0 1081
141.0 1182
142.0 1096
143.0 1084
144.0 1176
145.0 1142
146.0 1131
147.0 1043
148.0 1049
149.0 1026
150.0 882
151.0 865
152.0 859
153.0 817
154.0 1067
155.0 829
156.0 928
157.0 814
158.0 940
159.0 893
160.0 859
161.0 751
162.0 790
163.0 790
164.0 781
165.0 734
166.0 788
167.0 898
168.0 898
169.0 765
170.0 845
171.0 772
172.0 713
173.0 706
174.0 768
175.0 715
176.0 674
177.0 679
178.0 571
179.0 566
180.0 625
181.0 719
182.0 708
183.0 661
184.0 677
185.0 674
186.0 600
187.0 657
188.0 651
189.0 609
190.0 609
191.0 619
192.0 600
193.0 625
194.0 550
195.0 622
196.0 587
197.0 569
198.0 574
199.0 529
200.0 488
201.0 522
202.0 486
203.0 719
204.0 602
205.0 543
206.0 505
207.0 463
208.0 602
209.0 567
210.0 463
211.0 519
212.0 482
213.0 474
214.0 445
215.0 480
216.0 407
217.0 503
218.0 481
219.0 499
220.0 466
221.0 437
222.0 394
223.0 360
224.0 354
225.0 319
226.0 396
227.0 407
228.0 395
229.0 343
230.0 322
231.0 307
232.0 416
233.0 387
234.0 318
235.0 259
236.0 281
237.0 306
238.0 325
239.0 280
240.0 273
241.0 449
242.0 495
243.0 491
244.0 335
245.0 443
246.0 375
247.0 381
248.0 558
249.0 453
250.0 367
251.0 347
252.0 368
253.0 442
254.0 409
255.0 323
256.0 341
257.0 298
258.0 274
259.0 284
260.0 487
261.0 454
262.0 380
263.0 356
264.0 324
265.0 350
266.0 341
267.0 272
268.0 333
269.0 382
270.0 407
271.0 359
272.0 264
273.0 267
274.0 257
275.0 280
276.0 262
277.0 235
278.0 219
279.0 219
280.0 218
281.0 238
282.0 279
283.0 299
284.0 337
285.0 455
286.0 306
287.0 245
288.0 214
289.0 333
290.0 272
291.0 185
292.0 164
293.0 185
294.0 336
295.0 264
296.0 181
297.0 202
298.0 160
299.0 173
300.0 225
301.0 249
302.0 296
303.0 288
304.0 231
305.0 202
306.0 183
307.0 150
308.0 181
309.0 268
310.0 194
311.0 175
312.0 177
313.0 204
314.0 164
315.0 191
316.0 188
317.0 191
318.0 184
319.0 188
320.0 198
321.0 157
322.0 159
323.0 150
324.0 157
325.0 130
326.0 147
327.0 139
328.0 130
329.0 125
330.0 138
331.0 117
332.0 118
333.0 122
334.0 116
335.0 117
336.0 145
337.0 132
338.0 112
339.0 117
340.0 135
341.0 209
342.0 184
343.0 150
344.0 137
345.0 114
346.0 116
347.0 116
348.0 117
349.0 138
350.0 118
351.0 121
352.0 131
353.0 141
354.0 139
355.0 135
356.0 158
357.0 145
358.0 158
359.0 192
360.0 223
361.0 220
362.0 174
363.0 145
364.0 227
365.0 184
366.0 165
367.0 139
368.0 132
369.0 131
370.0 114
371.0 116
372.0 130
373.0 126
374.0 85
375.0 97
376.0 106
377.0 152
378.0 128
379.0 107
380.0 92
381.0 83
382.0 106
383.0 122
384.0 112
385.0 105
386.0 113
387.0 114
388.0 128
389.0 116
390.0 122
391.0 146
392.0 94
393.0 152
394.0 322
395.0 182
396.0 149
397.0 119
398.0 95
399.0 88
400.0 94
401.0 94
402.0 98
403.0 93
404.0 82
405.0 61
406.0 70
407.0 118
408.0 224
409.0 192
410.0 118
411.0 118
412.0 104
413.0 107
414.0 123
415.0 131
416.0 88
417.0 91
418.0 96
419.0 80
420.0 78
421.0 161
422.0 97
423.0 79
424.0 80
425.0 87
426.0 95
427.0 91
428.0 77
429.0 92
430.0 101
431.0 94
432.0 80
433.0 92
434.0 101
435.0 175
436.0 119
437.0 105
438.0 100
439.0 111
440.0 92
441.0 83
442.0 85
443.0 78
444.0 75
445.0 67
446.0 63
447.0 72
448.0 64
449.0 55
450.0 57
451.0 73
452.0 70
453.0 67
454.0 61
455.0 85
456.0 78
457.0 93
458.0 69
459.0 329
460.0 218
461.0 113
462.0 85
463.0 74
464.0 63
465.0 70
466.0 73
467.0 67
468.0 66
469.0 56
470.0 56
471.0 53
472.0 49
473.0 61
474.0 55
475.0 51
476.0 52
477.0 59
478.0 36
479.0 50
480.0 43
481.0 42
482.0 51
483.0 48
484.0 51
485.0 58
486.0 65
487.0 83
488.0 78
489.0 70
490.0 77
491.0 69
492.0 67
493.0 64
494.0 60
495.0 59
496.0 48
497.0 57
498.0 48
499.0 53
500.0 36
501.0 49
502.0 64
503.0 45
504.0 40
505.0 38
506.0 41
507.0 41
508.0 47
509.0 33
510.0 51
511.0 47
512.0 42
513.0 51
514.0 59
515.0 113
516.0 53
517.0 56
518.0 55
519.0 49
520.0 39
521.0 44
522.0 39
523.0 39
524.0 47
525.0 47
526.0 60
527.0 63
528.0 75
529.0 63
530.0 73
531.0 55
532.0 66
533.0 51
534.0 44
535.0 39
536.0 47
537.0 41
538.0 55
539.0 41
540.0 39
541.0 42
542.0 51
543.0 38
544.0 41
545.0 35
546.0 41
547.0 36
548.0 49
549.0 39
550.0 35
551.0 32
552.0 40
553.0 43
554.0 34
555.0 32
556.0 36
557.0 28
558.0 36
559.0 30
560.0 42
561.0 30
562.0 31
563.0 28
564.0 27
565.0 28
566.0 33
567.0 36
568.0 22
569.0 70
570.0 62
571.0 50
572.0 51
573.0 49
574.0 37
575.0 36
576.0 37
577.0 28
578.0 38
579.0 24
580.0 25
581.0 27
582.0 45
583.0 56
584.0 82
585.0 64
586.0 51
587.0 53
588.0 52
589.0 47
590.0 34
591.0 43
592.0 48
593.0 50
594.0 47
595.0 46
596.0 53
597.0 47
598.0 36
599.0 42
600.0 28
601.0 37
602.0 26
603.0 41
604.0 38
605.0 23
606.0 39
607.0 24
608.0 34
609.0 28
610.0 30
611.0 25
612.0 29
613.0 31
614.0 17
615.0 23
616.0 27
617.0 28
618.0 23
619.0 21
620.0 25
621.0 19
622.0 29
623.0 31
624.0 23
625.0 28
626.0 22
627.0 25
628.0 24
629.0 17
630.0 31
631.0 57
632.0 38
633.0 58
634.0 34
635.0 36
636.0 43
637.0 37
638.0 39
639.0 39
640.0 35
641.0 32
642.0 23
643.0 29
644.0 27
645.0 23
646.0 19
647.0 23
648.0 30
649.0 37
650.0 22
651.0 29
652.0 25
653.0 21
654.0 21
655.0 28
656.0 22
657.0 24
658.0 18
659.0 19
660.0 16
661.0 27
662.0 22
663.0 23
664.0 18
665.0 18
666.0 19
667.0 20
668.0 9
669.0 26
670.0 25
671.0 49
672.0 39
673.0 38
674.0 22
675.0 24
676.0 26
677.0 20
678.0 21
679.0 15
680.0 20
681.0 21
682.0 19
683.0 14
684.0 24
685.0 33
686.0 16
687.0 18
688.0 17
689.0 16
690.0 24
691.0 23
692.0 19
693.0 23
694.0 18
695.0 23
696.0 15
697.0 18
698.0 20
699.0 11
700.0 22
701.0 27
702.0 24
703.0 27
704.0 18
705.0 12
706.0 17
707.0 11
708.0 22
709.0 14
710.0 11
711.0 25
712.0 33
713.0 26
714.0 27
715.0 22
716.0 9
717.0 16
718.0 20
719.0 18
720.0 22
721.0 18
722.0 21
723.0 13
724.0 16
725.0 17
726.0 16
727.0 16
728.0 17
729.0 17
730.0 15
731.0 14
732.0 19
733.0 20
734.0 16
735.0 6
736.0 14
737.0 12
738.0 19
739.0 10
740.0 20
741.0 14
742.0 16
743.0 16
744.0 9
745.0 12
746.0 22
747.0 12
748.0 11
749.0 20
750.0 20
751.0 12
752.0 19
753.0 11
754.0 16
755.0 18
756.0 15
757.0 17
758.0 20
759.0 13
760.0 6
761.0 14
762.0 16
763.0 8
764.0 9
765.0 14
766.0 18
767.0 14
768.0 14
769.0 11
770.0 11
771.0 19
772.0 17
773.0 12
774.0 10
775.0 15
776.0 15
777.0 15
778.0 17
779.0 19
780.0 14
781.0 9
782.0 14
783.0 12
784.0 13
785.0 7
786.0 10
787.0 10
788.0 13
789.0 11
790.0 20
791.0 13
792.0 12
793.0 13
794.0 12
795.0 16
796.0 11
797.0 21
798.0 13
799.0 20
800.0 9
801.0 15
802.0 14
803.0 11
804.0 10
805.0 18
806.0 16
807.0 13
808.0 13
809.0 10
810.0 14
811.0 15
812.0 14
813.0 18
814.0 22
815.0 47
816.0 45
817.0 53
818.0 72
819.0 55
820.0 67
821.0 76
822.0 58
823.0 60
824.0 43
825.0 53
826.0 34
827.0 45
828.0 36
829.0 36
830.0 46
831.0 27
832.0 22
833.0 20
834.0 18
835.0 21
836.0 17
837.0 19
838.0 17
839.0 20
840.0 12
841.0 19
842.0 15
843.0 22
844.0 9
845.0 10
846.0 13
847.0 8
848.0 13
849.0 11
850.0 9
851.0 24
852.0 18
853.0 16
854.0 15
855.0 13
856.0 16
857.0 9
858.0 16
859.0 20
860.0 15
861.0 7
862.0 8
863.0 15
864.0 14
865.0 9
866.0 6
867.0 14
868.0 15
869.0 12
870.0 10
871.0 19
872.0 4
873.0 7
874.0 9
875.0 6
876.0 17
877.0 13
878.0 12
879.0 13
880.0 8
881.0 11
882.0 9
883.0 12
884.0 8
885.0 8
886.0 14
887.0 12
888.0 13
889.0 15
890.0 7
891.0 15
892.0 9
893.0 13
894.0 14
895.0 17
896.0 13
897.0 45
898.0 30
899.0 17
900.0 9
901.0 17
902.0 10
903.0 12
904.0 10
905.0 10
906.0 13
907.0 13
908.0 5
909.0 12
910.0 14
911.0 12
912.0 13
913.0 7
914.0 15
915.0 15
916.0 2
917.0 9
918.0 12
919.0 12
920.0 9
921.0 12
922.0 12
923.0 11
924.0 14
925.0 4
926.0 15
927.0 9
928.0 14
929.0 10
930.0 9
931.0 9
932.0 9
933.0 6
934.0 8
935.0 6
936.0 6
937.0 10
938.0 7
939.0 11
940.0 4
941.0 5
942.0 7
943.0 8
944.0 9
945.0 10
946.0 5
947.0 10
948.0 18
949.0 13
950.0 9
951.0 6
952.0 12
953.0 9
954.0 9
955.0 9
956.0 9
957.0 7
958.0 5
959.0 13
960.0 6
961.0 8
962.0 11
963.0 7
964.0 9
965.0 8
966.0 14
967.0 9
968.0 10
969.0 6
970.0 11
971.0 10
972.0 9
973.0 10
974.0 9
975.0 5
976.0 10
977.0 8
978.0 8
979.0 7
980.0 9
981.0 6
982.0 7
983.0 4
984.0 8
985.0 4
986.0 14
987.0 9
988.0 6
989.0 4
990.0 8
991.0 8
992.0 8
993.0 8
994.0 10
995.0 11
996.0 14
997.0 5
998.0 7
999.0 7
1000.0 6
1001.0 8
1002.0 6
1003.0 4
1004.0 8
1005.0 11
1006.0 12
1007.0 8
1008.0 6
1009.0 12
1010.0 8
1011.0 10
1012.0 6
1013.0 8
1014.0 7
1015.0 10
1016.0 6
1017.0 13
1018.0 4
1019.0 4
1020.0 5
1021.0 11
1022.0 6
1023.0 7
1024.0 6
1025.0 8
1026.0 11
1027.0 9
1028.0 10
1029.0 9
1030.0 11
1031.0 4
1032.0 6
1033.0 6
1034.0 11
1035.0 5
1036.0 5
1037.0 3
1038.0 8
1039.0 6
1040.0 10
1041.0 4
1042.0 8
1043.0 2
1044.0 3
1045.0 9
1046.0 2
1047.0 9
1048.0 6
1049.0 8
1050.0 6
1051.0 8
1052.0 3
1053.0 3
1054.0 3
1055.0 7
1056.0 7
1057.0 2
1058.0 5
1059.0 6
1060.0 4
1061.0 5
1062.0 6
1063.0 6
1064.0 6
1065.0 8
1066.0 5
1067.0 6
1068.0 5
1069.0 7
1070.0 13
1071.0 4
1072.0 6
1073.0 5
1074.0 4
1075.0 3
1076.0 3
1077.0 5
1078.0 4
1079.0 5
1080.0 5
1081.0 9
1082.0 3
1083.0 4
1084.0 5
1085.0 9
1086.0 12
1087.0 6
1088.0 3
1089.0 4
1090.0 4
1091.0 6
1092.0 4
1093.0 7
1094.0 6
1095.0 7
1096.0 3
1097.0 5
1098.0 4
1099.0 4
1100.0 2
1101.0 4
1102.0 7
1103.0 27
1104.0 39
1105.0 67
1106.0 68
1107.0 69
1108.0 63
1109.0 52
1110.0 58
1111.0 33
1112.0 36
1113.0 23
1114.0 39
1115.0 47
1116.0 29
1117.0 31
1118.0 17
1119.0 27
1120.0 37
1121.0 27
1122.0 39
1123.0 47
1124.0 45
1125.0 49
1126.0 40
1127.0 33
1128.0 28
1129.0 22
1130.0 23
1131.0 18
1132.0 19
1133.0 24
1134.0 9
1135.0 11
1136.0 11
1137.0 20
1138.0 6
1139.0 9
1140.0 6
1141.0 8
1142.0 12
1143.0 6
1144.0 8
1145.0 6
1146.0 10
1148.0 5
1149.0 5
1150.0 5
1151.0 7
1152.0 11
1153.0 3
1154.0 7
1155.0 9
1156.0 3
1157.0 5
1158.0 5
1159.0 7
1160.0 10
1161.0 5
1162.0 4
1163.0 5
1164.0 8
1165.0 6
1166.0 3
1167.0 5
1168.0 5
1169.0 5
1170.0 4
1171.0 11
1172.0 4
1173.0 3
1174.0 3
1175.0 5
1176.0 7
1177.0 4
1178.0 6
1179.0 1
1180.0 2
1181.0 4
1182.0 2
1183.0 4
1184.0 5
1185.0 6
1186.0 4
1187.0 6
1188.0 2
1189.0 3
1190.0 4
1191.0 1
1192.0 4
1193.0 5
1194.0 2
1195.0 4
1196.0 2
1197.0 7
1198.0 2
1199.0 4
1200.0 8
1201.0 2
1202.0 3
1203.0 6
1204.0 3
1205.0 6
1206.0 2
1207.0 3
1208.0 4
1209.0 4
1210.0 4
1211.0 3
1212.0 9
1213.0 5
1214.0 2
1215.0 5
1216.0 5
1217.0 2
1218.0 8
1219.0 10
1220.0 6
1221.0 4
1222.0 4
1223.0 2
1224.0 4
1225.0 11
1226.0 6
1227.0 4
1228.0 2
1229.0 4
1230.0 6
1231.0 4
1232.0 5
1233.0 3
1235.0 5
1236.0 4
1237.0 2
1238.0 3
1239.0 6
1240.0 2
1241.0 6
1242.0 3
1243.0 8
1244.0 6
1245.0 1
1246.0 3
1247.0 3
1248.0 4
1249.0 3
1250.0 3
1252.0 8
1253.0 7
1254.0 4
1255.0 3
1256.0 3
1257.0 1
1258.0 6
1259.0 2
1260.0 5
1261.0 6
1262.0 3
1263.0 1
1264.0 2
1265.0 2
1266.0 5
1267.0 2
1268.0 7
1269.0 5
1270.0 7
1271.0 1
1272.0 6
1273.0 3
1274.0 6
1275.0 5
1276.0 2
1277.0 2
1278.0 5
1279.0 4
1280.0 3
1281.0 7
1282.0 2
1283.0 5
1284.0 1
1285.0 3
1286.0 3
1287.0 4
1288.0 3
1289.0 1
1290.0 3
1291.0 4
1292.0 2
1293.0 3
1294.0 7
1296.0 3
1297.0 1
1298.0 3
1299.0 3
1300.0 4
1301.0 5
1302.0 8
1303.0 5
1304.0 3
1305.0 7
1306.0 2
1307.0 3
1308.0 5
1309.0 11
1310.0 5
1311.0 2
1312.0 3
1313.0 6
1314.0 2
1315.0 3
1316.0 3
1317.0 2
1318.0 2
1319.0 2
1320.0 5
1321.0 2
1322.0 4
1323.0 1
1324.0 6
1325.0 6
1326.0 4
1327.0 4
1328.0 2
1329.0 5
1330.0 3
1331.0 3
1332.0 4
1333.0 5
1334.0 2
1335.0 6
1336.0 4
1337.0 2
1338.0 3
1339.0 2
1340.0 3
1341.0 9
1342.0 2
1343.0 1
1344.0 3
1345.0 4
1346.0 3
1347.0 3
1348.0 3
1349.0 4
1350.0 3
1351.0 3
1352.0 2
1353.0 4
1354.0 8
1355.0 7
1356.0 2
1357.0 5
1358.0 5
1359.0 3
1360.0 1
1361.0 1
1362.0 3
1363.0 2
1364.0 1
1365.0 3
1366.0 1
1367.0 3
1368.0 3
1369.0 5
1370.0 1
1371.0 1
1372.0 4
1373.0 4
1374.0 2
1375.0 2
1376.0 3
1377.0 6
1378.0 1
1379.0 10
1380.0 2
1381.0 2
1382.0 6
1383.0 3
1384.0 4
1385.0 5
1386.0 1
1387.0 5
1388.0 4
1389.0 2
1390.0 6
1391.0 1
1392.0 4
1393.0 2
1394.0 4
1396.0 5
1397.0 5
1398.0 1
1399.0 3
1400.0 4
1401.0 2
1402.0 3
1403.0 6
1404.0 1
1405.0 7
1406.0 3
1407.0 3
1408.0 4
1409.0 3
1410.0 3
1411.0 3
1412.0 2
1413.0 4
1414.0 2
1415.0 4
1416.0 2
1417.0 2
1418.0 2
1419.0 3
1420.0 1
1421.0 1
1422.0 5
1423.0 6
1424.0 4
1425.0 4
1426.0 5
1427.0 2
1428.0 3
1429.0 2
1430.0 4
1431.0 8
1432.0 3
1433.0 5
1434.0 1
1435.0 4
1436.0 4
1437.0 4
1438.0 2
1439.0 5
1440.0 1
1441.0 2
1442.0 2
1443.0 2
1444.0 3
1445.0 4
1446.0 2
1447.0 7
1448.0 3
1450.0 7
1451.0 2
1452.0 3
1453.0 1
1454.0 3
1455.0 4
1456.0 4
1457.0 3
1458.0 3
1460.0 2
1461.0 2
1462.0 3
1464.0 4
1466.0 4
1467.0 1
1468.0 3
1469.0 2
1470.0 3
1471.0 2
1472.0 2
1473.0 2
1474.0 5
1475.0 3
1476.0 2
1477.0 3
1478.0 2
1479.0 3
1480.0 6
1481.0 6
1482.0 4
1483.0 5
1484.0 2
1485.0 2
1486.0 2
1487.0 5
1488.0 1
1489.0 1
1490.0 1
1491.0 4
1492.0 2
1493.0 2
1494.0 4
1495.0 5
1496.0 1
1497.0 4
1498.0 2
1499.0 3
1500.0 5
1501.0 4
1502.0 4
1503.0 1
1504.0 2
1505.0 3
1506.0 1
1507.0 3
1508.0 2
1509.0 3
1510.0 3
1511.0 2
1512.0 2
1513.0 3
1514.0 1
1515.0 1
1516.0 2
1517.0 4
1518.0 4
1519.0 2
1520.0 2
1521.0 2
1524.0 4
1526.0 2
1527.0 7
1528.0 3
1529.0 4
1530.0 4
1531.0 3
1532.0 5
1533.0 10
1534.0 3
1535.0 2
1536.0 2
1537.0 1
1538.0 3
1539.0 1
1540.0 2
1541.0 1
1543.0 4
1545.0 1
1546.0 2
1547.0 6
1548.0 3
1549.0 2
1550.0 1
1553.0 2
1554.0 3
1555.0 4
1557.0 1
1558.0 3
1559.0 3
1560.0 4
1561.0 1
1562.0 4
1564.0 1
1565.0 3
1566.0 3
1567.0 2
1568.0 4
1569.0 3
1570.0 3
1571.0 3
1572.0 2
1573.0 2
1574.0 5
1577.0 3
1578.0 2
1580.0 2
1581.0 3
1582.0 1
1584.0 1
1585.0 4
1587.0 1
1588.0 4
1589.0 4
1590.0 2
1591.0 3
1592.0 2
1594.0 4
1595.0 1
1596.0 2
1597.0 1
1598.0 3
1599.0 3
1601.0 1
1602.0 2
1603.0 3
1604.0 2
1605.0 1
1606.0 1
1607.0 2
1608.0 4
1609.0 3
1611.0 2
1612.0 3
1613.0 1
1614.0 2
1615.0 2
1616.0 4
1617.0 2
1618.0 2
1620.0 1
1621.0 2
1622.0 1
1623.0 5
1624.0 2
1625.0 2
1626.0 2
1627.0 2
1628.0 3
1630.0 2
1631.0 1
1632.0 3
1633.0 1
1634.0 4
1635.0 2
1636.0 2
1637.0 3
1638.0 1
1639.0 1
1640.0 3
1641.0 3
1642.0 4
1643.0 3
1644.0 1
1645.0 3
1646.0 1
1647.0 1
1648.0 1
1649.0 2
1650.0 1
1651.0 2
1654.0 3
1655.0 3
1656.0 3
1657.0 1
1659.0 2
1660.0 1
1661.0 1
1662.0 2
1663.0 1
1665.0 1
1666.0 2
1667.0 1
1669.0 6
1670.0 4
1671.0 2
1672.0 1
1673.0 3
1674.0 2
1675.0 2
1676.0 1
1677.0 3
1678.0 1
1679.0 4
1680.0 2
1681.0 4
1682.0 2
1683.0 3
1684.0 1
1685.0 2
1686.0 1
1687.0 2
1688.0 6
1689.0 1
1690.0 3
1691.0 1
1693.0 2
1694.0 1
1695.0 4
1696.0 4
1697.0 2
1698.0 2
1699.0 5
1701.0 1
1702.0 3
1703.0 3
1705.0 1
1706.0 1
1707.0 1
1708.0 2
1709.0 2
1710.0 3
1711.0 5
1712.0 2
1713.0 1
1714.0 1
1715.0 1
1716.0 2
1717.0 1
1719.0 1
1720.0 3
1721.0 2
1722.0 1
1723.0 1
1725.0 1
1726.0 1
1727.0 1
1729.0 8
1731.0 4
1732.0 1
1734.0 3
1735.0 4
1736.0 1
1737.0 2
1738.0 2
1739.0 2
1740.0 3
1741.0 3
1742.0 1
1743.0 2
1744.0 1
1746.0 2
1748.0 1
1750.0 1
1751.0 1
1752.0 2
1753.0 4
1754.0 1
1755.0 3
1757.0 1
1758.0 2
1759.0 6
1760.0 1
1761.0 1
1764.0 1
1765.0 1
1766.0 3
1767.0 1
1768.0 4
1769.0 1
1770.0 1
1771.0 1
1772.0 1
1773.0 1
1774.0 1
1775.0 1
1776.0 2
1777.0 1
1778.0 1
1779.0 2
1780.0 5
1781.0 2
1782.0 3
1784.0 2
1785.0 1
1786.0 2
1787.0 1
1788.0 1
1791.0 1
1792.0 2
1793.0 1
1795.0 2
1796.0 2
1797.0 2
1798.0 2
1800.0 1
1801.0 1
1802.0 3
1803.0 1
1804.0 2
1805.0 1
1806.0 1
1807.0 6
1808.0 2
1809.0 3
1810.0 3
1811.0 3
1812.0 3
1813.0 4
1814.0 2
1815.0 1
1816.0 2
1818.0 1
1819.0 1
1820.0 2
1821.0 2
1822.0 1
1823.0 2
1824.0 1
1825.0 2
1826.0 1
1828.0 2
1829.0 1
1830.0 1
1831.0 2
1832.0 1
1835.0 3
1836.0 3
1837.0 1
1838.0 2
1839.0 2
1840.0 2
1842.0 4
1843.0 3
1845.0 2
1846.0 3
1848.0 2
1849.0 1
1850.0 4
1851.0 2
1852.0 3
1853.0 2
1854.0 3
1855.0 2
1856.0 1
1857.0 2
1858.0 3
1859.0 1
1861.0 2
1863.0 2
1864.0 1
1865.0 1
1866.0 2
1868.0 2
1870.0 1
1871.0 2
1872.0 3
1873.0 1
1874.0 3
1875.0 4
1877.0 3
1878.0 2
1879.0 1
1880.0 1
1881.0 1
1882.0 2
1883.0 1
1884.0 1
1885.0 1
1887.0 2
1888.0 1
1889.0 1
1891.0 2
1892.0 2
1893.0 2
1894.0 1
1895.0 2
1896.0 1
1897.0 1
1898.0 1
1900.0 1
1902.0 2
1903.0 1
1904.0 2
1905.0 2
1906.0 1
1910.0 2
1911.0 2
1912.0 5
1913.0 2
1914.0 3
1916.0 1
1917.0 2
1919.0 1
1921.0 1
1922.0 1
1923.0 1
1924.0 2
1928.0 1
1929.0 2
1931.0 1
1932.0 1
1933.0 1
1934.0 1
1935.0 1
1936.0 1
1938.0 1
1939.0 3
1940.0 1
1941.0 4
1942.0 1
1943.0 2
1944.0 1
1947.0 1
1948.0 1
1949.0 1
1950.0 1
1951.0 1
1952.0 3
1953.0 2
1954.0 1
1955.0 3
1956.0 2
1957.0 3
1958.0 1
1959.0 1
1961.0 1
1962.0 2
1963.0 1
1964.0 3
1965.0 5
1967.0 2
1968.0 1
1969.0 1
1970.0 3
1971.0 1
1973.0 1
1977.0 2
1979.0 4
1980.0 1
1983.0 3
1985.0 2
1987.0 2
1988.0 1
1989.0 1
1990.0 1
1991.0 2
1992.0 1
1993.0 2
1997.0 1
1998.0 3
1999.0 1
2001.0 5
2003.0 4
2005.0 1
2006.0 2
2007.0 1
2008.0 1
2009.0 1
2010.0 1
2013.0 1
2014.0 1
2016.0 2
2017.0 2
2018.0 3
2020.0 1
2021.0 1
2022.0 1
2026.0 3
2027.0 2
2029.0 1
2030.0 1
2031.0 2
2032.0 1
2033.0 1
2034.0 3
2037.0 2
2038.0 1
2039.0 2
2040.0 2
2041.0 1
2042.0 2
2043.0 2
2044.0 1
2045.0 2
2046.0 1
2047.0 2
2048.0 2
2049.0 2
2050.0 1
2051.0 3
2052.0 1
2053.0 2
2055.0 2
2056.0 1
2057.0 1
2059.0 1
2061.0 4
2062.0 3
2064.0 1
2065.0 2
2066.0 1
2067.0 3
2068.0 1
2069.0 1
2070.0 1
2071.0 2
2072.0 1
2073.0 1
2074.0 1
2076.0 2
2077.0 1
2079.0 1
2080.0 1
2081.0 1
2082.0 4
2083.0 3
2084.0 3
2085.0 1
2087.0 1
2088.0 1
2091.0 5
2092.0 1
2093.0 4
2095.0 2
2096.0 1
2098.0 2
2101.0 1
2103.0 1
2104.0 2
2105.0 1
2106.0 3
2107.0 1
2108.0 3
2109.0 1
2111.0 1
2112.0 1
2113.0 1
2114.0 1
2115.0 1
2116.0 1
2117.0 1
2118.0 3
2120.0 1
2121.0 1
2122.0 2
2123.0 3
2124.0 3
2129.0 1
2130.0 1
2131.0 1
2132.0 1
2133.0 1
2134.0 1
2135.0 1
2136.0 1
2138.0 2
2140.0 1
2141.0 1
2142.0 1
2145.0 2
2146.0 3
2148.0 2
2149.0 1
2150.0 1
2151.0 1
2158.0 2
2159.0 1
2161.0 2
2162.0 1
2163.0 1
2164.0 1
2166.0 1
2170.0 1
2171.0 2
2172.0 1
2175.0 3
2177.0 2
2178.0 1
2180.0 1
2181.0 1
2182.0 1
2183.0 1
2184.0 1
2185.0 2
2186.0 3
2188.0 2
2190.0 1
2191.0 1
2194.0 3
2195.0 1
2196.0 1
2198.0 2
2199.0 1
2200.0 3
2209.0 1
2210.0 2
2212.0 1
2213.0 1
2214.0 1
2216.0 1
2217.0 1
2218.0 2
2220.0 3
2221.0 1
2222.0 2
2225.0 1
2226.0 2
2227.0 5
2228.0 2
2229.0 1
2231.0 2
2232.0 1
2233.0 1
2236.0 1
2237.0 2
2238.0 3
2239.0 1
2240.0 3
2241.0 1
2242.0 1
2243.0 3
2244.0 3
2247.0 2
2248.0 3
2249.0 1
2250.0 3
2251.0 1
2253.0 1
2256.0 1
2257.0 1
2259.0 1
2262.0 1
2263.0 1
2264.0 2
2265.0 2
2266.0 1
2267.0 1
2268.0 2
2269.0 3
2271.0 3
2272.0 1
2274.0 1
2276.0 1
2277.0 1
2278.0 1
2280.0 1
2282.0 4
2285.0 3
2288.0 3
2292.0 4
2294.0 1
2297.0 1
2299.0 2
2300.0 2
2301.0 2
2304.0 1
2305.0 3
2307.0 1
2308.0 3
2310.0 1
2311.0 2
2312.0 2
2315.0 1
2316.0 1
2317.0 2
2319.0 1
2321.0 2
2323.0 2
2329.0 1
2330.0 3
2332.0 1
2333.0 1
2334.0 3
2335.0 1
2336.0 1
2337.0 4
2338.0 1
2339.0 1
2341.0 1
2342.0 1
2343.0 3
2345.0 1
2346.0 1
2347.0 1
2348.0 1
2349.0 1
2350.0 1
2351.0 1
2354.0 1
2355.0 1
2356.0 1
2357.0 1
2358.0 2
2359.0 1
2360.0 1
2363.0 1
2364.0 2
2365.0 1
2366.0 1
2368.0 2
2369.0 1
2371.0 1
2372.0 1
2373.0 3
2375.0 1
2376.0 1
2377.0 1
2378.0 1
2381.0 2
2382.0 1
2383.0 1
2388.0 3
2389.0 3
2390.0 1
2391.0 1
2392.0 1
2393.0 1
2394.0 3
2395.0 2
2397.0 1
2398.0 2
2399.0 1
2400.0 2
2401.0 1
2402.0 1
2403.0 1
2404.0 1
2406.0 1
2411.0 1
2415.0 1
2418.0 2
2422.0 1
2423.0 1
2424.0 2
2426.0 2
2429.0 1
2433.0 1
2435.0 1
2436.0 1
2437.0 2
2438.0 2
2440.0 1
2441.0 3
2444.0 1
2446.0 1
2447.0 1
2448.0 1
2449.0 2
2450.0 1
2453.0 1
2454.0 2
2458.0 1
2460.0 1
2461.0 1
2463.0 2
2464.0 5
2467.0 1
2468.0 2
2469.0 1
2470.0 1
2472.0 1
2473.0 1
2474.0 1
2475.0 1
2476.0 1
2479.0 1
2480.0 1
2481.0 2
2483.0 3
2485.0 1
2486.0 2
2488.0 2
2489.0 2
2490.0 3
2492.0 2
2494.0 1
2495.0 1
2497.0 1
2498.0 5
2499.0 1
2501.0 1
2504.0 1
2506.0 4
2507.0 1
2508.0 1
2510.0 1
2511.0 2
2512.0 1
2513.0 2
2515.0 1
2517.0 1
2518.0 1
2519.0 2
2520.0 2
2521.0 2
2522.0 1
2525.0 1
2529.0 1
2532.0 2
2533.0 1
2536.0 1
2537.0 1
2538.0 1
2539.0 1
2544.0 1
2545.0 1
2547.0 2
2550.0 3
2551.0 1
2552.0 1
2553.0 2
2554.0 1
2555.0 1
2557.0 2
2559.0 1
2561.0 3
2563.0 2
2565.0 1
2567.0 1
2568.0 1
2573.0 1
2574.0 1
2575.0 2
2576.0 2
2577.0 1
2579.0 1
2580.0 1
2584.0 1
2585.0 2
2587.0 3
2589.0 2
2593.0 1
2595.0 1
2596.0 2
2597.0 1
2599.0 1
2602.0 1
2608.0 3
2609.0 1
2610.0 2
2613.0 1
2616.0 1
2617.0 2
2619.0 4
2621.0 2
2623.0 1
2626.0 1
2629.0 2
2632.0 2
2634.0 3
2638.0 2
2639.0 1
2640.0 1
2641.0 1
2642.0 1
2643.0 2
2644.0 2
2645.0 2
2649.0 4
2650.0 1
2652.0 1
2653.0 1
2655.0 2
2656.0 1
2658.0 2
2660.0 2
2661.0 1
2662.0 2
2663.0 1
2664.0 1
2665.0 1
2666.0 1
2667.0 3
2670.0 1
2671.0 1
2674.0 3
2675.0 1
2676.0 1
2684.0 1
2685.0 1
2686.0 1
2689.0 1
2692.0 1
2695.0 1
2696.0 2
2698.0 2
2700.0 3
2702.0 1
2703.0 1
2704.0 2
2705.0 2
2706.0 3
2709.0 1
2710.0 1
2711.0 1
2713.0 3
2714.0 1
2715.0 1
2716.0 1
2720.0 2
2723.0 2
2724.0 2
2725.0 2
2733.0 2
2734.0 1
2735.0 1
2741.0 1
2743.0 1
2744.0 1
2745.0 2
2746.0 1
2747.0 1
2748.0 1
2756.0 1
2759.0 1
2760.0 1
2761.0 1
2762.0 2
2763.0 2
2764.0 1
2767.0 1
2780.0 1
2781.0 3
2782.0 1
2784.0 1
2786.0 2
2788.0 1
2789.0 2
2791.0 1
2794.0 3
2796.0 1
2797.0 2
2798.0 1
2799.0 1
2801.0 2
2802.0 2
2803.0 1
2806.0 1
2807.0 1
2810.0 1
2811.0 1
2814.0 1
2815.0 1
2817.0 1
2818.0 2
2823.0 2
2824.0 1
2826.0 1
2827.0 1
2828.0 2
2829.0 1
2831.0 1
2832.0 1
2837.0 1
2838.0 1
2840.0 2
2843.0 1
2844.0 1
2849.0 1
2851.0 1
2852.0 2
2855.0 1
2856.0 1
2861.0 1
2863.0 1
2864.0 1
2865.0 1
2866.0 2
2868.0 2
2869.0 2
2870.0 1
2871.0 2
2872.0 1
2873.0 1
2874.0 1
2875.0 1
2877.0 2
2880.0 2
2881.0 1
2888.0 1
2889.0 2
2890.0 1
2891.0 1
2894.0 1
2896.0 1
2898.0 1
2900.0 1
2901.0 1
2902.0 1
2907.0 1
2912.0 1
2913.0 2
2916.0 3
2918.0 1
2920.0 1
2921.0 1
2922.0 2
2925.0 1
2928.0 2
2930.0 1
2933.0 3
2935.0 1
2937.0 1
2939.0 1
2942.0 1
2943.0 2
2944.0 1
2945.0 1
2947.0 1
2950.0 2
2951.0 2
2952.0 1
2955.0 1
2957.0 2
2959.0 1
2965.0 3
2967.0 1
2968.0 1
2971.0 1
2972.0 1
2974.0 1
2975.0 1
2977.0 2
2979.0 1
2982.0 1
2983.0 2
2987.0 1
2989.0 2
2991.0 1
2992.0 1
2993.0 1
2994.0 1
2995.0 2
2998.0 1
3001.0 1
3002.0 1
3005.0 2
3006.0 2
3007.0 2
3008.0 2
3010.0 1
3012.0 1
3013.0 1
3014.0 2
3017.0 2
3019.0 1
3025.0 1
3027.0 1
3029.0 1
3033.0 1
3035.0 1
3037.0 1
3039.0 1
3043.0 1
3044.0 1
3046.0 1
3049.0 1
3050.0 3
3051.0 1
3053.0 1
3055.0 1
3058.0 1
3059.0 1
3060.0 1
3061.0 1
3064.0 1
3070.0 1
3072.0 1
3076.0 1
3077.0 1
3079.0 1
3081.0 1
3083.0 3
3084.0 1
3086.0 2
3087.0 1
3089.0 2
3091.0 1
3093.0 1
3094.0 1
3095.0 1
3097.0 1
3099.0 1
3104.0 1
3109.0 2
3111.0 2
3112.0 2
3114.0 2
3122.0 1
3127.0 2
3128.0 1
3129.0 1
3130.0 1
3133.0 1
3135.0 1
3137.0 1
3138.0 1
3141.0 1
3142.0 1
3143.0 1
3145.0 2
3148.0 1
3154.0 1
3156.0 1
3159.0 1
3161.0 1
3163.0 2
3165.0 1
3168.0 1
3169.0 2
3171.0 1
3173.0 1
3174.0 1
3175.0 1
3178.0 1
3179.0 1
3180.0 1
3184.0 2
3185.0 1
3187.0 1
3191.0 2
3195.0 1
3196.0 1
3197.0 2
3199.0 1
3201.0 1
3202.0 2
3204.0 2
3205.0 1
3207.0 2
3211.0 2
3220.0 1
3222.0 1
3223.0 1
3225.0 1
3228.0 1
3229.0 2
3230.0 2
3231.0 2
3234.0 1
3235.0 2
3236.0 1
3238.0 1
3240.0 2
3244.0 3
3248.0 1
3252.0 1
3253.0 2
3256.0 1
3257.0 1
3259.0 2
3261.0 1
3262.0 1
3265.0 2
3268.0 2
3271.0 1
3272.0 1
3288.0 1
3290.0 2
3291.0 1
3295.0 1
3298.0 2
3300.0 1
3301.0 1
3303.0 1
3305.0 1
3307.0 1
3311.0 1
3314.0 1
3315.0 2
3316.0 1
3320.0 1
3322.0 1
3323.0 1
3324.0 1
3326.0 2
3329.0 1
3330.0 1
3332.0 1
3334.0 1
3339.0 4
3347.0 1
3348.0 1
3349.0 1
3354.0 1
3358.0 2
3362.0 1
3365.0 1
3366.0 1
3370.0 1
3371.0 1
3373.0 1
3374.0 1
3375.0 1
3377.0 1
3378.0 1
3379.0 1
3380.0 2
3381.0 2
3383.0 3
3388.0 1
3390.0 1
3391.0 1
3392.0 1
3396.0 2
3397.0 1
3398.0 1
3401.0 2
3406.0 3
3416.0 1
3417.0 1
3422.0 1
3423.0 1
3434.0 1
3436.0 3
3444.0 1
3446.0 1
3448.0 3
3450.0 1
3451.0 2
3461.0 1
3463.0 1
3464.0 1
3467.0 1
3469.0 1
3476.0 1
3480.0 3
3481.0 2
3483.0 1
3487.0 1
3489.0 1
3491.0 1
3493.0 2
3496.0 1
3497.0 1
3499.0 1
3506.0 1
3508.0 1
3509.0 1
3513.0 2
3516.0 1
3517.0 2
3518.0 3
3520.0 1
3523.0 1
3525.0 1
3526.0 2
3527.0 1
3529.0 2
3530.0 1
3531.0 1
3535.0 1
3536.0 1
3537.0 1
3545.0 1
3549.0 1
3550.0 1
3552.0 1
3555.0 1
3556.0 1
3559.0 1
3561.0 1
3573.0 1
3576.0 1
3578.0 2
3580.0 1
3582.0 1
3586.0 1
3590.0 1
3598.0 1
3601.0 1
3602.0 1
3605.0 1
3606.0 1
3611.0 1
3614.0 1
3615.0 1
3621.0 1
3624.0 1
3625.0 1
3627.0 1
3632.0 2
3633.0 1
3634.0 3
3638.0 1
3639.0 1
3641.0 1
3644.0 1
3651.0 1
3658.0 1
3659.0 2
3661.0 1
3662.0 2
3663.0 1
3664.0 1
3665.0 1
3667.0 1
3668.0 1
3671.0 1
3672.0 1
3675.0 1
3676.0 1
3678.0 1
3680.0 1
3681.0 1
3686.0 1
3690.0 1
3692.0 2
3699.0 1
3700.0 1
3701.0 1
3703.0 2
3705.0 1
3706.0 1
3709.0 1
3713.0 1
3715.0 2
3720.0 1
3725.0 1
3727.0 1
3730.0 2
3731.0 1
3733.0 2
3734.0 1
3740.0 3
3742.0 1
3743.0 1
3744.0 1
3749.0 2
3755.0 1
3757.0 1
3762.0 1
3764.0 1
3765.0 1
3768.0 1
3769.0 1
3775.0 2
3780.0 1
3781.0 1
3784.0 2
3792.0 1
3793.0 1
3794.0 1
3797.0 3
3798.0 1
3801.0 1
3803.0 2
3808.0 1
3809.0 1
3815.0 1
3816.0 1
3821.0 1
3824.0 1
3825.0 1
3828.0 1
3832.0 1
3834.0 1
3839.0 1
3840.0 1
3842.0 2
3844.0 1
3852.0 3
3853.0 1
3860.0 1
3862.0 1
3866.0 1
3875.0 2
3876.0 1
3881.0 1
3885.0 2
3889.0 1
3891.0 1
3899.0 1
3901.0 1
3902.0 1
3903.0 1
3908.0 1
3909.0 2
3911.0 1
3917.0 1
3918.0 2
3919.0 1
3922.0 1
3926.0 1
3930.0 1
3932.0 1
3933.0 1
3934.0 1
3937.0 1
3939.0 1
3942.0 1
3949.0 3
3952.0 1
3961.0 1
3962.0 2
3967.0 1
3969.0 1
3971.0 1
3972.0 1
3973.0 1
3975.0 1
3977.0 1
3983.0 1
3987.0 1
3990.0 2
3991.0 1
3993.0 1
3996.0 1
3999.0 1
4006.0 1
4012.0 1
4013.0 1
4014.0 1
4015.0 1
4021.0 1
4024.0 1
4026.0 1
4031.0 2
4034.0 2
4035.0 1
4040.0 1
4044.0 1
4054.0 1
4055.0 1
4056.0 1
4069.0 1
4071.0 1
4072.0 1
4087.0 1
4091.0 1
4096.0 1
4097.0 2
4098.0 1
4099.0 1
4103.0 1
4104.0 2
4106.0 1
4110.0 1
4113.0 1
4120.0 1
4125.0 1
4132.0 2
4137.0 2
4138.0 1
4141.0 1
4146.0 1
4150.0 1
4158.0 1
4169.0 3
4173.0 2
4176.0 1
4178.0 1
4180.0 1
4181.0 2
4183.0 1
4187.0 1
4190.0 1
4194.0 1
4198.0 1
4200.0 1
4216.0 1
4218.0 1
4221.0 1
4222.0 2
4224.0 1
4231.0 1
4234.0 1
4237.0 1
4238.0 1
4239.0 1
4242.0 2
4245.0 1
4250.0 1
4252.0 1
4253.0 1
4268.0 1
4272.0 1
4273.0 1
4274.0 1
4275.0 1
4279.0 1
4280.0 2
4282.0 1
4283.0 2
4285.0 1
4289.0 1
4295.0 1
4296.0 1
4301.0 1
4304.0 1
4305.0 1
4306.0 1
4307.0 1
4308.0 1
4310.0 1
4311.0 1
4313.0 1
4316.0 1
4323.0 1
4328.0 1
4339.0 1
4344.0 1
4348.0 1
4356.0 1
4360.0 1
4361.0 1
4363.0 1
4366.0 1
4369.0 1
4380.0 1
4382.0 1
4385.0 2
4392.0 1
4401.0 1
4408.0 2
4410.0 1
4414.0 1
4424.0 1
4429.0 1
4430.0 1
4435.0 1
4440.0 2
4443.0 1
4445.0 1
4454.0 2
4458.0 2
4467.0 1
4469.0 1
4473.0 1
4476.0 1
4477.0 2
4480.0 2
4481.0 1
4484.0 1
4488.0 1
4490.0 1
4495.0 2
4502.0 1
4506.0 1
4507.0 1
4508.0 1
4510.0 1
4516.0 1
4519.0 2
4520.0 2
4525.0 1
4527.0 1
4534.0 2
4537.0 1
4539.0 2
4545.0 2
4546.0 1
4553.0 1
4567.0 2
4578.0 1
4582.0 1
4593.0 2
4596.0 1
4597.0 1
4598.0 1
4605.0 1
4606.0 1
4613.0 1
4615.0 1
4616.0 1
4617.0 1
4623.0 1
4626.0 1
4627.0 1
4629.0 2
4630.0 1
4642.0 1
4644.0 1
4647.0 1
4661.0 1
4663.0 2
4666.0 1
4667.0 1
4674.0 1
4677.0 1
4678.0 1
4679.0 2
4683.0 1
4697.0 1
4710.0 1
4711.0 1
4714.0 1
4715.0 1
4717.0 1
4718.0 1
4721.0 1
4726.0 1
4727.0 1
4734.0 1
4742.0 1
4744.0 1
4750.0 1
4753.0 1
4754.0 1
4757.0 1
4760.0 1
4773.0 1
4783.0 1
4785.0 1
4787.0 1
4795.0 1
4797.0 1
4798.0 1
4802.0 1
4810.0 1
4812.0 1
4815.0 1
4819.0 1
4835.0 2
4846.0 2
4848.0 1
4855.0 1
4861.0 1
4863.0 1
4866.0 1
4869.0 1
4871.0 1
4877.0 1
4878.0 2
4879.0 2
4881.0 1
4893.0 2
4896.0 1
4898.0 1
4903.0 1
4908.0 1
4911.0 1
4919.0 1
4920.0 1
4922.0 1
4924.0 1
4929.0 1
4944.0 1
4945.0 1
4947.0 1
4951.0 1
4955.0 1
4957.0 1
4964.0 1
4972.0 1
4974.0 1
4975.0 1
4976.0 2
4982.0 1
4990.0 1
4992.0 1
5009.0 1
5013.0 1
5014.0 1
5019.0 1
5020.0 1
5027.0 1
5029.0 1
5037.0 1
5038.0 1
5048.0 1
5050.0 1
5051.0 1
5052.0 1
5066.0 1
5067.0 1
5068.0 1
5071.0 1
5073.0 2
5080.0 1
5084.0 1
5087.0 1
5094.0 1
5101.0 1
5105.0 1
5108.0 1
5110.0 1
5111.0 1
5114.0 3
5117.0 1
5119.0 2
5125.0 1
5127.0 1
5152.0 1
5162.0 1
5164.0 1
5167.0 1
5169.0 1
5184.0 1
5190.0 1
5206.0 1
5207.0 1
5208.0 1
5210.0 1
5217.0 1
5219.0 1
5226.0 2
5235.0 1
5237.0 1
5239.0 1
5240.0 1
5245.0 1
5249.0 1
5262.0 1
5263.0 1
5267.0 1
5270.0 2
5271.0 1
5272.0 1
5276.0 1
5282.0 1
5283.0 1
5289.0 1
5291.0 1
5293.0 1
5294.0 1
5298.0 1
5310.0 1
5312.0 1
5315.0 1
5318.0 1
5319.0 1
5320.0 1
5329.0 2
5331.0 1
5340.0 1
5344.0 1
5347.0 1
5348.0 1
5350.0 1
5362.0 1
5365.0 1
5369.0 1
5376.0 2
5381.0 2
5390.0 1
5395.0 1
5397.0 2
5398.0 1
5406.0 1
5424.0 1
5429.0 1
5430.0 1
5439.0 2
5441.0 1
5442.0 2
5453.0 1
5457.0 1
5462.0 1
5463.0 1
5465.0 1
5467.0 1
5470.0 1
5475.0 1
5477.0 1
5481.0 1
5486.0 1
5501.0 1
5503.0 1
5505.0 1
5508.0 1
5511.0 1
5521.0 1
5522.0 1
5529.0 1
5537.0 1
5544.0 1
5546.0 1
5550.0 2
5553.0 1
5555.0 1
5559.0 1
5561.0 1
5566.0 1
5569.0 1
5582.0 2
5583.0 1
5585.0 1
5590.0 1
5593.0 1
5595.0 1
5609.0 1
5611.0 1
5617.0 1
5631.0 1
5635.0 1
5636.0 1
5641.0 1
5644.0 1
5657.0 1
5658.0 1
5662.0 1
5669.0 1
5676.0 1
5678.0 1
5679.0 1
5683.0 2
5685.0 1
5687.0 1
5696.0 1
5697.0 1
5700.0 1
5705.0 1
5719.0 1
5727.0 2
5739.0 1
5740.0 1
5750.0 1
5752.0 1
5754.0 1
5758.0 1
5761.0 1
5762.0 1
5764.0 1
5766.0 1
5770.0 1
5774.0 1
5793.0 1
5795.0 1
5800.0 1
5808.0 1
5810.0 1
5819.0 1
5823.0 1
5830.0 3
5831.0 1
5841.0 1
5843.0 1
5845.0 1
5849.0 1
5857.0 1
5861.0 1
5863.0 1
5867.0 1
5869.0 1
5877.0 1
5878.0 1
5881.0 1
5887.0 1
5896.0 1
5904.0 1
5913.0 1
5918.0 1
5925.0 1
5927.0 1
5929.0 1
5943.0 1
5944.0 2
5946.0 1
5947.0 1
5951.0 1
5954.0 1
5956.0 2
5963.0 1
5964.0 1
5973.0 1
5980.0 1
5981.0 1
5999.0 1
6000.0 1
6001.0 1
6002.0 1
6014.0 1
6015.0 1
6016.0 1
6017.0 1
6030.0 1
6033.0 1
6034.0 1
6035.0 1
6037.0 1
6042.0 1
6047.0 1
6049.0 1
6053.0 1
6057.0 2
6062.0 1
6072.0 1
6073.0 1
6074.0 1
6077.0 1
6078.0 1
6079.0 1
6095.0 1
6098.0 1
6099.0 1
6104.0 2
6110.0 1
6113.0 1
6114.0 2
6116.0 1
6122.0 1
6128.0 1
6133.0 1
6136.0 1
6138.0 1
6143.0 1
6145.0 2
6151.0 1
6152.0 1
6154.0 3
6155.0 1
6159.0 1
6163.0 1
6164.0 1
6168.0 1
6171.0 2
6174.0 1
6177.0 1
6178.0 1
6179.0 1
6182.0 1
6184.0 1
6188.0 1
6192.0 3
6195.0 1
6198.0 1
6200.0 1
6205.0 1
6206.0 1
6210.0 2
6220.0 1
6222.0 1
6223.0 1
6230.0 2
6232.0 3
6236.0 1
6237.0 1
6240.0 1
6243.0 3
6245.0 1
6246.0 1
6248.0 1
6251.0 2
6253.0 2
6258.0 1
6259.0 2
6260.0 1
6263.0 1
6264.0 3
6270.0 1
6272.0 1
6277.0 2
6282.0 1
6283.0 1
6286.0 2
6287.0 1
6288.0 1
6289.0 2
6290.0 1
6293.0 1
6299.0 1
6301.0 1
6303.0 1
6305.0 1
6306.0 1
6308.0 1
6311.0 1
6312.0 1
6313.0 1
6314.0 2
6316.0 1
6320.0 1
6321.0 1
6322.0 2
6323.0 1
6324.0 1
6325.0 1
6326.0 1
6328.0 1
6330.0 1
6332.0 1
6335.0 1
6336.0 1
6339.0 1
6345.0 1
6346.0 2
6347.0 1
6352.0 1
6355.0 2
6357.0 1
6363.0 1
6364.0 1
6366.0 1
6367.0 1
6373.0 1
6377.0 2
6378.0 1
6379.0 1
6382.0 1
6383.0 4
6386.0 1
6387.0 1
6391.0 1
6392.0 1
6393.0 2
6395.0 1
6396.0 1
6397.0 1
6399.0 1
6401.0 1
6402.0 2
6404.0 1
6405.0 2
6406.0 2
6410.0 1
6413.0 1
6416.0 1
6418.0 1
6420.0 2
6421.0 1
6430.0 1
6434.0 3
6440.0 1
6441.0 1
6442.0 2
6443.0 1
6444.0 1
6446.0 1
6450.0 1
6452.0 1
6457.0 1
6458.0 1
6463.0 1
6464.0 1
6468.0 1
6470.0 1
6471.0 1
6472.0 2
6474.0 1
6476.0 1
6478.0 1
6479.0 3
6481.0 1
6482.0 1
6483.0 1
6485.0 1
6487.0 1
6491.0 1
6493.0 1
6495.0 1
6498.0 2
6500.0 1
6504.0 2
6505.0 2
6507.0 3
6508.0 1
6510.0 1
6518.0 2
6520.0 1
6522.0 2
6524.0 1
6526.0 1
6528.0 1
6531.0 2
6532.0 1
6533.0 1
6537.0 2
6540.0 1
6542.0 1
6544.0 1
6545.0 1
6546.0 1
6549.0 1
6550.0 1
6552.0 1
6553.0 1
6554.0 1
6555.0 1
6559.0 1
6560.0 1
6561.0 1
6564.0 1
6565.0 1
6568.0 1
6570.0 1
6573.0 1
6574.0 1
6575.0 2
6577.0 1
6578.0 1
6579.0 1
6582.0 1
6591.0 1
6594.0 1
6595.0 1
6598.0 1
6600.0 1
6601.0 1
6602.0 1
6606.0 1
6607.0 1
6612.0 1
6613.0 2
6614.0 1
6615.0 1
6616.0 1
6619.0 1
6623.0 1
6627.0 2
6630.0 2
6632.0 1
6633.0 1
6635.0 1
6638.0 1
6639.0 1
6643.0 1
6650.0 1
6651.0 1
6652.0 1
6654.0 1
6655.0 1
6656.0 1
6659.0 1
6661.0 1
6664.0 1
6677.0 2
6678.0 1
6680.0 1
6681.0 1
6683.0 1
6685.0 1
6687.0 1
6692.0 1
6701.0 1
6705.0 1
6708.0 1
6711.0 1
6713.0 1
6714.0 1
6715.0 1
6724.0 1
6726.0 3
6729.0 1
6731.0 2
6733.0 1
6737.0 3
6739.0 2
6741.0 1
6749.0 1
6752.0 2
6761.0 1
6774.0 2
6778.0 1
6782.0 1
6789.0 1
6791.0 1
6793.0 1
6795.0 1
6797.0 1
6801.0 1
6806.0 1
6810.0 1
6815.0 1
6820.0 1
6821.0 1
6825.0 1
6831.0 1
6832.0 1
6834.0 1
6837.0 1
6838.0 2
6847.0 1
6852.0 2
6853.0 1
6854.0 1
6856.0 2
6861.0 1
6866.0 1
6867.0 1
6880.0 1
6891.0 1
6898.0 1
6899.0 1
6909.0 1
6910.0 1
6914.0 1
6919.0 2
6924.0 1
6925.0 2
6932.0 1
6934.0 1
6935.0 1
6941.0 1
6942.0 2
6951.0 1
6953.0 1
6956.0 1
6960.0 2
6965.0 1
6970.0 1
6982.0 1
6984.0 1
6985.0 1
6986.0 1
6988.0 1
6989.0 1
7004.0 1
7016.0 1
7017.0 1
7021.0 1
7026.0 1
7027.0 1
7028.0 1
7029.0 1
7030.0 1
7031.0 1
7043.0 1
7047.0 1
7049.0 1
7050.0 1
7054.0 1
7082.0 1
7084.0 1
7086.0 1
7088.0 1
7094.0 2
7104.0 1
7105.0 1
7106.0 1
7110.0 1
7113.0 1
7114.0 1
7115.0 1
7122.0 2
7123.0 1
7126.0 2
7132.0 1
7133.0 1
7137.0 1
7139.0 1
7140.0 1
7144.0 2
7145.0 1
7150.0 1
7156.0 1
7164.0 1
7180.0 2
7189.0 1
7197.0 1
7216.0 1
7218.0 1
7223.0 1
7227.0 1
7235.0 1
7246.0 1
7254.0 1
7255.0 1
7261.0 1
7271.0 1
7291.0 1
7295.0 1
7296.0 1
7302.0 1
7315.0 1
7316.0 1
7317.0 1
7328.0 1
7330.0 1
7334.0 1
7343.0 1
7351.0 1
7353.0 1
7357.0 1
7362.0 2
7363.0 1
7369.0 1
7370.0 1
7379.0 1
7392.0 1
7403.0 1
7409.0 1
7417.0 1
7420.0 1
7431.0 1
7433.0 1
7435.0 1
7445.0 2
7454.0 1
7455.0 1
7457.0 1
7462.0 2
7504.0 1
7509.0 1
7511.0 1
7531.0 1
7548.0 1
7551.0 1
7565.0 1
7598.0 1
7602.0 1
7618.0 1
7634.0 1
7651.0 1
7670.0 1
7676.0 1
7681.0 1
7685.0 1
7687.0 1
7689.0 1
7690.0 2
7693.0 2
7703.0 1
7706.0 1
7711.0 1
7749.0 1
7754.0 1
7760.0 1
7761.0 1
7768.0 2
7769.0 4
7771.0 1
7780.0 1
7784.0 1
7801.0 1
7804.0 1
7807.0 1
7810.0 1
7814.0 1
7819.0 1
7821.0 1
7830.0 1
7833.0 1
7836.0 1
7861.0 1
7874.0 1
7875.0 1
7878.0 1
7893.0 1
7966.0 1
7993.0 1
7996.0 1
8000.0 1
8029.0 1
8030.0 1
8042.0 1
8071.0 1
8085.0 1
8095.0 1
8097.0 1
8101.0 1
8112.0 1
8115.0 1
8127.0 1
8140.0 1
8144.0 1
8146.0 1
8151.0 1
8174.0 1
8182.0 1
8184.0 1
8211.0 1
8224.0 1
8236.0 1
8251.0 1
8253.0 1
8298.0 1
8301.0 1
8308.0 1
8340.0 1
8362.0 1
8365.0 1
8384.0 1
8393.0 1
8407.0 1
8420.0 1
8463.0 1
8464.0 1
8501.0 1
8537.0 1
8555.0 1
8556.0 1
8563.0 1
8581.0 1
8590.0 1
8591.0 1
8597.0 1
8609.0 1
8613.0 1
8638.0 1
8651.0 1
8652.0 1
8656.0 1
8708.0 2
8745.0 1
8752.0 1
8762.0 1
8779.0 1
8788.0 1
8809.0 1
8854.0 1
8872.0 1
8877.0 1
8892.0 1
8946.0 1
8967.0 1
8993.0 1
9056.0 1
9086.0 1
9087.0 1
9173.0 1
9180.0 1
9184.0 1
9214.0 1
9229.0 1
9257.0 1
9306.0 1
9309.0 1
9330.0 1
9341.0 1
9345.0 1
9348.0 1
9406.0 1
9407.0 1
9433.0 1
9442.0 1
9455.0 1
9479.0 1
9481.0 1
9491.0 1
9501.0 1
9508.0 1
9552.0 1
9567.0 1
9583.0 1
9619.0 1
9628.0 1
9687.0 1
9700.0 1
9729.0 1
9746.0 1
9773.0 1
9795.0 1
9801.0 1
9819.0 1
9836.0 1
9876.0 1
9906.0 1
9971.0 1
9989.0 1
10017.0 1
10033.0 1
10035.0 1
10038.0 1
10067.0 1
10108.0 1
10139.0 1
10194.0 1
10203.0 1
10217.0 1
10218.0 1
10233.0 1
10245.0 1
10261.0 1
10262.0 1
10275.0 1
10324.0 1
10340.0 1
10370.0 1
10437.0 1
10475.0 1
10478.0 1
10489.0 1
10499.0 1
10500.0 1
10512.0 1
10551.0 1
10621.0 1
10648.0 1
10656.0 2
10736.0 1
10739.0 1
10740.0 1
10747.0 1
10749.0 1
10813.0 1
10817.0 1
10820.0 1
10850.0 1
10868.0 1
10879.0 1
10888.0 1
10984.0 1
11006.0 1
11014.0 2
11036.0 1
11041.0 1
11061.0 1
11077.0 1
11078.0 1
11128.0 1
11138.0 1
11170.0 1
11182.0 1
11205.0 1
11215.0 1
11261.0 1
11292.0 1
11305.0 1
11331.0 1
11437.0 1
11464.0 1
11472.0 1
11474.0 1
11488.0 1
11520.0 1
11569.0 1
11659.0 1
11672.0 1
11738.0 1
11774.0 1
11782.0 1
11870.0 1
11887.0 1
11926.0 1
11929.0 1
11933.0 1
11961.0 1
11988.0 1
12045.0 1
12060.0 1
12066.0 1
12093.0 1
12129.0 1
12145.0 1
12174.0 2
12222.0 1
12262.0 1
12324.0 1
12329.0 1
12334.0 1
12360.0 1
12391.0 1
12479.0 1
12495.0 1
12505.0 1
12517.0 1
12519.0 1
12535.0 1
12573.0 1
12658.0 1
12726.0 1
12759.0 1
12763.0 1
12807.0 1
12857.0 1
12858.0 1
12932.0 1
12951.0 1
12960.0 1
13000.0 1
13079.0 1
13134.0 1
13146.0 1
13165.0 1
13169.0 1
13219.0 1
13230.0 1
13231.0 1
13258.0 1
13271.0 1
13378.0 1
13393.0 1
13410.0 1
13411.0 1
13420.0 1
13430.0 1
13502.0 1
13554.0 1
13599.0 1
13691.0 1
13703.0 1
13719.0 1
13853.0 1
13881.0 1
13942.0 1
14002.0 1
14006.0 1
14012.0 1
14020.0 1
14044.0 1
14085.0 1
14117.0 1
14204.0 1
14325.0 1
14353.0 1
14397.0 1
14406.0 1
14417.0 1
14535.0 1
14576.0 1
14606.0 1
14731.0 1
14769.0 1
14784.0 1
14856.0 1
14899.0 1
14908.0 1
14952.0 1
15020.0 1
15043.0 1
15087.0 1
15128.0 1
15231.0 2
15265.0 1
15288.0 1
15323.0 1
15477.0 1
15484.0 1
15485.0 1
15570.0 1
15603.0 1
15627.0 1
15667.0 1
15724.0 1
15757.0 1
15775.0 1
15795.0 1
15944.0 1
15946.0 1
15998.0 1
16125.0 1
16276.0 1
16313.0 1
16318.0 1
16492.0 1
16562.0 1
16604.0 1
16640.0 1
16704.0 1
16706.0 1
16759.0 1
16845.0 1
16880.0 1
16992.0 1
17054.0 1
17058.0 1
17216.0 1
17233.0 1
17295.0 1
17305.0 1
17502.0 1
17567.0 1
17610.0 1
17660.0 1
17728.0 1
17778.0 1
17779.0 1
17843.0 1
17910.0 1
18022.0 1
18072.0 1
18138.0 1
18170.0 1
18278.0 1
18314.0 1
18324.0 1
18412.0 2
18413.0 3
18414.0 5
18415.0 4
18416.0 2
18417.0 6
18418.0 4
18419.0 4
18420.0 5
18421.0 4
18422.0 3
18423.0 4
18424.0 4
18425.0 3
18427.0 1
18428.0 1
18429.0 4
18431.0 3
18432.0 3
18433.0 1
18434.0 5
18435.0 2
18436.0 1
18437.0 2
18438.0 2
18440.0 1
18441.0 5
18442.0 1
18443.0 2
18444.0 2
18445.0 1
18447.0 3
18449.0 1
18452.0 1
18453.0 1
18454.0 1
18457.0 1
18459.0 1
18460.0 1
18462.0 1
18464.0 3
18466.0 1
18467.0 1
18468.0 2
18469.0 1
18471.0 1
18474.0 1
18477.0 2
18484.0 2
18487.0 1
18493.0 1
18495.0 1
18505.0 1
18511.0 1
18515.0 1
18518.0 1
18519.0 1
18522.0 2
18523.0 3
18524.0 1
18527.0 2
18528.0 2
18533.0 1
18536.0 1
18550.0 1
18557.0 1
18566.0 1
18569.0 1
18580.0 1
18589.0 1
18590.0 1
18604.0 1
18610.0 1
18618.0 1
18619.0 1
18626.0 1
18637.0 1
18648.0 1
18682.0 1
18683.0 1
18690.0 1
18760.0 1
18769.0 1
18801.0 1
18828.0 1
18832.0 1
18837.0 1
18847.0 1
18902.0 1
18923.0 1
18949.0 1
19077.0 1
19092.0 1
19129.0 1
19150.0 1
19199.0 1
19261.0 1
19276.0 1
19419.0 1
19429.0 1
19621.0 1
19626.0 1
19646.0 1
19678.0 1
19718.0 1
19724.0 1
19919.0 1
20056.0 1
20059.0 1
20068.0 1
20168.0 1
20188.0 1
20216.0 1
20244.0 1
20249.0 1
20308.0 1
20385.0 1
20446.0 1
20490.0 1
20492.0 1
20529.0 1
20551.0 2
20552.0 3
20558.0 1
20559.0 1
20561.0 1
20563.0 1
20564.0 1
20567.0 2
20572.0 1
20574.0 1
20603.0 1
20608.0 1
20646.0 1
20652.0 1
20671.0 1
20679.0 1
20692.0 1
20776.0 1
20777.0 1
20778.0 2
20780.0 1
20789.0 2
20801.0 1
20823.0 2
20835.0 2
20838.0 1
20868.0 1
20877.0 1
20884.0 1
20906.0 1
20933.0 1
20966.0 1
21002.0 1
21114.0 1
21143.0 1
21154.0 1
21159.0 1
21198.0 1
21230.0 1
21306.0 1
21359.0 1
21360.0 1
21363.0 1
21364.0 1
21501.0 1
21532.0 1
21548.0 1
21565.0 1
21602.0 1
21648.0 1
21669.0 1
21812.0 1
21849.0 1
22178.0 1
22197.0 1
22370.0 1
22494.0 1
22630.0 1
22720.0 1
22767.0 1
22996.0 1
23219.0 1
23340.0 1
23679.0 1
23691.0 1
23740.0 1
23832.0 1
24131.0 1
24171.0 1
24417.0 1
24620.0 1
24684.0 1
24956.0 1
25135.0 1
25250.0 1
26214.0 1
26382.0 1
26547.0 1
26890.0 1
27388.0 1
27715.0 1
27998.0 1
28296.0 1
28330.0 1
28377.0 1
28450.0 1
28542.0 1
28621.0 1
28716.0 1
28986.0 1
29007.0 1
29043.0 1
29082.0 1
29359.0 1
29593.0 1
29973.0 1
30011.0 1
30059.0 1
30066.0 1
30135.0 1
30969.0 1
31598.0 1
31739.0 1
31844.0 1
32828.0 1
33305.0 1
33428.0 1
33493.0 1
33683.0 1
34037.0 1
34158.0 1
34551.0 1
34782.0 1
35149.0 1
35598.0 1
35637.0 1
35729.0 1
36000.0 1
36705.0 1
36906.0 1
37244.0 1
37350.0 1
37358.0 1
37438.0 1
38309.0 1
38438.0 1
38710.0 1
39185.0 1
39206.0 1
39476.0 1
39507.0 1
39577.0 1
39702.0 1
40048.0 1
40244.0 1
40336.0 1
40922.0 1
41491.0 1
41604.0 1
41608.0 1
41614.0 1
41773.0 1
42043.0 1
42394.0 1
42614.0 1
42756.0 1
42799.0 1
43371.0 1
43600.0 1
43803.0 1
43939.0 1
44651.0 1
44695.0 1
45011.0 1
45515.0 1
46488.0 1
47101.0 1
47939.0 1
48616.0 1
49495.0 1
51052.0 1
51226.0 1
52353.0 1
52465.0 1
52868.0 1
55676.0 1
58449.0 1
61079.0 1
62182.0 1
62939.0 1
64480.0 1
67190.0 1
71271.0 1
73426.0 1
73726.0 1
75002.0 1
77224.0 1
78395.0 1
79326.0 1
83318.0 1
85077.0 1
89792.0 1
94158.0 1
95577.0 1
97168.0 1
97345.0 1
97611.0 1
102882.0 1
104440.0 1
115437.0 1
121636.0 1
130436.0 1
131758.0 1
142247.0 1
188700.0 1
201314.0 1
203447.0 1
240940.0 1
336173.0 1
