1.0 606013
2.0 6888
3.0 6893
4.0 8269
5.0 9734
6.0 11510
7.0 12998
8.0 13937
9.0 14812
10.0 15598
11.0 16512
12.0 16991
13.0 17465
14.0 17515
15.0 17943
16.0 17807
17.0 17829
18.0 17629
19.0 17406
20.0 17429
21.0 16815
22.0 16602
23.0 16239
24.0 15889
25.0 15256
26.0 15249
27.0 14522
28.0 14284
29.0 13425
30.0 13000
31.0 12678
32.0 12234
33.0 11825
34.0 11443
35.0 10924
36.0 10580
37.0 10069
38.0 9618
39.0 9425
40.0 9021
41.0 8841
42.0 8581
43.0 8279
44.0 7909
45.0 7715
46.0 7613
47.0 7319
48.0 7289
49.0 7198
50.0 6734
51.0 6592
52.0 6472
53.0 6501
54.0 6186
55.0 5906
56.0 5658
57.0 5893
58.0 5444
59.0 5364
60.0 5194
61.0 5065
62.0 4980
63.0 4833
64.0 4648
65.0 4595
66.0 4638
67.0 4298
68.0 4291
69.0 4189
70.0 4018
71.0 4079
72.0 3942
73.0 3856
74.0 3739
75.0 3569
76.0 3510
77.0 3593
78.0 3423
79.0 3525
80.0 3315
81.0 3284
82.0 3202
83.0 3206
84.0 3175
85.0 2994
86.0 2984
87.0 2891
88.0 2895
89.0 2763
90.0 2813
91.0 2653
92.0 2614
93.0 2510
94.0 2622
95.0 2511
96.0 2484
97.0 2422
98.0 2314
99.0 2455
100.0 2265
101.0 2305
102.0 2328
103.0 2330
104.0 2306
105.0 2170
106.0 2058
107.0 2095
108.0 2114
109.0 2019
110.0 2050
111.0 2061
112.0 1957
113.0 1833
114.0 1902
115.0 1821
116.0 1902
117.0 1815
118.0 1747
119.0 1853
120.0 1811
121.0 1789
122.0 1733
123.0 1628
124.0 1647
125.0 1604
126.0 1590
127.0 1649
128.0 1558
129.0 1550
130.0 1466
131.0 1493
132.0 1378
133.0 1460
134.0 1459
135.0 1478
136.0 1465
137.0 1430
138.0 1453
139.0 1382
140.0 1319
141.0 1280
142.0 1285
143.0 1342
144.0 1261
145.0 1210
146.0 1124
147.0 1154
148.0 1133
149.0 1147
150.0 1167
151.0 1172
152.0 1146
153.0 1154
154.0 1073
155.0 1058
156.0 1074
157.0 989
158.0 1027
159.0 1025
160.0 964
161.0 1018
162.0 963
163.0 939
164.0 941
165.0 951
166.0 927
167.0 904
168.0 850
169.0 965
170.0 897
171.0 873
172.0 890
173.0 921
174.0 929
175.0 901
176.0 849
177.0 860
178.0 800
179.0 770
180.0 761
181.0 779
182.0 707
183.0 750
184.0 729
185.0 784
186.0 694
187.0 762
188.0 656
189.0 732
190.0 688
191.0 720
192.0 724
193.0 692
194.0 709
195.0 607
196.0 682
197.0 608
198.0 607
199.0 594
200.0 608
201.0 602
202.0 622
203.0 587
204.0 612
205.0 712
206.0 688
207.0 665
208.0 606
209.0 575
210.0 565
211.0 564
212.0 540
213.0 559
214.0 559
215.0 508
216.0 528
217.0 486
218.0 538
219.0 541
220.0 571
221.0 561
222.0 598
223.0 580
224.0 525
225.0 489
226.0 523
227.0 466
228.0 483
229.0 472
230.0 501
231.0 486
232.0 470
233.0 489
234.0 479
235.0 496
236.0 446
237.0 467
238.0 442
239.0 424
240.0 434
241.0 470
242.0 419
243.0 405
244.0 414
245.0 421
246.0 396
247.0 479
248.0 375
249.0 398
250.0 377
251.0 373
252.0 395
253.0 362
254.0 363
255.0 347
256.0 312
257.0 301
258.0 334
259.0 379
260.0 382
261.0 357
262.0 318
263.0 365
264.0 333
265.0 334
266.0 325
267.0 276
268.0 315
269.0 297
270.0 278
271.0 284
272.0 278
273.0 286
274.0 299
275.0 269
276.0 308
277.0 270
278.0 270
279.0 278
280.0 243
281.0 279
282.0 272
283.0 252
284.0 285
285.0 250
286.0 251
287.0 235
288.0 215
289.0 216
290.0 212
291.0 216
292.0 212
293.0 213
294.0 206
295.0 193
296.0 196
297.0 195
298.0 223
299.0 209
300.0 180
301.0 208
302.0 187
303.0 190
304.0 187
305.0 203
306.0 196
307.0 215
308.0 198
309.0 244
310.0 210
311.0 210
312.0 174
313.0 202
314.0 179
315.0 203
316.0 163
317.0 186
318.0 212
319.0 195
320.0 170
321.0 180
322.0 190
323.0 181
324.0 172
325.0 143
326.0 165
327.0 157
328.0 232
329.0 195
330.0 216
331.0 201
332.0 188
333.0 177
334.0 157
335.0 152
336.0 144
337.0 165
338.0 122
339.0 169
340.0 143
341.0 134
342.0 137
343.0 116
344.0 160
345.0 131
346.0 115
347.0 132
348.0 144
349.0 127
350.0 138
351.0 125
352.0 129
353.0 128
354.0 146
355.0 141
356.0 148
357.0 147
358.0 189
359.0 187
360.0 170
361.0 156
362.0 150
363.0 159
364.0 144
365.0 132
366.0 149
367.0 157
368.0 145
369.0 126
370.0 147
371.0 151
372.0 145
373.0 126
374.0 139
375.0 130
376.0 141
377.0 116
378.0 137
379.0 133
380.0 149
381.0 131
382.0 134
383.0 135
384.0 122
385.0 121
386.0 108
387.0 126
388.0 120
389.0 128
390.0 107
391.0 102
392.0 95
393.0 109
394.0 98
395.0 88
396.0 86
397.0 101
398.0 87
399.0 89
400.0 111
401.0 89
402.0 101
403.0 97
404.0 78
405.0 88
406.0 78
407.0 83
408.0 85
409.0 96
410.0 67
411.0 73
412.0 69
413.0 84
414.0 73
415.0 66
416.0 71
417.0 99
418.0 86
419.0 83
420.0 81
421.0 68
422.0 66
423.0 82
424.0 62
425.0 62
426.0 60
427.0 54
428.0 73
429.0 61
430.0 86
431.0 62
432.0 57
433.0 55
434.0 84
435.0 53
436.0 54
437.0 66
438.0 56
439.0 71
440.0 73
441.0 67
442.0 55
443.0 73
444.0 57
445.0 57
446.0 62
447.0 70
448.0 64
449.0 55
450.0 62
451.0 72
452.0 49
453.0 60
454.0 45
455.0 46
456.0 61
457.0 59
458.0 45
459.0 51
460.0 59
461.0 48
462.0 51
463.0 38
464.0 43
465.0 60
466.0 38
467.0 57
468.0 58
469.0 38
470.0 52
471.0 40
472.0 39
473.0 41
474.0 44
475.0 50
476.0 41
477.0 42
478.0 42
479.0 49
480.0 47
481.0 42
482.0 54
483.0 38
484.0 36
485.0 48
486.0 40
487.0 51
488.0 43
489.0 47
490.0 58
491.0 60
492.0 49
493.0 39
494.0 56
495.0 58
496.0 48
497.0 39
498.0 53
499.0 59
500.0 46
501.0 51
502.0 59
503.0 42
504.0 45
505.0 41
506.0 48
507.0 44
508.0 45
509.0 38
510.0 42
511.0 45
512.0 26
513.0 23
514.0 35
515.0 39
516.0 28
517.0 40
518.0 38
519.0 40
520.0 38
521.0 38
522.0 25
523.0 44
524.0 27
525.0 31
526.0 39
527.0 26
528.0 39
529.0 38
530.0 33
531.0 35
532.0 39
533.0 20
534.0 37
535.0 40
536.0 25
537.0 47
538.0 38
539.0 27
540.0 32
541.0 26
542.0 44
543.0 35
544.0 33
545.0 39
546.0 24
547.0 40
548.0 21
549.0 22
550.0 24
551.0 35
552.0 34
553.0 37
554.0 29
555.0 21
556.0 28
557.0 28
558.0 21
559.0 28
560.0 31
561.0 27
562.0 31
563.0 30
564.0 22
565.0 25
566.0 37
567.0 29
568.0 28
569.0 28
570.0 32
571.0 26
572.0 37
573.0 31
574.0 41
575.0 25
576.0 32
577.0 30
578.0 29
579.0 30
580.0 44
581.0 38
582.0 35
583.0 24
584.0 31
585.0 24
586.0 31
587.0 31
588.0 24
589.0 33
590.0 22
591.0 33
592.0 24
593.0 28
594.0 34
595.0 32
596.0 32
597.0 29
598.0 29
599.0 42
600.0 22
601.0 25
602.0 29
603.0 29
604.0 26
605.0 17
606.0 30
607.0 24
608.0 23
609.0 17
610.0 30
611.0 18
612.0 14
613.0 28
614.0 20
615.0 21
616.0 24
617.0 19
618.0 19
619.0 24
620.0 16
621.0 24
622.0 22
623.0 18
624.0 16
625.0 15
626.0 24
627.0 16
628.0 19
629.0 23
630.0 13
631.0 18
632.0 22
633.0 23
634.0 19
635.0 24
636.0 20
637.0 15
638.0 17
639.0 19
640.0 9
641.0 14
642.0 18
643.0 18
644.0 14
645.0 16
646.0 15
647.0 17
648.0 24
649.0 21
650.0 22
651.0 14
652.0 15
653.0 20
654.0 16
655.0 18
656.0 19
657.0 23
658.0 8
659.0 10
660.0 18
661.0 15
662.0 7
663.0 8
664.0 11
665.0 12
666.0 13
667.0 18
668.0 21
669.0 15
670.0 15
671.0 20
672.0 12
673.0 9
674.0 20
675.0 17
676.0 19
677.0 17
678.0 19
679.0 14
680.0 13
681.0 9
682.0 14
683.0 10
684.0 13
685.0 16
686.0 10
687.0 5
688.0 12
689.0 14
690.0 13
691.0 11
692.0 10
693.0 9
694.0 16
695.0 13
696.0 12
697.0 10
698.0 7
699.0 13
700.0 16
701.0 8
702.0 20
703.0 14
704.0 16
705.0 11
706.0 14
707.0 9
708.0 7
709.0 16
710.0 18
711.0 18
712.0 15
713.0 12
714.0 10
715.0 9
716.0 11
717.0 10
718.0 10
719.0 9
720.0 10
721.0 5
722.0 14
723.0 11
724.0 10
725.0 10
726.0 12
727.0 9
728.0 10
729.0 11
730.0 7
731.0 16
732.0 11
733.0 16
734.0 9
735.0 12
736.0 10
737.0 9
738.0 10
739.0 14
740.0 10
741.0 9
742.0 6
743.0 7
744.0 11
745.0 9
746.0 8
747.0 8
748.0 11
749.0 18
750.0 14
751.0 6
752.0 7
753.0 8
754.0 6
755.0 10
756.0 14
757.0 4
758.0 15
759.0 9
760.0 13
761.0 9
762.0 6
763.0 10
764.0 8
765.0 11
766.0 6
767.0 4
768.0 8
769.0 9
770.0 6
771.0 6
772.0 10
773.0 10
774.0 8
775.0 6
776.0 4
777.0 9
778.0 6
779.0 6
780.0 7
781.0 6
782.0 10
783.0 9
784.0 12
785.0 5
786.0 7
787.0 7
788.0 8
789.0 7
790.0 8
791.0 15
792.0 5
793.0 9
794.0 4
795.0 10
796.0 7
797.0 9
798.0 6
799.0 4
800.0 2
801.0 6
802.0 5
803.0 5
804.0 4
805.0 6
806.0 8
807.0 8
808.0 13
809.0 3
810.0 5
811.0 7
812.0 4
813.0 5
814.0 9
815.0 6
816.0 9
817.0 8
818.0 5
819.0 1
820.0 5
821.0 6
822.0 4
823.0 9
824.0 2
825.0 8
826.0 14
827.0 5
828.0 6
829.0 11
830.0 12
831.0 16
832.0 8
833.0 13
834.0 8
835.0 7
836.0 11
837.0 6
838.0 10
839.0 9
840.0 15
841.0 9
842.0 10
843.0 7
844.0 15
845.0 11
846.0 11
847.0 8
848.0 9
849.0 10
850.0 9
851.0 12
852.0 18
853.0 21
854.0 21
855.0 28
856.0 28
857.0 20
858.0 29
859.0 25
860.0 28
861.0 24
862.0 33
863.0 23
864.0 15
865.0 28
866.0 25
867.0 21
868.0 23
869.0 27
870.0 21
871.0 21
872.0 15
873.0 15
874.0 15
875.0 13
876.0 19
877.0 13
878.0 18
879.0 18
880.0 14
881.0 14
882.0 17
883.0 9
884.0 13
885.0 11
886.0 11
887.0 22
888.0 16
889.0 9
890.0 8
891.0 10
892.0 9
893.0 12
894.0 14
895.0 13
896.0 9
897.0 9
898.0 8
899.0 12
900.0 8
901.0 11
902.0 4
903.0 5
904.0 13
905.0 3
906.0 14
907.0 7
908.0 11
909.0 13
910.0 15
911.0 13
912.0 11
913.0 6
914.0 10
915.0 15
916.0 6
917.0 8
918.0 5
919.0 4
920.0 6
921.0 5
922.0 8
923.0 9
924.0 5
925.0 8
926.0 10
927.0 13
928.0 7
929.0 9
930.0 7
931.0 9
932.0 5
933.0 11
934.0 10
935.0 7
936.0 6
937.0 5
938.0 2
939.0 11
940.0 3
941.0 10
942.0 8
943.0 6
944.0 10
945.0 8
946.0 11
947.0 7
948.0 13
949.0 11
950.0 5
951.0 3
952.0 7
953.0 10
954.0 8
955.0 8
956.0 10
957.0 4
958.0 3
959.0 9
960.0 4
961.0 2
962.0 8
963.0 4
964.0 8
965.0 11
966.0 7
967.0 7
968.0 3
969.0 4
970.0 2
971.0 6
972.0 1
973.0 4
974.0 7
975.0 2
976.0 2
977.0 2
978.0 6
979.0 4
980.0 10
981.0 5
982.0 9
983.0 5
984.0 3
985.0 8
986.0 7
987.0 3
988.0 9
989.0 2
990.0 5
991.0 6
992.0 7
993.0 3
994.0 10
995.0 8
996.0 9
997.0 10
998.0 3
999.0 5
1000.0 7
1001.0 9
1002.0 4
1003.0 5
1004.0 5
1005.0 8
1006.0 9
1007.0 5
1008.0 8
1009.0 5
1010.0 8
1011.0 5
1012.0 4
1013.0 5
1014.0 4
1015.0 5
1016.0 4
1017.0 2
1018.0 6
1019.0 6
1020.0 5
1021.0 5
1022.0 3
1023.0 2
1024.0 5
1025.0 9
1026.0 6
1027.0 4
1028.0 3
1029.0 6
1030.0 13
1031.0 5
1032.0 7
1033.0 4
1034.0 8
1035.0 5
1036.0 6
1037.0 4
1038.0 6
1039.0 4
1040.0 5
1041.0 1
1042.0 5
1043.0 7
1044.0 2
1045.0 5
1046.0 5
1047.0 3
1048.0 1
1049.0 2
1050.0 7
1051.0 5
1052.0 3
1053.0 3
1054.0 1
1055.0 1
1056.0 8
1057.0 4
1058.0 7
1059.0 3
1060.0 6
1061.0 3
1062.0 4
1063.0 6
1064.0 5
1065.0 4
1066.0 2
1067.0 3
1068.0 3
1069.0 6
1070.0 6
1071.0 4
1072.0 6
1073.0 2
1074.0 4
1075.0 9
1076.0 3
1077.0 3
1078.0 9
1079.0 3
1080.0 5
1081.0 2
1082.0 2
1083.0 2
1084.0 3
1085.0 5
1086.0 2
1087.0 2
1088.0 5
1089.0 4
1090.0 4
1091.0 4
1092.0 8
1093.0 5
1094.0 5
1095.0 2
1096.0 1
1097.0 5
1098.0 3
1099.0 2
1100.0 3
1101.0 1
1102.0 7
1103.0 3
1104.0 2
1105.0 1
1106.0 6
1107.0 4
1108.0 2
1109.0 8
1110.0 6
1111.0 4
1112.0 4
1113.0 3
1114.0 6
1115.0 2
1116.0 3
1117.0 3
1118.0 4
1119.0 3
1120.0 4
1121.0 3
1122.0 2
1123.0 2
1124.0 6
1125.0 1
1126.0 3
1127.0 7
1128.0 4
1130.0 4
1131.0 1
1132.0 3
1133.0 3
1134.0 1
1135.0 2
1136.0 1
1137.0 4
1138.0 2
1139.0 4
1140.0 2
1141.0 1
1143.0 3
1144.0 4
1145.0 4
1146.0 2
1147.0 2
1148.0 4
1149.0 4
1150.0 1
1151.0 5
1154.0 3
1155.0 2
1156.0 2
1157.0 2
1158.0 1
1159.0 3
1160.0 3
1161.0 3
1162.0 2
1163.0 2
1164.0 3
1165.0 1
1166.0 1
1167.0 3
1168.0 4
1169.0 3
1170.0 2
1171.0 3
1172.0 1
1173.0 1
1174.0 2
1175.0 5
1176.0 3
1177.0 3
1178.0 1
1179.0 1
1180.0 1
1182.0 1
1183.0 2
1184.0 1
1185.0 1
1186.0 1
1187.0 4
1189.0 4
1191.0 3
1192.0 4
1193.0 1
1194.0 3
1195.0 2
1196.0 1
1198.0 2
1199.0 2
1200.0 4
1201.0 2
1202.0 1
1203.0 2
1204.0 1
1206.0 2
1207.0 3
1208.0 2
1209.0 3
1210.0 1
1212.0 1
1213.0 3
1214.0 5
1216.0 1
1217.0 5
1218.0 1
1221.0 3
1223.0 2
1224.0 1
1225.0 4
1227.0 1
1228.0 1
1230.0 3
1231.0 1
1233.0 2
1234.0 2
1236.0 2
1237.0 1
1238.0 1
1240.0 2
1242.0 2
1244.0 1
1245.0 3
1246.0 2
1248.0 2
1249.0 3
1250.0 2
1251.0 4
1252.0 1
1253.0 2
1254.0 1
1255.0 2
1256.0 1
1259.0 1
1260.0 2
1261.0 1
1262.0 1
1263.0 1
1265.0 1
1266.0 1
1267.0 2
1268.0 4
1270.0 2
1272.0 2
1273.0 2
1274.0 2
1277.0 1
1278.0 1
1279.0 4
1282.0 3
1284.0 3
1286.0 1
1287.0 2
1288.0 2
1290.0 2
1292.0 3
1294.0 1
1295.0 1
1297.0 1
1298.0 1
1299.0 3
1300.0 1
1303.0 2
1304.0 2
1305.0 3
1306.0 3
1307.0 1
1308.0 2
1309.0 1
1310.0 1
1311.0 2
1312.0 2
1313.0 2
1314.0 1
1317.0 1
1318.0 3
1322.0 1
1323.0 1
1324.0 2
1325.0 1
1328.0 1
1329.0 3
1331.0 2
1332.0 1
1335.0 2
1336.0 1
1340.0 4
1342.0 1
1344.0 1
1347.0 1
1349.0 2
1350.0 1
1351.0 2
1352.0 1
1354.0 1
1355.0 1
1356.0 2
1358.0 1
1365.0 2
1366.0 1
1367.0 1
1370.0 2
1371.0 2
1372.0 1
1373.0 1
1374.0 1
1377.0 2
1380.0 3
1381.0 2
1382.0 1
1385.0 2
1386.0 1
1393.0 1
1396.0 1
1399.0 1
1401.0 2
1402.0 1
1404.0 3
1407.0 1
1408.0 1
1410.0 4
1412.0 1
1416.0 2
1417.0 1
1419.0 1
1420.0 1
1421.0 1
1423.0 2
1424.0 1
1428.0 2
1431.0 1
1432.0 1
1434.0 2
1435.0 1
1438.0 1
1440.0 1
1441.0 1
1442.0 1
1444.0 1
1445.0 2
1446.0 1
1451.0 2
1452.0 3
1455.0 2
1456.0 2
1464.0 1
1466.0 1
1467.0 2
1469.0 1
1470.0 2
1472.0 2
1473.0 1
1475.0 2
1478.0 1
1482.0 1
1484.0 1
1488.0 2
1489.0 3
1493.0 2
1495.0 1
1497.0 1
1500.0 1
1502.0 1
1506.0 1
1513.0 1
1519.0 1
1520.0 2
1523.0 2
1524.0 1
1526.0 1
1528.0 1
1533.0 2
1534.0 1
1535.0 1
1536.0 2
1537.0 1
1539.0 1
1541.0 1
1542.0 2
1547.0 1
1551.0 1
1558.0 1
1560.0 1
1564.0 1
1566.0 1
1572.0 1
1582.0 1
1584.0 1
1590.0 1
1591.0 1
1592.0 1
1600.0 1
1604.0 1
1608.0 1
1609.0 2
1612.0 1
1613.0 1
1614.0 2
1618.0 1
1621.0 1
1637.0 1
1644.0 1
1647.0 1
1653.0 1
1654.0 2
1659.0 1
1661.0 1
1665.0 1
1673.0 2
1674.0 2
1675.0 1
1679.0 2
1680.0 1
1683.0 1
1684.0 1
1687.0 1
1691.0 1
1692.0 1
1696.0 1
1704.0 1
1708.0 1
1709.0 1
1713.0 1
1716.0 1
1719.0 1
1721.0 1
1727.0 1
1734.0 1
1739.0 1
1740.0 1
1746.0 1
1747.0 1
1748.0 1
1751.0 3
1752.0 1
1753.0 1
1754.0 2
1755.0 2
1763.0 1
1766.0 2
1767.0 1
1768.0 1
1770.0 1
1775.0 1
1778.0 1
1782.0 2
1786.0 1
1788.0 1
1789.0 2
1795.0 1
1797.0 2
1800.0 1
1808.0 1
1811.0 1
1814.0 1
1815.0 1
1818.0 1
1841.0 2
1863.0 1
1871.0 1
1873.0 1
1885.0 1
1901.0 1
1907.0 1
1912.0 1
1917.0 1
1918.0 1
1928.0 1
1931.0 1
1938.0 1
1943.0 1
1944.0 1
1962.0 1
1967.0 1
1980.0 1
1984.0 1
1997.0 1
2000.0 1
2004.0 1
2007.0 1
2011.0 1
2017.0 1
2027.0 1
2035.0 1
2055.0 1
2059.0 1
2100.0 1
2123.0 1
2155.0 1
2165.0 1
2169.0 1
2186.0 1
2194.0 1
2203.0 1
2208.0 1
2209.0 1
2230.0 1
2232.0 1
2233.0 1
2234.0 1
2238.0 1
2253.0 1
2305.0 1
2330.0 1
2332.0 1
2334.0 1
2370.0 1
2379.0 1
2394.0 1
2426.0 1
2451.0 1
2514.0 1
2518.0 1
2522.0 1
2555.0 1
2576.0 1
2583.0 1
2625.0 1
2666.0 1
2684.0 1
2729.0 1
2751.0 1
2763.0 1
2765.0 1
2829.0 1
2991.0 1
3011.0 1
3038.0 1
3062.0 1
3104.0 1
3355.0 1
3368.0 1
3455.0 1
3577.0 1
3633.0 1
3762.0 1
3777.0 1
3804.0 1
3868.0 1
3901.0 1
4018.0 1
4173.0 1
4222.0 1
4258.0 1
4422.0 1
4596.0 1
5029.0 1
5632.0 1
5888.0 1
6505.0 1
7910.0 1
