1.0 328
2.0 62208
3.0 32108
4.0 20003
5.0 13323
6.0 9544
7.0 7407
8.0 5651
9.0 4711
10.0 3903
11.0 3208
12.0 2726
13.0 2384
14.0 2037
15.0 1795
16.0 1600
17.0 1438
18.0 1255
19.0 1106
20.0 1046
21.0 914
22.0 840
23.0 779
24.0 677
25.0 621
26.0 644
27.0 550
28.0 522
29.0 412
30.0 446
31.0 399
32.0 351
33.0 346
34.0 306
35.0 289
36.0 298
37.0 284
38.0 245
39.0 263
40.0 236
41.0 228
42.0 219
43.0 202
44.0 185
45.0 181
46.0 164
47.0 170
48.0 145
49.0 154
50.0 145
51.0 141
52.0 132
53.0 119
54.0 120
55.0 101
56.0 93
57.0 86
58.0 97
59.0 81
60.0 89
61.0 90
62.0 76
63.0 68
64.0 75
65.0 67
66.0 66
67.0 61
68.0 63
69.0 53
70.0 53
71.0 62
72.0 65
73.0 47
74.0 48
75.0 39
76.0 52
77.0 55
78.0 39
79.0 57
80.0 39
81.0 51
82.0 44
83.0 40
84.0 35
85.0 41
86.0 36
87.0 32
88.0 30
89.0 34
90.0 32
91.0 26
92.0 35
93.0 24
94.0 36
95.0 37
96.0 32
97.0 33
98.0 34
99.0 39
100.0 25
101.0 23
102.0 24
103.0 33
104.0 28
105.0 22
106.0 25
107.0 24
108.0 16
109.0 20
110.0 19
111.0 28
112.0 22
113.0 25
114.0 11
115.0 25
116.0 28
117.0 25
118.0 20
119.0 19
120.0 23
121.0 19
122.0 16
123.0 9
124.0 15
125.0 19
126.0 16
127.0 26
128.0 20
129.0 13
130.0 6
131.0 20
132.0 14
133.0 20
134.0 19
135.0 17
136.0 13
137.0 10
138.0 5
139.0 15
140.0 13
141.0 22
142.0 15
143.0 12
144.0 16
145.0 8
146.0 6
147.0 15
148.0 11
149.0 13
150.0 11
151.0 14
152.0 12
153.0 13
154.0 13
155.0 9
156.0 16
157.0 14
158.0 10
159.0 11
160.0 11
161.0 8
162.0 9
163.0 11
164.0 13
165.0 9
166.0 4
167.0 9
168.0 5
169.0 7
170.0 5
171.0 13
172.0 13
173.0 4
174.0 12
175.0 15
176.0 5
177.0 10
178.0 7
179.0 9
180.0 5
181.0 8
182.0 4
183.0 8
184.0 7
185.0 6
186.0 6
187.0 6
188.0 12
189.0 9
190.0 7
191.0 7
192.0 6
193.0 4
194.0 5
195.0 4
196.0 8
197.0 7
198.0 7
199.0 3
200.0 6
201.0 5
202.0 5
203.0 7
204.0 6
205.0 4
206.0 3
207.0 8
208.0 5
209.0 2
210.0 4
211.0 6
212.0 2
213.0 4
214.0 5
215.0 4
216.0 5
217.0 8
218.0 6
219.0 2
220.0 4
222.0 5
223.0 8
224.0 8
225.0 13
226.0 4
227.0 4
228.0 5
229.0 8
230.0 3
231.0 2
232.0 7
233.0 1
234.0 5
235.0 1
236.0 2
237.0 1
238.0 8
239.0 8
240.0 9
242.0 3
243.0 2
244.0 5
245.0 5
246.0 6
247.0 4
248.0 2
249.0 7
250.0 1
251.0 5
252.0 3
253.0 7
254.0 1
255.0 5
256.0 6
257.0 2
258.0 3
259.0 5
260.0 2
261.0 3
262.0 7
263.0 2
264.0 4
265.0 7
266.0 4
267.0 1
268.0 4
269.0 5
270.0 2
271.0 3
272.0 3
273.0 6
274.0 3
275.0 2
276.0 5
278.0 3
279.0 4
281.0 3
282.0 7
283.0 1
284.0 3
285.0 5
286.0 2
287.0 4
288.0 5
289.0 5
290.0 2
291.0 3
292.0 2
293.0 4
294.0 4
295.0 4
296.0 2
298.0 4
299.0 2
300.0 6
301.0 2
303.0 1
304.0 5
306.0 3
307.0 3
308.0 1
309.0 3
310.0 3
311.0 1
312.0 3
313.0 3
314.0 2
315.0 2
316.0 3
318.0 2
319.0 3
320.0 1
321.0 2
322.0 2
323.0 2
325.0 6
326.0 2
327.0 4
329.0 1
330.0 2
331.0 1
332.0 1
333.0 2
334.0 1
335.0 5
336.0 1
337.0 5
340.0 1
342.0 5
343.0 2
346.0 3
347.0 4
348.0 2
350.0 1
352.0 3
353.0 2
355.0 4
356.0 1
357.0 1
358.0 1
359.0 2
360.0 2
361.0 3
362.0 1
363.0 5
364.0 1
365.0 1
366.0 2
367.0 2
368.0 2
369.0 2
370.0 2
371.0 2
372.0 5
374.0 3
375.0 2
376.0 1
379.0 2
380.0 4
381.0 4
382.0 1
383.0 2
384.0 2
385.0 2
387.0 3
388.0 1
389.0 1
390.0 1
391.0 1
393.0 2
394.0 3
395.0 2
396.0 1
397.0 2
399.0 1
400.0 3
401.0 3
405.0 3
406.0 1
409.0 1
410.0 2
411.0 3
412.0 2
413.0 2
414.0 1
415.0 4
416.0 1
417.0 3
418.0 1
419.0 1
420.0 4
421.0 1
422.0 2
423.0 4
424.0 1
425.0 1
428.0 1
432.0 1
433.0 1
434.0 2
435.0 5
436.0 2
440.0 1
441.0 2
442.0 1
443.0 1
445.0 2
446.0 1
449.0 1
453.0 1
454.0 1
455.0 2
456.0 2
458.0 1
460.0 1
462.0 2
463.0 3
465.0 2
466.0 2
468.0 1
471.0 1
472.0 1
473.0 2
474.0 2
475.0 1
476.0 1
478.0 1
479.0 1
482.0 1
483.0 1
487.0 3
488.0 1
489.0 1
490.0 1
493.0 1
494.0 1
495.0 1
497.0 1
500.0 1
501.0 1
502.0 1
503.0 1
505.0 1
506.0 1
507.0 2
508.0 1
510.0 2
511.0 3
513.0 1
515.0 2
516.0 1
517.0 1
518.0 1
519.0 1
521.0 2
522.0 1
524.0 1
527.0 2
530.0 2
532.0 1
534.0 1
535.0 1
536.0 1
537.0 1
538.0 1
541.0 1
542.0 3
544.0 2
546.0 1
547.0 2
548.0 1
550.0 1
552.0 2
553.0 1
558.0 2
560.0 2
562.0 1
563.0 2
565.0 1
570.0 2
575.0 1
576.0 1
577.0 1
579.0 1
581.0 1
584.0 2
589.0 1
590.0 2
593.0 1
595.0 1
596.0 1
598.0 2
599.0 1
601.0 2
602.0 1
604.0 1
606.0 1
609.0 1
616.0 1
620.0 2
621.0 1
624.0 1
627.0 2
632.0 1
633.0 1
638.0 1
640.0 2
642.0 1
644.0 1
645.0 1
646.0 1
647.0 1
648.0 1
652.0 1
656.0 1
657.0 3
663.0 2
665.0 1
669.0 1
671.0 1
672.0 1
675.0 1
676.0 1
680.0 1
681.0 1
682.0 1
683.0 1
685.0 2
690.0 1
691.0 1
694.0 1
695.0 1
698.0 1
706.0 1
708.0 1
709.0 1
713.0 1
715.0 1
719.0 1
720.0 1
727.0 1
729.0 1
730.0 1
732.0 1
734.0 1
735.0 2
737.0 1
739.0 1
741.0 1
742.0 1
745.0 2
759.0 1
763.0 1
770.0 1
774.0 1
778.0 1
794.0 1
802.0 1
805.0 1
806.0 1
808.0 1
814.0 2
816.0 1
817.0 1
818.0 1
819.0 2
820.0 1
826.0 1
827.0 1
831.0 1
839.0 1
840.0 1
843.0 1
844.0 1
848.0 1
850.0 1
851.0 2
855.0 1
869.0 1
872.0 1
874.0 1
875.0 1
883.0 1
885.0 2
894.0 2
901.0 1
904.0 1
907.0 1
909.0 3
914.0 3
919.0 1
921.0 1
923.0 1
932.0 1
934.0 1
950.0 3
962.0 1
964.0 1
971.0 1
972.0 2
978.0 1
983.0 1
985.0 1
986.0 1
989.0 1
997.0 1
1005.0 1
1007.0 1
1008.0 1
1012.0 1
1023.0 1
1030.0 1
1034.0 1
1035.0 1
1043.0 2
1063.0 2
1067.0 1
1069.0 1
1070.0 1
1073.0 1
1090.0 1
1091.0 1
1099.0 1
1113.0 1
1115.0 1
1116.0 1
1129.0 1
1132.0 1
1141.0 1
1156.0 1
1161.0 1
1176.0 1
1184.0 1
1191.0 1
1192.0 1
1204.0 1
1205.0 1
1210.0 1
1231.0 1
1234.0 1
1242.0 1
1272.0 1
1279.0 1
1280.0 2
1293.0 1
1305.0 2
1315.0 1
1318.0 1
1331.0 1
1334.0 1
1337.0 1
1355.0 1
1361.0 1
1365.0 1
1388.0 1
1397.0 1
1421.0 1
1437.0 1
1439.0 1
1443.0 1
1450.0 1
1457.0 1
1466.0 1
1471.0 2
1477.0 1
1501.0 1
1508.0 1
1510.0 1
1516.0 1
1525.0 1
1526.0 1
1542.0 1
1570.0 1
1579.0 1
1581.0 1
1623.0 1
1670.0 1
1683.0 1
1684.0 1
1699.0 1
1716.0 1
1738.0 2
1763.0 1
1813.0 1
1852.0 1
1871.0 1
1874.0 1
1879.0 1
1924.0 1
1994.0 1
2014.0 1
2036.0 1
2147.0 1
2152.0 1
2163.0 1
2168.0 1
2174.0 2
2186.0 1
2195.0 1
2208.0 1
2249.0 1
2263.0 1
2275.0 1
2283.0 1
2386.0 1
2404.0 1
2406.0 1
2414.0 1
2428.0 1
2439.0 1
2452.0 1
2472.0 1
2559.0 1
2639.0 1
2799.0 1
2870.0 1
2889.0 1
2909.0 1
3062.0 1
3074.0 1
3075.0 1
3148.0 1
3182.0 1
3228.0 1
3241.0 1
3297.0 1
3361.0 1
3387.0 1
3479.0 1
3484.0 1
3706.0 1
3839.0 1
3857.0 1
3931.0 1
4003.0 1
4126.0 1
4422.0 1
4439.0 1
4452.0 1
4454.0 1
4469.0 1
4565.0 1
4714.0 1
4853.0 1
4888.0 1
4890.0 1
5107.0 1
5425.0 1
6023.0 1
6149.0 1
6254.0 1
6523.0 1
6871.0 1
7728.0 1
8535.0 1
9598.0 1
12024.0 1
12888.0 1
14654.0 1
15110.0 1
19129.0 1
25820.0 1
35079.0 1
49774.0 1
75357.0 1
122102.0 1
224821.0 1
