2.0 2306
4.0 3703
6.0 5386
8.0 5772
10.0 6233
12.0 6803
14.0 7395
16.0 7186
18.0 7328
20.0 6524
22.0 6682
24.0 6727
26.0 6465
28.0 6008
30.0 6221
32.0 5833
34.0 5704
36.0 5652
38.0 5922
40.0 5674
42.0 5595
44.0 5619
46.0 5710
48.0 5101
50.0 5253
52.0 5194
54.0 5222
56.0 4602
58.0 5068
60.0 4681
62.0 4562
64.0 4281
66.0 4403
68.0 4132
70.0 4266
72.0 4362
74.0 3652
76.0 3946
78.0 3513
80.0 3682
82.0 3629
84.0 3241
86.0 3451
88.0 3444
90.0 3195
92.0 3442
94.0 2970
96.0 3064
98.0 3295
100.0 2578
102.0 2757
104.0 2876
106.0 2406
108.0 2086
110.0 2479
112.0 2082
114.0 2031
116.0 1986
118.0 1673
120.0 1942
122.0 2089
124.0 1823
126.0 1876
128.0 2168
130.0 1645
132.0 1560
134.0 1743
136.0 1579
138.0 1221
140.0 1408
142.0 1354
144.0 1330
146.0 1363
148.0 1300
150.0 1508
152.0 1424
154.0 1176
156.0 929
158.0 1092
160.0 1074
162.0 1093
164.0 1053
166.0 1484
168.0 1155
170.0 1045
172.0 925
174.0 947
176.0 971
178.0 802
180.0 731
182.0 880
184.0 986
186.0 888
188.0 693
190.0 861
192.0 787
194.0 974
196.0 882
198.0 715
200.0 740
202.0 694
204.0 670
206.0 654
208.0 883
210.0 570
212.0 580
214.0 587
216.0 617
218.0 503
220.0 511
222.0 570
224.0 545
226.0 544
228.0 523
230.0 635
232.0 448
234.0 438
236.0 451
238.0 499
240.0 546
242.0 430
244.0 423
246.0 396
248.0 391
250.0 496
252.0 444
254.0 589
256.0 348
258.0 357
260.0 455
262.0 355
264.0 314
266.0 339
268.0 326
270.0 345
272.0 394
274.0 304
276.0 363
278.0 360
280.0 430
282.0 419
284.0 353
286.0 424
288.0 315
290.0 418
292.0 399
294.0 306
296.0 292
298.0 428
300.0 285
302.0 274
304.0 281
306.0 282
308.0 288
310.0 277
312.0 256
314.0 250
316.0 255
318.0 283
320.0 271
322.0 223
324.0 257
326.0 248
328.0 316
330.0 188
332.0 354
334.0 241
336.0 247
338.0 219
340.0 229
342.0 211
344.0 178
346.0 206
348.0 235
350.0 312
352.0 203
354.0 204
356.0 206
358.0 216
360.0 204
362.0 219
364.0 204
366.0 194
368.0 219
370.0 192
372.0 174
374.0 212
376.0 172
378.0 187
380.0 195
382.0 231
384.0 219
386.0 218
388.0 183
390.0 192
392.0 154
394.0 176
396.0 181
398.0 181
400.0 162
402.0 170
404.0 135
406.0 145
408.0 159
410.0 147
412.0 165
414.0 181
416.0 159
418.0 162
420.0 159
422.0 167
424.0 166
426.0 164
428.0 181
430.0 142
432.0 150
434.0 146
436.0 135
438.0 302
440.0 147
442.0 128
444.0 162
446.0 129
448.0 147
450.0 149
452.0 134
454.0 114
456.0 127
458.0 133
460.0 118
462.0 126
464.0 152
466.0 127
468.0 124
470.0 122
472.0 115
474.0 124
476.0 127
478.0 120
480.0 110
482.0 112
484.0 119
486.0 104
488.0 119
490.0 107
492.0 130
494.0 144
496.0 116
498.0 111
500.0 136
502.0 100
504.0 111
506.0 112
508.0 97
510.0 105
512.0 114
514.0 101
516.0 107
518.0 101
520.0 119
522.0 97
524.0 94
526.0 93
528.0 91
530.0 89
532.0 94
534.0 96
536.0 81
538.0 114
540.0 97
542.0 91
544.0 113
546.0 91
548.0 103
550.0 98
552.0 90
554.0 81
556.0 88
558.0 89
560.0 89
562.0 87
564.0 103
566.0 75
568.0 84
570.0 98
572.0 108
574.0 86
576.0 89
578.0 83
580.0 85
582.0 96
584.0 87
586.0 205
588.0 95
590.0 102
592.0 101
594.0 94
596.0 89
598.0 83
600.0 84
602.0 68
604.0 72
606.0 83
608.0 79
610.0 56
612.0 71
614.0 79
616.0 69
618.0 82
620.0 79
622.0 81
624.0 56
626.0 72
628.0 65
630.0 73
632.0 80
634.0 61
636.0 84
638.0 88
640.0 74
642.0 64
644.0 51
646.0 65
648.0 69
650.0 65
652.0 78
654.0 73
656.0 62
658.0 71
660.0 55
662.0 71
664.0 62
666.0 54
668.0 66
670.0 72
672.0 71
674.0 63
676.0 79
678.0 88
680.0 67
682.0 90
684.0 56
686.0 64
688.0 69
690.0 51
692.0 61
694.0 57
696.0 72
698.0 69
700.0 66
702.0 57
704.0 48
706.0 60
708.0 48
710.0 63
712.0 62
714.0 62
716.0 56
718.0 55
720.0 49
722.0 66
724.0 43
726.0 76
728.0 48
730.0 77
732.0 52
734.0 54
736.0 52
738.0 52
740.0 46
742.0 63
744.0 51
746.0 50
748.0 60
750.0 45
752.0 48
754.0 54
756.0 53
758.0 51
760.0 52
762.0 52
764.0 51
766.0 48
768.0 52
770.0 60
772.0 49
774.0 39
776.0 40
778.0 54
780.0 36
782.0 43
784.0 54
786.0 52
788.0 50
790.0 46
792.0 50
794.0 53
796.0 46
798.0 49
800.0 30
802.0 34
804.0 52
806.0 49
808.0 39
810.0 43
812.0 40
814.0 52
816.0 45
818.0 44
820.0 39
822.0 42
824.0 46
826.0 42
828.0 50
830.0 54
832.0 42
834.0 40
836.0 55
838.0 46
840.0 47
842.0 51
844.0 40
846.0 42
848.0 44
850.0 52
852.0 36
854.0 32
856.0 37
858.0 36
860.0 28
862.0 34
864.0 43
866.0 34
868.0 38
870.0 30
872.0 39
874.0 49
876.0 33
878.0 41
880.0 34
882.0 47
884.0 25
886.0 38
888.0 32
890.0 31
892.0 40
894.0 35
896.0 34
898.0 37
900.0 38
902.0 40
904.0 36
906.0 46
908.0 35
910.0 36
912.0 42
914.0 31
916.0 37
918.0 31
920.0 33
922.0 46
924.0 28
926.0 44
928.0 34
930.0 30
932.0 31
934.0 37
936.0 33
938.0 28
940.0 26
942.0 24
944.0 45
946.0 26
948.0 37
950.0 35
952.0 21
954.0 32
956.0 24
958.0 28
960.0 38
962.0 32
964.0 30
966.0 31
968.0 43
970.0 38
972.0 23
974.0 42
976.0 40
978.0 42
980.0 36
982.0 33
984.0 32
986.0 34
988.0 28
990.0 29
992.0 34
994.0 37
996.0 23
998.0 34
1000.0 31
1002.0 37
1004.0 33
1006.0 35
1008.0 25
1010.0 40
1012.0 28
1014.0 26
1016.0 38
1018.0 29
1020.0 30
1022.0 26
1024.0 26
1026.0 29
1028.0 29
1030.0 26
1032.0 31
1034.0 18
1036.0 40
1038.0 28
1040.0 30
1042.0 33
1044.0 29
1046.0 26
1048.0 26
1050.0 21
1052.0 16
1054.0 26
1056.0 23
1058.0 33
1060.0 25
1062.0 23
1064.0 22
1066.0 31
1068.0 35
1070.0 25
1072.0 33
1074.0 28
1076.0 32
1078.0 23
1080.0 23
1082.0 29
1084.0 22
1086.0 22
1088.0 28
1090.0 28
1092.0 25
1094.0 30
1096.0 22
1098.0 28
1100.0 23
1102.0 20
1104.0 27
1106.0 26
1108.0 30
1110.0 24
1112.0 27
1114.0 19
1116.0 19
1118.0 22
1120.0 22
1122.0 24
1124.0 27
1126.0 30
1128.0 30
1130.0 27
1132.0 22
1134.0 19
1136.0 27
1138.0 27
1140.0 22
1142.0 26
1144.0 17
1146.0 29
1148.0 26
1150.0 35
1152.0 30
1154.0 18
1156.0 19
1158.0 22
1160.0 21
1162.0 28
1164.0 26
1166.0 23
1168.0 21
1170.0 19
1172.0 20
1174.0 25
1176.0 13
1178.0 26
1180.0 20
1182.0 24
1184.0 12
1186.0 32
1188.0 21
1190.0 19
1192.0 29
1194.0 25
1196.0 12
1198.0 22
1200.0 24
1202.0 23
1204.0 17
1206.0 21
1208.0 27
1210.0 32
1212.0 17
1214.0 15
1216.0 22
1218.0 10
1220.0 22
1222.0 14
1224.0 14
1226.0 17
1228.0 20
1230.0 16
1232.0 21
1234.0 16
1236.0 15
1238.0 23
1240.0 16
1242.0 14
1244.0 20
1246.0 17
1248.0 24
1250.0 20
1252.0 21
1254.0 21
1256.0 26
1258.0 15
1260.0 19
1262.0 16
1264.0 21
1266.0 17
1268.0 21
1270.0 13
1272.0 19
1274.0 10
1276.0 12
1278.0 21
1280.0 14
1282.0 12
1284.0 16
1286.0 22
1288.0 21
1290.0 18
1292.0 20
1294.0 15
1296.0 19
1298.0 16
1300.0 13
1302.0 20
1304.0 19
1306.0 21
1308.0 14
1310.0 28
1312.0 14
1314.0 10
1316.0 21
1318.0 19
1320.0 20
1322.0 18
1324.0 16
1326.0 17
1328.0 13
1330.0 27
1332.0 16
1334.0 27
1336.0 20
1338.0 14
1340.0 17
1342.0 21
1344.0 10
1346.0 13
1348.0 11
1350.0 22
1352.0 19
1354.0 18
1356.0 22
1358.0 15
1360.0 9
1362.0 14
1364.0 13
1366.0 21
1368.0 14
1370.0 15
1372.0 12
1374.0 22
1376.0 16
1378.0 20
1380.0 11
1382.0 12
1384.0 18
1386.0 16
1388.0 11
1390.0 15
1392.0 16
1394.0 17
1396.0 15
1398.0 15
1400.0 15
1402.0 19
1404.0 10
1406.0 12
1408.0 12
1410.0 16
1412.0 12
1414.0 13
1416.0 15
1418.0 15
1420.0 13
1422.0 19
1424.0 13
1426.0 14
1428.0 10
1430.0 18
1432.0 8
1434.0 18
1436.0 16
1438.0 14
1440.0 15
1442.0 14
1444.0 12
1446.0 16
1448.0 23
1450.0 13
1452.0 17
1454.0 18
1456.0 10
1458.0 10
1460.0 19
1462.0 19
1464.0 17
1466.0 21
1468.0 12
1470.0 13
1472.0 27
1474.0 6
1476.0 11
1478.0 10
1480.0 8
1482.0 19
1484.0 11
1486.0 12
1488.0 14
1490.0 8
1492.0 16
1494.0 8
1496.0 15
1498.0 11
1500.0 15
1502.0 9
1504.0 12
1506.0 11
1508.0 8
1510.0 17
1512.0 13
1514.0 18
1516.0 13
1518.0 8
1520.0 14
1522.0 4
1524.0 10
1526.0 10
1528.0 13
1530.0 11
1532.0 14
1534.0 17
1536.0 11
1538.0 12
1540.0 12
1542.0 12
1544.0 13
1546.0 14
1548.0 16
1550.0 8
1552.0 15
1554.0 14
1556.0 15
1558.0 10
1560.0 11
1562.0 13
1564.0 12
1566.0 11
1568.0 10
1570.0 19
1572.0 10
1574.0 12
1576.0 11
1578.0 14
1580.0 10
1582.0 3
1584.0 8
1586.0 17
1588.0 7
1590.0 17
1592.0 12
1594.0 4
1596.0 6
1598.0 9
1600.0 13
1602.0 6
1604.0 12
1606.0 8
1608.0 5
1610.0 11
1612.0 13
1614.0 8
1616.0 5
1618.0 12
1620.0 8
1622.0 8
1624.0 10
1626.0 9
1628.0 8
1630.0 8
1632.0 13
1634.0 4
1636.0 12
1638.0 17
1640.0 10
1642.0 9
1644.0 16
1646.0 12
1648.0 11
1650.0 15
1652.0 9
1654.0 12
1656.0 6
1658.0 11
1660.0 13
1662.0 8
1664.0 11
1666.0 14
1668.0 13
1670.0 10
1672.0 12
1674.0 15
1676.0 16
1678.0 11
1680.0 7
1682.0 7
1684.0 9
1686.0 10
1688.0 10
1690.0 7
1692.0 14
1694.0 20
1696.0 9
1698.0 14
1700.0 12
1702.0 12
1704.0 8
1706.0 10
1708.0 11
1710.0 6
1712.0 10
1714.0 8
1716.0 10
1718.0 16
1720.0 5
1722.0 13
1724.0 15
1726.0 13
1728.0 10
1730.0 9
1732.0 6
1734.0 12
1736.0 7
1738.0 9
1740.0 6
1742.0 11
1744.0 9
1746.0 9
1748.0 11
1750.0 7
1752.0 7
1754.0 13
1756.0 8
1758.0 5
1760.0 8
1762.0 9
1764.0 7
1766.0 10
1768.0 11
1770.0 5
1772.0 6
1774.0 12
1776.0 8
1778.0 8
1780.0 13
1782.0 9
1784.0 6
1786.0 8
1788.0 9
1790.0 9
1792.0 9
1794.0 10
1796.0 6
1798.0 12
1800.0 7
1802.0 12
1804.0 9
1806.0 7
1808.0 9
1810.0 12
1812.0 13
1814.0 7
1816.0 10
1818.0 8
1820.0 9
1822.0 11
1824.0 5
1826.0 12
1828.0 6
1830.0 8
1832.0 8
1834.0 7
1836.0 7
1838.0 6
1840.0 2
1842.0 8
1844.0 7
1846.0 3
1848.0 5
1850.0 6
1852.0 5
1854.0 8
1856.0 4
1858.0 4
1860.0 9
1862.0 10
1864.0 5
1866.0 8
1868.0 9
1870.0 9
1872.0 10
1874.0 6
1876.0 6
1878.0 5
1880.0 8
1882.0 12
1884.0 7
1886.0 6
1888.0 7
1890.0 8
1892.0 4
1894.0 7
1896.0 10
1898.0 6
1900.0 7
1902.0 8
1904.0 6
1906.0 5
1908.0 5
1910.0 7
1912.0 7
1914.0 7
1916.0 10
1918.0 8
1920.0 7
1922.0 5
1924.0 3
1926.0 3
1928.0 4
1930.0 8
1932.0 9
1934.0 8
1936.0 4
1938.0 11
1940.0 7
1942.0 6
1944.0 6
1946.0 8
1948.0 10
1950.0 8
1952.0 9
1954.0 5
1956.0 7
1958.0 9
1960.0 8
1962.0 7
1964.0 2
1966.0 8
1968.0 10
1970.0 13
1972.0 7
1974.0 6
1976.0 12
1978.0 8
1980.0 4
1982.0 6
1984.0 5
1986.0 5
1988.0 5
1990.0 7
1992.0 12
1994.0 6
1996.0 11
1998.0 7
2000.0 4
2002.0 9
2004.0 5
2006.0 10
2008.0 9
2010.0 9
2012.0 7
2014.0 4
2016.0 11
2018.0 8
2020.0 6
2022.0 13
2024.0 4
2026.0 10
2028.0 6
2030.0 5
2032.0 8
2034.0 4
2036.0 3
2038.0 3
2040.0 5
2042.0 7
2044.0 7
2046.0 7
2048.0 4
2050.0 7
2052.0 9
2054.0 5
2056.0 7
2058.0 11
2060.0 4
2062.0 5
2064.0 6
2066.0 3
2068.0 6
2070.0 9
2072.0 10
2074.0 12
2076.0 5
2078.0 8
2080.0 5
2082.0 7
2084.0 8
2086.0 4
2088.0 2
2090.0 11
2092.0 9
2094.0 10
2096.0 6
2098.0 3
2100.0 6
2102.0 6
2104.0 4
2106.0 6
2108.0 12
2110.0 4
2112.0 8
2114.0 2
2116.0 8
2118.0 8
2120.0 12
2122.0 3
2124.0 2
2126.0 5
2128.0 8
2130.0 4
2132.0 8
2134.0 7
2136.0 4
2138.0 7
2140.0 6
2142.0 4
2144.0 8
2146.0 8
2148.0 5
2150.0 5
2152.0 8
2154.0 1
2156.0 4
2158.0 4
2160.0 2
2162.0 5
2164.0 5
2166.0 10
2168.0 3
2170.0 2
2172.0 3
2174.0 7
2176.0 6
2178.0 7
2180.0 6
2182.0 8
2184.0 3
2186.0 4
2188.0 5
2190.0 2
2192.0 4
2194.0 6
2196.0 5
2198.0 3
2200.0 2
2202.0 6
2204.0 4
2206.0 2
2208.0 4
2210.0 4
2212.0 2
2214.0 3
2216.0 4
2218.0 5
2220.0 1
2222.0 5
2224.0 5
2226.0 5
2228.0 6
2230.0 9
2232.0 8
2234.0 7
2236.0 6
2238.0 2
2240.0 9
2242.0 7
2244.0 12
2246.0 7
2248.0 4
2250.0 6
2252.0 8
2254.0 3
2256.0 7
2258.0 12
2260.0 1
2262.0 3
2264.0 3
2266.0 4
2268.0 2
2270.0 5
2272.0 5
2274.0 5
2276.0 4
2278.0 7
2280.0 5
2282.0 5
2284.0 5
2286.0 4
2288.0 4
2290.0 9
2292.0 3
2294.0 3
2296.0 3
2298.0 5
2300.0 4
2302.0 7
2304.0 3
2306.0 7
2308.0 1
2310.0 4
2312.0 5
2314.0 2
2316.0 3
2318.0 6
2320.0 6
2322.0 5
2324.0 6
2326.0 6
2328.0 4
2330.0 5
2332.0 5
2334.0 8
2336.0 4
2338.0 5
2340.0 5
2342.0 4
2344.0 6
2346.0 5
2348.0 7
2350.0 7
2354.0 7
2356.0 10
2358.0 4
2360.0 5
2362.0 1
2364.0 10
2366.0 4
2368.0 4
2370.0 6
2372.0 4
2374.0 7
2376.0 6
2378.0 6
2380.0 4
2382.0 9
2386.0 4
2388.0 1
2390.0 2
2392.0 7
2394.0 6
2396.0 2
2398.0 6
2400.0 3
2402.0 3
2404.0 2
2406.0 7
2408.0 4
2410.0 4
2412.0 6
2414.0 2
2416.0 1
2418.0 5
2420.0 3
2422.0 6
2424.0 4
2426.0 5
2428.0 1
2430.0 2
2432.0 10
2434.0 6
2436.0 6
2438.0 5
2442.0 5
2444.0 3
2446.0 5
2448.0 2
2450.0 8
2452.0 3
2454.0 3
2456.0 7
2458.0 5
2460.0 2
2462.0 4
2464.0 1
2466.0 3
2468.0 5
2470.0 2
2472.0 7
2474.0 4
2476.0 1
2478.0 4
2480.0 5
2482.0 4
2484.0 11
2486.0 2
2488.0 5
2490.0 2
2492.0 2
2494.0 1
2496.0 1
2498.0 2
2502.0 5
2504.0 6
2506.0 4
2508.0 1
2512.0 5
2514.0 4
2516.0 8
2518.0 4
2520.0 3
2522.0 2
2524.0 5
2526.0 2
2528.0 3
2530.0 4
2532.0 5
2534.0 4
2536.0 6
2538.0 4
2540.0 3
2542.0 4
2544.0 3
2546.0 1
2548.0 7
2550.0 3
2552.0 3
2554.0 5
2556.0 9
2558.0 3
2560.0 4
2562.0 3
2564.0 3
2566.0 4
2568.0 4
2570.0 8
2572.0 6
2574.0 5
2576.0 3
2578.0 5
2580.0 5
2582.0 3
2584.0 4
2586.0 2
2588.0 4
2590.0 2
2592.0 2
2594.0 1
2596.0 4
2598.0 6
2600.0 4
2602.0 1
2604.0 3
2606.0 4
2608.0 4
2610.0 3
2612.0 4
2616.0 3
2618.0 7
2620.0 1
2622.0 8
2624.0 5
2626.0 7
2628.0 3
2630.0 3
2632.0 3
2634.0 2
2636.0 2
2638.0 1
2640.0 3
2642.0 3
2644.0 2
2646.0 4
2648.0 6
2650.0 4
2652.0 2
2654.0 3
2656.0 5
2658.0 7
2660.0 2
2662.0 2
2664.0 3
2666.0 2
2668.0 4
2670.0 5
2672.0 1
2674.0 5
2676.0 2
2678.0 1
2680.0 1
2682.0 6
2684.0 2
2686.0 2
2688.0 1
2690.0 2
2692.0 3
2694.0 3
2696.0 2
2698.0 4
2702.0 5
2704.0 3
2706.0 3
2708.0 4
2710.0 6
2712.0 2
2714.0 4
2716.0 3
2718.0 1
2720.0 4
2722.0 1
2724.0 3
2726.0 4
2728.0 3
2730.0 1
2732.0 5
2734.0 3
2736.0 3
2738.0 2
2740.0 5
2742.0 2
2744.0 1
2746.0 3
2748.0 1
2752.0 5
2754.0 4
2756.0 3
2758.0 3
2760.0 3
2762.0 1
2764.0 4
2766.0 3
2768.0 3
2770.0 1
2772.0 4
2774.0 3
2776.0 4
2778.0 4
2780.0 2
2782.0 5
2786.0 4
2788.0 2
2790.0 2
2794.0 2
2796.0 5
2798.0 5
2800.0 3
2802.0 4
2804.0 4
2806.0 3
2808.0 2
2810.0 2
2812.0 1
2814.0 4
2816.0 3
2818.0 3
2820.0 2
2822.0 3
2824.0 3
2826.0 2
2828.0 2
2830.0 1
2832.0 3
2834.0 2
2836.0 1
2838.0 1
2842.0 3
2844.0 3
2846.0 3
2850.0 2
2852.0 6
2854.0 3
2856.0 1
2858.0 4
2860.0 4
2862.0 2
2864.0 2
2866.0 1
2870.0 2
2872.0 4
2874.0 2
2876.0 6
2878.0 1
2880.0 3
2882.0 4
2884.0 4
2886.0 1
2888.0 2
2892.0 5
2894.0 3
2896.0 3
2898.0 3
2900.0 4
2902.0 3
2904.0 6
2906.0 4
2908.0 4
2910.0 2
2912.0 1
2914.0 2
2918.0 2
2920.0 1
2922.0 3
2924.0 1
2926.0 1
2928.0 1
2930.0 4
2932.0 1
2934.0 3
2936.0 3
2938.0 3
2940.0 1
2942.0 8
2944.0 4
2946.0 2
2950.0 3
2952.0 2
2954.0 3
2956.0 5
2958.0 1
2960.0 3
2962.0 3
2964.0 1
2966.0 3
2968.0 2
2970.0 1
2972.0 3
2974.0 2
2976.0 2
2978.0 1
2982.0 2
2984.0 1
2986.0 5
2988.0 2
2990.0 4
2992.0 1
2994.0 3
2996.0 7
2998.0 2
3000.0 2
3002.0 1
3006.0 3
3012.0 4
3014.0 1
3016.0 1
3018.0 3
3020.0 5
3024.0 3
3026.0 4
3028.0 4
3030.0 2
3032.0 3
3034.0 2
3036.0 2
3038.0 2
3040.0 2
3042.0 1
3044.0 3
3046.0 1
3048.0 1
3050.0 2
3052.0 3
3054.0 5
3056.0 2
3060.0 3
3062.0 2
3064.0 1
3066.0 3
3068.0 1
3070.0 2
3072.0 3
3078.0 3
3080.0 1
3082.0 2
3084.0 1
3086.0 1
3088.0 2
3090.0 3
3092.0 5
3094.0 2
3096.0 4
3098.0 1
3100.0 1
3102.0 1
3104.0 5
3106.0 1
3108.0 2
3110.0 2
3112.0 3
3114.0 4
3118.0 1
3120.0 2
3122.0 4
3124.0 4
3128.0 1
3130.0 4
3132.0 6
3134.0 2
3136.0 2
3138.0 5
3142.0 1
3144.0 2
3146.0 3
3148.0 2
3152.0 1
3154.0 2
3156.0 1
3158.0 1
3160.0 2
3162.0 3
3166.0 3
3168.0 2
3170.0 2
3172.0 1
3174.0 1
3176.0 4
3178.0 3
3180.0 1
3182.0 2
3184.0 3
3186.0 2
3188.0 1
3190.0 1
3192.0 1
3194.0 1
3196.0 2
3198.0 1
3200.0 3
3202.0 1
3204.0 1
3208.0 4
3210.0 2
3212.0 2
3214.0 1
3216.0 2
3218.0 2
3220.0 3
3222.0 1
3224.0 2
3226.0 3
3232.0 3
3234.0 1
3236.0 1
3240.0 2
3242.0 2
3244.0 2
3246.0 1
3248.0 1
3252.0 1
3254.0 3
3256.0 1
3258.0 4
3260.0 1
3262.0 2
3264.0 4
3266.0 3
3270.0 2
3272.0 4
3274.0 2
3278.0 2
3280.0 2
3284.0 3
3288.0 1
3292.0 1
3294.0 4
3296.0 3
3298.0 4
3300.0 3
3302.0 1
3304.0 2
3306.0 5
3310.0 1
3312.0 2
3316.0 2
3318.0 1
3320.0 1
3322.0 4
3324.0 1
3326.0 1
3328.0 3
3330.0 1
3332.0 2
3334.0 8
3336.0 1
3338.0 3
3340.0 2
3342.0 1
3344.0 3
3346.0 1
3348.0 1
3350.0 2
3354.0 2
3356.0 2
3358.0 1
3360.0 1
3362.0 2
3364.0 1
3366.0 3
3368.0 1
3374.0 2
3376.0 2
3378.0 3
3380.0 3
3382.0 1
3384.0 3
3388.0 3
3390.0 2
3394.0 2
3396.0 1
3398.0 2
3402.0 3
3404.0 1
3406.0 2
3410.0 1
3412.0 2
3416.0 2
3418.0 3
3420.0 3
3422.0 1
3424.0 1
3426.0 1
3428.0 1
3432.0 1
3434.0 4
3436.0 2
3438.0 1
3442.0 2
3446.0 2
3448.0 1
3450.0 2
3454.0 3
3458.0 2
3462.0 2
3464.0 1
3466.0 2
3468.0 1
3470.0 2
3472.0 2
3480.0 1
3484.0 2
3490.0 3
3500.0 5
3502.0 3
3504.0 3
3506.0 2
3508.0 4
3510.0 2
3512.0 1
3516.0 2
3518.0 2
3520.0 1
3522.0 4
3526.0 1
3528.0 4
3530.0 3
3532.0 1
3534.0 1
3536.0 1
3538.0 3
3540.0 1
3542.0 1
3544.0 2
3546.0 1
3548.0 3
3550.0 2
3554.0 1
3558.0 2
3560.0 2
3562.0 1
3564.0 4
3568.0 3
3570.0 4
3572.0 3
3576.0 4
3578.0 3
3580.0 2
3582.0 2
3584.0 2
3588.0 1
3590.0 3
3594.0 3
3596.0 1
3600.0 2
3602.0 1
3604.0 2
3606.0 2
3608.0 4
3610.0 1
3614.0 2
3616.0 1
3620.0 1
3622.0 1
3624.0 1
3628.0 2
3630.0 1
3634.0 1
3636.0 2
3638.0 3
3640.0 1
3642.0 1
3644.0 5
3646.0 2
3648.0 2
3650.0 1
3652.0 2
3656.0 1
3658.0 4
3660.0 1
3662.0 2
3668.0 1
3670.0 1
3672.0 2
3674.0 3
3676.0 1
3678.0 1
3682.0 1
3688.0 1
3692.0 2
3694.0 5
3696.0 1
3698.0 3
3700.0 4
3702.0 1
3704.0 1
3706.0 3
3708.0 1
3712.0 1
3714.0 4
3716.0 1
3718.0 3
3720.0 2
3722.0 3
3728.0 1
3730.0 3
3738.0 1
3740.0 4
3742.0 1
3744.0 1
3748.0 4
3750.0 1
3754.0 2
3758.0 2
3760.0 1
3762.0 1
3764.0 2
3766.0 2
3768.0 1
3772.0 1
3776.0 3
3778.0 1
3780.0 2
3782.0 2
3784.0 1
3786.0 1
3788.0 3
3796.0 4
3802.0 3
3806.0 1
3808.0 2
3812.0 1
3814.0 1
3816.0 1
3818.0 2
3820.0 1
3822.0 2
3826.0 2
3830.0 1
3834.0 3
3836.0 2
3842.0 1
3844.0 1
3850.0 2
3852.0 1
3856.0 2
3858.0 3
3860.0 2
3862.0 1
3866.0 2
3874.0 1
3876.0 1
3880.0 1
3882.0 4
3884.0 3
3886.0 3
3888.0 1
3890.0 1
3894.0 2
3896.0 2
3898.0 1
3902.0 2
3908.0 1
3912.0 1
3914.0 2
3916.0 1
3918.0 1
3920.0 2
3922.0 1
3924.0 1
3928.0 1
3930.0 2
3932.0 2
3936.0 1
3940.0 1
3942.0 1
3944.0 1
3946.0 1
3948.0 1
3950.0 2
3954.0 1
3962.0 1
3964.0 1
3970.0 1
3972.0 1
3978.0 1
3980.0 1
3984.0 1
3986.0 3
3988.0 1
3990.0 4
3992.0 1
3996.0 1
3998.0 2
4002.0 1
4004.0 3
4008.0 2
4014.0 1
4016.0 1
4020.0 1
4022.0 1
4024.0 2
4028.0 2
4030.0 5
4036.0 1
4038.0 3
4042.0 1
4044.0 1
4050.0 1
4052.0 1
4054.0 1
4058.0 2
4060.0 1
4062.0 2
4066.0 1
4068.0 1
4070.0 4
4072.0 1
4078.0 4
4082.0 3
4088.0 2
4092.0 1
4094.0 4
4096.0 2
4098.0 1
4100.0 1
4108.0 1
4110.0 1
4112.0 1
4114.0 1
4118.0 2
4126.0 1
4130.0 2
4132.0 1
4140.0 4
4142.0 3
4144.0 1
4146.0 3
4148.0 1
4150.0 1
4158.0 2
4162.0 1
4166.0 1
4168.0 1
4170.0 1
4172.0 1
4176.0 1
4178.0 1
4180.0 1
4184.0 1
4188.0 1
4190.0 1
4194.0 1
4196.0 2
4198.0 2
4200.0 2
4204.0 1
4206.0 1
4208.0 2
4210.0 1
4212.0 1
4214.0 1
4216.0 2
4218.0 1
4222.0 1
4224.0 1
4226.0 2
4228.0 2
4232.0 1
4234.0 2
4236.0 1
4240.0 2
4246.0 2
4248.0 1
4250.0 1
4254.0 1
4256.0 1
4258.0 1
4264.0 1
4266.0 2
4272.0 2
4274.0 1
4282.0 1
4284.0 1
4286.0 1
4288.0 1
4290.0 1
4292.0 1
4294.0 2
4298.0 1
4300.0 1
4302.0 4
4310.0 2
4312.0 1
4320.0 1
4322.0 2
4326.0 1
4330.0 1
4336.0 2
4338.0 2
4340.0 1
4342.0 1
4346.0 1
4348.0 2
4350.0 1
4354.0 2
4356.0 1
4360.0 1
4364.0 1
4366.0 1
4372.0 1
4374.0 1
4376.0 2
4378.0 1
4390.0 1
4396.0 3
4398.0 2
4400.0 1
4422.0 1
4424.0 1
4426.0 1
4430.0 1
4432.0 1
4434.0 2
4446.0 1
4450.0 1
4452.0 1
4454.0 1
4456.0 1
4462.0 1
4470.0 1
4474.0 1
4478.0 1
4482.0 3
4484.0 1
4488.0 1
4490.0 1
4492.0 1
4502.0 2
4508.0 1
4510.0 1
4512.0 1
4516.0 1
4520.0 1
4522.0 1
4528.0 1
4532.0 1
4534.0 1
4538.0 1
4544.0 2
4546.0 1
4550.0 1
4558.0 1
4566.0 1
4572.0 1
4580.0 3
4584.0 1
4586.0 1
4594.0 1
4598.0 1
4600.0 1
4602.0 2
4604.0 3
4606.0 2
4608.0 1
4610.0 1
4612.0 1
4614.0 1
4618.0 2
4620.0 1
4622.0 2
4624.0 2
4628.0 2
4630.0 1
4632.0 1
4638.0 2
4648.0 1
4650.0 1
4652.0 1
4660.0 1
4666.0 3
4672.0 1
4674.0 1
4676.0 1
4680.0 2
4688.0 1
4690.0 1
4694.0 1
4696.0 1
4698.0 1
4702.0 1
4704.0 1
4708.0 1
4710.0 1
4712.0 1
4714.0 1
4716.0 1
4724.0 2
4726.0 1
4730.0 2
4734.0 1
4742.0 2
4744.0 1
4752.0 1
4754.0 1
4762.0 1
4768.0 2
4772.0 1
4774.0 1
4780.0 1
4782.0 1
4784.0 1
4786.0 2
4790.0 1
4792.0 2
4796.0 2
4798.0 1
4800.0 1
4806.0 2
4810.0 2
4812.0 2
4814.0 1
4816.0 1
4820.0 2
4824.0 2
4826.0 1
4828.0 2
4840.0 2
4842.0 1
4850.0 1
4852.0 2
4858.0 1
4862.0 1
4864.0 1
4866.0 1
4870.0 1
4876.0 1
4878.0 1
4880.0 1
4884.0 1
4888.0 3
4890.0 1
4900.0 1
4906.0 1
4908.0 1
4916.0 2
4922.0 1
4924.0 2
4936.0 1
4944.0 2
4946.0 1
4948.0 1
4952.0 3
4964.0 2
4968.0 1
4972.0 1
4974.0 1
4976.0 1
4990.0 1
4998.0 1
5002.0 2
5004.0 2
5018.0 1
5022.0 1
5026.0 1
5028.0 2
5030.0 2
5032.0 1
5034.0 1
5038.0 1
5046.0 2
5052.0 2
5062.0 1
5070.0 1
5074.0 2
5082.0 1
5084.0 1
5086.0 1
5088.0 1
5092.0 1
5100.0 3
5102.0 1
5114.0 1
5122.0 1
5124.0 2
5130.0 1
5146.0 1
5148.0 1
5158.0 1
5162.0 1
5166.0 1
5168.0 2
5170.0 1
5172.0 1
5174.0 1
5178.0 2
5180.0 1
5186.0 1
5188.0 1
5190.0 2
5194.0 1
5204.0 2
5212.0 1
5214.0 1
5216.0 1
5224.0 1
5226.0 1
5228.0 1
5266.0 1
5270.0 2
5280.0 1
5282.0 1
5284.0 1
5290.0 2
5300.0 2
5304.0 2
5310.0 2
5312.0 1
5322.0 1
5340.0 1
5352.0 1
5354.0 2
5366.0 1
5368.0 2
5386.0 1
5396.0 1
5404.0 1
5408.0 1
5410.0 1
5412.0 1
5420.0 1
5422.0 1
5424.0 2
5428.0 1
5432.0 1
5434.0 1
5438.0 1
5446.0 1
5468.0 1
5470.0 2
5472.0 1
5476.0 1
5488.0 1
5498.0 1
5500.0 2
5504.0 1
5508.0 1
5514.0 1
5522.0 1
5532.0 1
5536.0 2
5546.0 1
5548.0 1
5550.0 1
5556.0 1
5564.0 1
5568.0 1
5572.0 2
5582.0 2
5588.0 1
5590.0 2
5596.0 1
5598.0 2
5610.0 1
5612.0 1
5622.0 1
5624.0 1
5642.0 1
5644.0 1
5646.0 1
5652.0 1
5662.0 1
5666.0 1
5672.0 1
5674.0 3
5676.0 1
5686.0 1
5698.0 1
5700.0 1
5702.0 1
5706.0 2
5712.0 1
5716.0 1
5722.0 1
5726.0 1
5736.0 1
5738.0 1
5742.0 1
5744.0 1
5756.0 2
5762.0 1
5768.0 1
5770.0 1
5774.0 1
5784.0 1
5806.0 2
5810.0 1
5818.0 1
5820.0 1
5828.0 1
5830.0 1
5834.0 1
5838.0 1
5846.0 2
5848.0 1
5852.0 1
5860.0 1
5876.0 1
5878.0 1
5882.0 1
5894.0 1
5896.0 1
5898.0 1
5910.0 1
5912.0 2
5922.0 1
5932.0 1
5946.0 1
5954.0 1
5956.0 1
5968.0 1
5986.0 1
5996.0 1
6000.0 2
6002.0 1
6032.0 1
6046.0 1
6050.0 1
6062.0 1
6074.0 1
6080.0 1
6098.0 1
6126.0 1
6130.0 1
6144.0 1
6150.0 1
6152.0 1
6154.0 1
6162.0 1
6178.0 1
6180.0 1
6184.0 1
6204.0 1
6208.0 1
6216.0 1
6218.0 1
6240.0 1
6244.0 1
6252.0 1
6270.0 3
6304.0 1
6318.0 1
6334.0 1
6344.0 1
6348.0 1
6356.0 1
6364.0 1
6370.0 1
6416.0 1
6418.0 1
6438.0 2
6472.0 1
6484.0 1
6492.0 1
6526.0 1
6532.0 1
6538.0 1
6544.0 1
6580.0 2
6582.0 1
6584.0 2
6588.0 1
6630.0 1
6642.0 1
6654.0 1
6656.0 1
6664.0 1
6688.0 1
6700.0 1
6714.0 1
6722.0 1
6728.0 1
6730.0 1
6742.0 1
6774.0 1
6778.0 2
6792.0 1
6794.0 2
6828.0 1
6844.0 1
6848.0 1
6858.0 1
6868.0 1
6876.0 1
6888.0 1
6900.0 1
6908.0 1
6914.0 1
6922.0 1
6936.0 1
6942.0 1
6944.0 1
6962.0 1
6988.0 1
7006.0 2
7008.0 1
7016.0 1
7046.0 2
7048.0 1
7050.0 1
7052.0 1
7060.0 1
7066.0 1
7108.0 1
7114.0 1
7116.0 1
7128.0 1
7134.0 1
7158.0 1
7162.0 1
7172.0 1
7174.0 1
7186.0 1
7194.0 1
7196.0 1
7200.0 1
7206.0 1
7208.0 1
7238.0 1
7266.0 1
7272.0 1
7278.0 1
7282.0 1
7284.0 1
7298.0 1
7304.0 1
7310.0 1
7328.0 1
7376.0 1
7380.0 1
7406.0 1
7434.0 2
7436.0 1
7438.0 1
7510.0 1
7554.0 2
7556.0 1
7572.0 1
7612.0 1
7614.0 1
7634.0 1
7646.0 1
7716.0 1
7728.0 1
7784.0 2
7792.0 1
7820.0 1
7824.0 1
7872.0 1
7904.0 1
7908.0 1
7916.0 1
7940.0 1
7964.0 1
7970.0 1
7992.0 1
8026.0 1
8028.0 1
8052.0 1
8058.0 1
8106.0 1
8114.0 1
8160.0 1
8162.0 1
8180.0 1
8224.0 1
8270.0 1
8362.0 1
8378.0 1
8390.0 2
8394.0 1
8432.0 1
8436.0 1
8496.0 1
8500.0 1
8576.0 1
8584.0 1
8586.0 2
8750.0 1
8782.0 1
8820.0 1
8826.0 1
8834.0 1
8852.0 1
8872.0 1
8904.0 1
9010.0 1
9026.0 1
9050.0 1
9170.0 1
9194.0 1
9218.0 1
9240.0 1
9244.0 1
9314.0 1
9328.0 1
9340.0 1
9422.0 1
9426.0 1
9468.0 1
9500.0 1
9512.0 1
9526.0 1
9602.0 1
9672.0 1
9704.0 1
9780.0 1
9824.0 1
9862.0 1
9882.0 1
9962.0 1
10136.0 1
10218.0 1
10230.0 1
10264.0 1
10370.0 1
10480.0 1
10702.0 1
10724.0 1
10812.0 1
10880.0 1
10892.0 1
10938.0 1
10980.0 1
11244.0 1
11476.0 1
11606.0 1
11698.0 1
11762.0 1
11988.0 1
12008.0 1
12160.0 1
12762.0 1
12798.0 1
12890.0 1
13132.0 1
13902.0 1
13956.0 1
14026.0 1
14350.0 1
14460.0 1
15412.0 1
15736.0 1
16764.0 1
