1.0 36526
2.0 33192
3.0 29072
4.0 25644
5.0 24447
6.0 22699
7.0 20971
8.0 19351
9.0 18591
10.0 17086
11.0 16040
12.0 15344
13.0 14217
14.0 13504
15.0 12727
16.0 12515
17.0 12229
18.0 12151
19.0 11724
20.0 11128
21.0 10650
22.0 10191
23.0 9757
24.0 9122
25.0 8647
26.0 8130
27.0 7644
28.0 6937
29.0 6529
30.0 6309
31.0 5994
32.0 5588
33.0 5218
34.0 4935
35.0 4660
36.0 4486
37.0 4166
38.0 3880
39.0 3911
40.0 3496
41.0 3385
42.0 3170
43.0 3173
44.0 2872
45.0 2742
46.0 2669
47.0 2480
48.0 2376
49.0 2308
50.0 2202
51.0 2019
52.0 2043
53.0 1889
54.0 1813
55.0 1758
56.0 1741
57.0 1609
58.0 1533
59.0 1449
60.0 1338
61.0 1359
62.0 1276
63.0 1236
64.0 1283
65.0 1216
66.0 1114
67.0 1072
68.0 1034
69.0 969
70.0 968
71.0 949
72.0 918
73.0 1016
74.0 838
75.0 839
76.0 765
77.0 780
78.0 799
79.0 729
80.0 715
81.0 669
82.0 685
83.0 674
84.0 633
85.0 609
86.0 559
87.0 556
88.0 583
89.0 543
90.0 485
91.0 506
92.0 497
93.0 476
94.0 446
95.0 428
96.0 424
97.0 529
98.0 418
99.0 422
100.0 509
101.0 430
102.0 352
103.0 427
104.0 379
105.0 416
106.0 414
107.0 398
108.0 348
109.0 353
110.0 354
111.0 298
112.0 317
113.0 284
114.0 290
115.0 281
116.0 290
117.0 269
118.0 233
119.0 290
120.0 275
121.0 249
122.0 272
123.0 270
124.0 252
125.0 260
126.0 204
127.0 313
128.0 249
129.0 304
130.0 261
131.0 221
132.0 237
133.0 208
134.0 201
135.0 218
136.0 189
137.0 194
138.0 209
139.0 168
140.0 182
141.0 194
142.0 171
143.0 168
144.0 186
145.0 179
146.0 175
147.0 195
148.0 151
149.0 160
150.0 181
151.0 164
152.0 151
153.0 149
154.0 166
155.0 128
156.0 132
157.0 156
158.0 133
159.0 180
160.0 128
161.0 140
162.0 132
163.0 233
164.0 137
165.0 138
166.0 147
167.0 153
168.0 114
169.0 133
170.0 141
171.0 117
172.0 125
173.0 124
174.0 127
175.0 116
176.0 117
177.0 103
178.0 95
179.0 97
180.0 106
181.0 107
182.0 108
183.0 103
184.0 92
185.0 104
186.0 85
187.0 85
188.0 104
189.0 88
190.0 109
191.0 120
192.0 98
193.0 97
194.0 77
195.0 108
196.0 93
197.0 73
198.0 88
199.0 92
200.0 78
201.0 101
202.0 89
203.0 67
204.0 93
205.0 84
206.0 74
207.0 79
208.0 83
209.0 67
210.0 84
211.0 60
212.0 70
213.0 61
214.0 64
215.0 73
216.0 71
217.0 60
218.0 55
219.0 69
220.0 68
221.0 68
222.0 59
223.0 69
224.0 72
225.0 86
226.0 57
227.0 78
228.0 70
229.0 60
230.0 65
231.0 71
232.0 52
233.0 72
234.0 60
235.0 36
236.0 59
237.0 53
238.0 64
239.0 49
240.0 62
241.0 59
242.0 62
243.0 65
244.0 66
245.0 62
246.0 57
247.0 62
248.0 46
249.0 56
250.0 60
251.0 56
252.0 53
253.0 43
254.0 52
255.0 49
256.0 47
257.0 42
258.0 58
259.0 49
260.0 53
261.0 61
262.0 50
263.0 40
264.0 53
265.0 60
266.0 42
267.0 47
268.0 49
269.0 53
270.0 53
271.0 54
272.0 50
273.0 44
274.0 47
275.0 40
276.0 45
277.0 33
278.0 48
279.0 57
280.0 44
281.0 39
282.0 49
283.0 34
284.0 43
285.0 47
286.0 49
287.0 37
288.0 45
289.0 37
290.0 48
291.0 40
292.0 34
293.0 32
294.0 37
295.0 36
296.0 35
297.0 46
298.0 29
299.0 36
300.0 26
301.0 35
302.0 47
303.0 30
304.0 36
305.0 31
306.0 40
307.0 26
308.0 27
309.0 43
310.0 34
311.0 37
312.0 31
313.0 34
314.0 37
315.0 42
316.0 34
317.0 35
318.0 32
319.0 33
320.0 28
321.0 33
322.0 40
323.0 37
324.0 35
325.0 40
326.0 28
327.0 24
328.0 38
329.0 25
330.0 23
331.0 41
332.0 28
333.0 25
334.0 32
335.0 39
336.0 23
337.0 28
338.0 29
339.0 35
340.0 26
341.0 22
342.0 20
343.0 34
344.0 22
345.0 25
346.0 28
347.0 31
348.0 26
349.0 24
350.0 34
351.0 38
352.0 31
353.0 29
354.0 26
355.0 28
356.0 28
357.0 25
358.0 18
359.0 30
360.0 21
361.0 23
362.0 24
363.0 24
364.0 29
365.0 20
366.0 26
367.0 23
368.0 29
369.0 23
370.0 24
371.0 32
372.0 19
373.0 32
374.0 26
375.0 28
376.0 24
377.0 20
378.0 25
379.0 18
380.0 24
381.0 17
382.0 27
383.0 36
384.0 36
385.0 22
386.0 33
387.0 24
388.0 26
389.0 31
390.0 29
391.0 30
392.0 29
393.0 23
394.0 32
395.0 19
396.0 21
397.0 32
398.0 26
399.0 32
400.0 30
401.0 27
402.0 22
403.0 29
404.0 13
405.0 25
406.0 14
407.0 18
408.0 27
409.0 23
410.0 22
411.0 19
412.0 24
413.0 27
414.0 12
415.0 21
416.0 20
417.0 19
418.0 17
419.0 18
420.0 12
421.0 22
422.0 22
423.0 30
424.0 20
425.0 18
426.0 22
427.0 25
428.0 27
429.0 20
430.0 20
431.0 25
432.0 22
433.0 23
434.0 20
435.0 25
436.0 17
437.0 24
438.0 18
439.0 19
440.0 24
441.0 23
442.0 19
443.0 22
444.0 19
445.0 20
446.0 16
447.0 29
448.0 24
449.0 14
450.0 15
451.0 26
452.0 18
453.0 14
454.0 20
455.0 15
456.0 23
457.0 15
458.0 10
459.0 13
460.0 20
461.0 18
462.0 22
463.0 15
464.0 19
465.0 15
466.0 11
467.0 19
468.0 12
469.0 13
470.0 49
471.0 51
472.0 25
473.0 22
474.0 28
475.0 28
476.0 23
477.0 34
478.0 13
479.0 15
480.0 15
481.0 16
482.0 13
483.0 16
484.0 13
485.0 24
486.0 24
487.0 16
488.0 22
489.0 17
490.0 19
491.0 13
492.0 26
493.0 22
494.0 15
495.0 28
496.0 15
497.0 21
498.0 19
499.0 16
500.0 23
501.0 16
502.0 15
503.0 14
504.0 21
505.0 12
506.0 125
507.0 369
508.0 16
509.0 19
510.0 8
511.0 10
512.0 9
513.0 21
514.0 15
515.0 12
516.0 17
517.0 31
518.0 14
519.0 14
520.0 23
521.0 23
522.0 10
523.0 21
524.0 22
525.0 14
526.0 32
527.0 26
528.0 26
529.0 28
530.0 15
531.0 13
532.0 15
533.0 12
534.0 18
535.0 22
536.0 13
537.0 10
538.0 19
539.0 9
540.0 11
541.0 18
542.0 16
543.0 19
544.0 16
545.0 14
546.0 15
547.0 18
548.0 28
549.0 22
550.0 24
551.0 25
552.0 10
553.0 17
554.0 14
555.0 13
556.0 13
557.0 21
558.0 12
559.0 11
560.0 14
561.0 12
562.0 19
563.0 16
564.0 23
565.0 12
566.0 9
567.0 6
568.0 8
569.0 11
570.0 17
571.0 22
572.0 18
573.0 17
574.0 16
575.0 21
576.0 21
577.0 12
578.0 17
579.0 37
580.0 18
581.0 26
582.0 31
583.0 14
584.0 19
585.0 28
586.0 21
587.0 14
588.0 29
589.0 21
590.0 18
591.0 15
592.0 23
593.0 18
594.0 22
595.0 13
596.0 13
597.0 7
598.0 7
599.0 11
600.0 14
601.0 11
602.0 19
603.0 20
604.0 9
605.0 14
606.0 8
607.0 8
608.0 12
609.0 10
610.0 9
611.0 8
612.0 14
613.0 13
614.0 8
615.0 6
616.0 9
617.0 10
618.0 16
619.0 6
620.0 11
621.0 4
622.0 10
623.0 13
624.0 8
625.0 16
626.0 9
627.0 7
628.0 9
629.0 10
630.0 5
631.0 5
632.0 9
633.0 11
634.0 8
635.0 7
636.0 9
637.0 6
638.0 15
639.0 11
640.0 11
641.0 6
642.0 10
643.0 14
644.0 9
645.0 9
646.0 14
647.0 6
648.0 5
649.0 9
650.0 7
651.0 5
652.0 10
653.0 7
654.0 11
655.0 14
656.0 7
657.0 9
658.0 7
659.0 8
660.0 8
661.0 10
662.0 10
663.0 8
664.0 8
665.0 6
666.0 12
667.0 13
668.0 7
669.0 10
670.0 6
671.0 8
672.0 7
673.0 8
674.0 5
675.0 8
676.0 8
677.0 10
678.0 12
679.0 7
680.0 8
681.0 6
682.0 13
683.0 8
684.0 6
685.0 8
686.0 9
687.0 14
688.0 5
689.0 8
690.0 9
691.0 8
692.0 11
693.0 3
694.0 14
695.0 13
696.0 11
697.0 5
698.0 9
699.0 7
700.0 8
701.0 8
702.0 6
703.0 12
704.0 8
705.0 12
706.0 11
707.0 8
708.0 10
709.0 12
710.0 12
711.0 5
712.0 15
713.0 10
714.0 17
715.0 8
716.0 14
717.0 17
718.0 12
719.0 11
720.0 11
721.0 7
722.0 4
723.0 15
724.0 13
725.0 11
726.0 18
727.0 9
728.0 11
729.0 6
730.0 13
731.0 3
732.0 4
733.0 12
734.0 9
735.0 11
736.0 12
737.0 3
738.0 13
739.0 16
740.0 8
741.0 6
742.0 10
743.0 14
744.0 11
745.0 5
746.0 12
747.0 6
748.0 9
749.0 7
750.0 8
751.0 11
752.0 10
753.0 4
754.0 7
755.0 12
756.0 5
757.0 4
758.0 7
759.0 9
760.0 8
761.0 5
762.0 8
763.0 8
764.0 4
765.0 8
766.0 11
767.0 4
768.0 4
769.0 7
770.0 2
771.0 7
772.0 7
773.0 5
774.0 7
775.0 7
776.0 6
777.0 4
778.0 14
779.0 7
780.0 6
781.0 7
782.0 5
783.0 9
784.0 10
785.0 6
786.0 8
787.0 7
788.0 7
789.0 5
790.0 8
791.0 9
792.0 4
793.0 8
794.0 5
795.0 9
796.0 4
797.0 6
798.0 7
799.0 7
800.0 5
801.0 7
802.0 5
803.0 8
804.0 8
805.0 8
806.0 7
807.0 8
808.0 4
809.0 5
810.0 6
811.0 5
812.0 5
813.0 3
814.0 12
815.0 9
816.0 5
817.0 9
818.0 3
819.0 6
820.0 9
821.0 6
822.0 8
823.0 13
824.0 7
825.0 4
826.0 8
827.0 2
828.0 15
829.0 7
830.0 6
831.0 7
832.0 7
833.0 7
834.0 5
835.0 4
836.0 3
837.0 8
838.0 7
839.0 7
840.0 6
841.0 5
842.0 7
843.0 4
844.0 3
845.0 11
846.0 5
847.0 4
848.0 8
849.0 5
850.0 5
851.0 5
852.0 6
853.0 3
854.0 7
855.0 9
856.0 3
857.0 9
858.0 5
859.0 5
860.0 8
861.0 3
862.0 1
863.0 6
864.0 9
865.0 7
866.0 8
867.0 8
868.0 5
869.0 1
870.0 4
871.0 4
872.0 2
873.0 7
874.0 9
875.0 6
876.0 3
877.0 4
878.0 5
879.0 7
880.0 6
881.0 8
882.0 6
883.0 6
884.0 7
885.0 10
886.0 7
887.0 7
888.0 4
889.0 6
890.0 5
891.0 3
892.0 3
893.0 5
894.0 9
895.0 5
896.0 5
897.0 10
898.0 5
899.0 9
900.0 5
901.0 5
902.0 5
903.0 11
904.0 10
905.0 7
906.0 3
907.0 2
908.0 6
909.0 9
910.0 5
911.0 6
912.0 4
913.0 6
914.0 4
915.0 4
916.0 8
917.0 6
918.0 6
919.0 5
920.0 6
921.0 2
922.0 5
923.0 6
924.0 1
925.0 4
926.0 5
927.0 9
928.0 7
929.0 8
930.0 8
931.0 3
932.0 5
933.0 5
934.0 3
935.0 9
936.0 3
937.0 10
938.0 4
939.0 5
940.0 9
941.0 4
942.0 8
943.0 9
944.0 4
945.0 5
946.0 3
947.0 7
948.0 7
949.0 5
950.0 7
951.0 2
952.0 2
953.0 1
954.0 3
955.0 2
956.0 4
957.0 4
958.0 6
959.0 4
960.0 5
961.0 12
962.0 5
963.0 9
964.0 9
965.0 7
966.0 5
967.0 7
968.0 5
969.0 6
970.0 6
971.0 5
972.0 2
973.0 5
974.0 3
975.0 11
976.0 3
977.0 4
978.0 3
979.0 5
980.0 4
981.0 2
982.0 3
983.0 3
984.0 3
985.0 4
986.0 4
987.0 2
988.0 2
989.0 6
990.0 2
991.0 4
992.0 8
993.0 7
994.0 4
995.0 3
996.0 5
997.0 3
998.0 3
999.0 3
1000.0 4
1001.0 4
1002.0 4
1003.0 2
1004.0 6
1005.0 2
1006.0 6
1007.0 2
1008.0 6
1009.0 4
1010.0 4
1011.0 4
1012.0 1
1014.0 4
1015.0 4
1016.0 6
1017.0 8
1018.0 7
1019.0 5
1020.0 7
1021.0 2
1022.0 3
1023.0 5
1024.0 3
1025.0 5
1026.0 7
1027.0 6
1028.0 4
1029.0 4
1030.0 4
1031.0 7
1032.0 8
1033.0 2
1034.0 7
1035.0 9
1036.0 4
1037.0 3
1038.0 2
1039.0 4
1040.0 1
1041.0 1
1042.0 6
1043.0 5
1044.0 3
1045.0 1
1046.0 1
1047.0 3
1048.0 5
1049.0 2
1050.0 5
1051.0 4
1052.0 3
1053.0 4
1054.0 3
1055.0 7
1056.0 3
1057.0 3
1059.0 1
1060.0 4
1061.0 4
1062.0 5
1063.0 6
1064.0 5
1065.0 3
1066.0 8
1067.0 5
1068.0 5
1069.0 6
1070.0 2
1071.0 2
1072.0 5
1073.0 5
1074.0 1
1075.0 6
1076.0 4
1077.0 5
1078.0 4
1079.0 1
1080.0 5
1081.0 3
1082.0 4
1083.0 2
1084.0 8
1085.0 8
1086.0 4
1087.0 2
1088.0 5
1089.0 3
1090.0 2
1091.0 3
1092.0 4
1093.0 2
1094.0 1
1095.0 6
1096.0 5
1097.0 3
1098.0 1
1099.0 4
1100.0 3
1101.0 3
1102.0 2
1103.0 3
1104.0 5
1105.0 1
1106.0 1
1107.0 2
1108.0 2
1109.0 3
1110.0 4
1111.0 6
1112.0 6
1113.0 4
1114.0 4
1115.0 3
1116.0 2
1117.0 2
1118.0 1
1119.0 4
1120.0 4
1121.0 3
1122.0 1
1123.0 5
1124.0 4
1125.0 4
1126.0 3
1127.0 3
1128.0 5
1129.0 2
1130.0 5
1131.0 3
1132.0 4
1133.0 2
1134.0 1
1135.0 2
1136.0 6
1137.0 3
1138.0 6
1139.0 1
1140.0 2
1141.0 1
1142.0 8
1143.0 3
1144.0 7
1145.0 1
1146.0 1
1147.0 6
1148.0 2
1149.0 2
1150.0 2
1151.0 5
1152.0 5
1153.0 7
1154.0 5
1155.0 2
1156.0 4
1157.0 3
1158.0 3
1159.0 3
1160.0 7
1161.0 3
1162.0 177
1163.0 36
1164.0 68
1165.0 30
1166.0 13
1167.0 25
1168.0 20
1169.0 12
1170.0 27
1171.0 8
1172.0 23
1173.0 12
1174.0 17
1175.0 11
1176.0 24
1177.0 12
1178.0 56
1179.0 11
1180.0 12
1181.0 30
1182.0 3
1183.0 3
1184.0 12
1185.0 4
1186.0 7
1187.0 9
1188.0 19
1189.0 6
1190.0 1
1191.0 4
1192.0 2
1193.0 4
1194.0 4
1195.0 3
1196.0 4
1197.0 4
1198.0 5
1199.0 2
1200.0 3
1201.0 4
1202.0 4
1203.0 1
1204.0 5
1205.0 5
1206.0 5
1207.0 1
1208.0 4
1209.0 8
1210.0 7
1211.0 3
1212.0 1
1213.0 6
1214.0 3
1215.0 6
1216.0 7
1217.0 4
1218.0 8
1219.0 1
1220.0 1
1221.0 3
1222.0 9
1223.0 10
1224.0 4
1225.0 4
1226.0 5
1227.0 6
1228.0 8
1229.0 4
1230.0 11
1231.0 6
1232.0 3
1233.0 5
1234.0 4
1235.0 2
1236.0 6
1237.0 2
1238.0 3
1239.0 3
1240.0 5
1241.0 3
1242.0 4
1243.0 5
1244.0 1
1245.0 3
1246.0 2
1247.0 4
1248.0 6
1249.0 2
1250.0 4
1251.0 1
1252.0 4
1253.0 4
1254.0 4
1255.0 5
1256.0 16
1257.0 18
1258.0 10
1259.0 20
1260.0 9
1261.0 14
1262.0 16
1263.0 7
1264.0 11
1265.0 7
1266.0 1
1267.0 6
1268.0 13
1269.0 13
1270.0 9
1271.0 7
1272.0 5
1273.0 5
1274.0 7
1275.0 11
1276.0 6
1277.0 9
1278.0 11
1279.0 12
1280.0 11
1281.0 11
1282.0 19
1283.0 12
1284.0 5
1285.0 6
1286.0 3
1287.0 1
1288.0 8
1289.0 4
1290.0 5
1292.0 2
1293.0 6
1294.0 8
1295.0 2
1296.0 5
1297.0 14
1298.0 6
1299.0 3
1300.0 2
1301.0 3
1302.0 2
1303.0 4
1304.0 4
1305.0 3
1306.0 8
1307.0 3
1308.0 5
1309.0 1
1310.0 7
1311.0 2
1312.0 3
1313.0 5
1314.0 3
1315.0 2
1316.0 7
1317.0 5
1318.0 4
1319.0 3
1320.0 4
1322.0 4
1323.0 2
1324.0 7
1325.0 7
1326.0 13
1327.0 19
1328.0 15
1329.0 13
1330.0 17
1331.0 15
1332.0 11
1333.0 7
1334.0 17
1335.0 13
1336.0 7
1337.0 8
1338.0 13
1339.0 12
1340.0 8
1341.0 7
1342.0 10
1343.0 2
1344.0 8
1345.0 10
1346.0 4
1347.0 6
1348.0 9
1349.0 5
1350.0 6
1351.0 5
1352.0 5
1353.0 3
1354.0 9
1355.0 2
1356.0 5
1357.0 5
1358.0 5
1359.0 4
1360.0 4
1361.0 2
1362.0 3
1363.0 3
1364.0 3
1365.0 2
1366.0 3
1367.0 2
1368.0 1
1369.0 2
1370.0 4
1371.0 3
1372.0 1
1373.0 3
1374.0 3
1375.0 1
1376.0 2
1377.0 4
1378.0 3
1379.0 2
1380.0 1
1381.0 2
1382.0 5
1383.0 6
1384.0 3
1385.0 3
1386.0 2
1387.0 6
1388.0 2
1389.0 2
1390.0 1
1391.0 4
1392.0 4
1393.0 2
1394.0 3
1395.0 4
1396.0 8
1397.0 2
1398.0 3
1399.0 3
1401.0 2
1402.0 3
1403.0 5
1404.0 5
1405.0 3
1406.0 4
1407.0 2
1408.0 2
1410.0 2
1411.0 1
1413.0 3
1415.0 4
1416.0 3
1417.0 2
1418.0 3
1419.0 1
1420.0 2
1421.0 1
1423.0 3
1424.0 4
1425.0 1
1426.0 2
1427.0 1
1428.0 2
1429.0 1
1430.0 1
1431.0 1
1433.0 2
1434.0 2
1437.0 3
1438.0 1
1439.0 1
1440.0 2
1441.0 2
1443.0 3
1444.0 1
1445.0 4
1446.0 1
1447.0 2
1448.0 4
1449.0 2
1450.0 3
1451.0 1
1452.0 3
1453.0 3
1454.0 2
1455.0 1
1457.0 1
1458.0 3
1459.0 2
1460.0 3
1461.0 2
1462.0 2
1463.0 2
1464.0 4
1465.0 1
1466.0 2
1467.0 1
1468.0 2
1470.0 2
1471.0 3
1472.0 4
1474.0 2
1476.0 1
1477.0 1
1478.0 1
1479.0 2
1480.0 1
1481.0 2
1483.0 1
1484.0 3
1485.0 2
1486.0 2
1487.0 2
1488.0 3
1489.0 1
1490.0 2
1491.0 5
1493.0 4
1494.0 3
1495.0 5
1496.0 3
1497.0 3
1498.0 7
1499.0 3
1501.0 3
1502.0 1
1503.0 3
1504.0 2
1505.0 2
1506.0 3
1507.0 4
1508.0 4
1509.0 1
1510.0 5
1511.0 1
1512.0 6
1513.0 1
1514.0 2
1516.0 4
1517.0 5
1518.0 2
1519.0 1
1520.0 2
1521.0 4
1522.0 3
1523.0 3
1524.0 2
1525.0 2
1526.0 2
1527.0 2
1528.0 5
1529.0 1
1530.0 1
1531.0 2
1532.0 3
1533.0 1
1534.0 2
1536.0 3
1537.0 1
1538.0 3
1540.0 3
1541.0 4
1542.0 1
1543.0 3
1544.0 1
1546.0 1
1547.0 1
1548.0 2
1550.0 1
1551.0 2
1552.0 3
1553.0 2
1554.0 1
1555.0 2
1556.0 1
1557.0 1
1561.0 3
1562.0 5
1563.0 1
1565.0 2
1566.0 2
1568.0 4
1569.0 3
1570.0 1
1571.0 1
1572.0 1
1573.0 2
1574.0 1
1575.0 2
1577.0 4
1578.0 1
1579.0 1
1580.0 3
1581.0 2
1583.0 1
1585.0 2
1586.0 1
1588.0 1
1589.0 3
1590.0 1
1592.0 6
1594.0 2
1595.0 2
1596.0 3
1597.0 3
1600.0 2
1602.0 1
1605.0 3
1606.0 1
1609.0 4
1610.0 2
1612.0 1
1613.0 3
1614.0 3
1615.0 3
1616.0 1
1617.0 3
1620.0 6
1622.0 1
1623.0 2
1625.0 1
1626.0 1
1627.0 2
1628.0 1
1629.0 1
1630.0 2
1631.0 1
1632.0 2
1633.0 1
1634.0 1
1635.0 1
1636.0 2
1637.0 1
1638.0 2
1640.0 2
1643.0 1
1644.0 1
1646.0 1
1647.0 3
1648.0 1
1649.0 1
1651.0 1
1652.0 2
1655.0 4
1658.0 2
1661.0 1
1662.0 1
1664.0 4
1665.0 2
1666.0 3
1667.0 2
1668.0 1
1669.0 1
1670.0 1
1671.0 1
1672.0 1
1673.0 2
1674.0 2
1677.0 2
1678.0 3
1679.0 1
1680.0 1
1681.0 1
1682.0 1
1684.0 3
1686.0 4
1687.0 2
1688.0 2
1690.0 1
1692.0 3
1693.0 3
1697.0 1
1698.0 2
1700.0 4
1701.0 2
1703.0 1
1704.0 2
1706.0 1
1708.0 1
1709.0 1
1711.0 2
1713.0 1
1714.0 2
1715.0 1
1716.0 3
1717.0 2
1719.0 1
1721.0 1
1722.0 1
1723.0 4
1725.0 1
1729.0 1
1730.0 1
1733.0 1
1734.0 1
1735.0 2
1736.0 1
1737.0 2
1738.0 3
1741.0 4
1742.0 4
1744.0 2
1745.0 3
1746.0 1
1747.0 2
1748.0 4
1749.0 1
1750.0 2
1751.0 2
1753.0 3
1754.0 1
1755.0 1
1757.0 1
1762.0 1
1764.0 1
1765.0 2
1766.0 1
1767.0 2
1768.0 1
1770.0 2
1771.0 2
1772.0 1
1773.0 1
1774.0 2
1775.0 3
1776.0 3
1777.0 1
1779.0 2
1780.0 2
1781.0 1
1782.0 4
1783.0 1
1784.0 3
1785.0 2
1786.0 5
1788.0 1
1789.0 2
1790.0 1
1791.0 3
1792.0 5
1793.0 1
1794.0 2
1795.0 1
1797.0 4
1798.0 3
1799.0 1
1800.0 4
1801.0 1
1802.0 1
1803.0 1
1804.0 2
1805.0 1
1806.0 3
1807.0 1
1808.0 3
1812.0 2
1813.0 1
1814.0 4
1815.0 3
1816.0 2
1817.0 1
1818.0 1
1819.0 3
1822.0 1
1823.0 1
1824.0 1
1826.0 2
1828.0 4
1831.0 3
1832.0 2
1833.0 1
1835.0 1
1836.0 2
1837.0 1
1838.0 1
1839.0 2
1840.0 1
1841.0 2
1842.0 1
1843.0 1
1844.0 1
1845.0 1
1847.0 1
1848.0 2
1850.0 1
1851.0 2
1852.0 1
1853.0 2
1854.0 1
1855.0 1
1862.0 2
1863.0 1
1867.0 1
1868.0 1
1872.0 2
1873.0 2
1874.0 1
1876.0 1
1877.0 1
1879.0 1
1880.0 1
1881.0 1
1883.0 1
1884.0 1
1885.0 3
1887.0 1
1889.0 2
1890.0 1
1891.0 1
1896.0 1
1899.0 1
1900.0 1
1901.0 1
1905.0 1
1907.0 1
1908.0 1
1909.0 1
1913.0 1
1914.0 2
1915.0 1
1918.0 2
1920.0 1
1922.0 2
1924.0 1
1925.0 1
1927.0 2
1930.0 1
1931.0 1
1932.0 3
1933.0 1
1934.0 1
1935.0 1
1936.0 3
1937.0 1
1940.0 1
1941.0 2
1943.0 1
1944.0 3
1946.0 1
1947.0 1
1948.0 1
1949.0 2
1952.0 1
1954.0 2
1956.0 2
1961.0 3
1962.0 1
1963.0 1
1964.0 2
1966.0 1
1967.0 2
1969.0 1
1971.0 1
1972.0 2
1973.0 1
1974.0 2
1975.0 1
1978.0 2
1979.0 1
1986.0 2
1987.0 2
1989.0 2
1991.0 1
1992.0 1
1994.0 2
1995.0 1
1996.0 1
1997.0 1
1998.0 1
2003.0 2
2007.0 1
2009.0 1
2011.0 1
2012.0 1
2013.0 1
2014.0 2
2017.0 3
2018.0 1
2020.0 2
2021.0 2
2023.0 1
2024.0 1
2025.0 4
2027.0 1
2029.0 2
2030.0 2
2031.0 2
2032.0 1
2033.0 1
2036.0 1
2037.0 1
2040.0 2
2042.0 2
2043.0 3
2044.0 2
2047.0 2
2048.0 1
2051.0 1
2052.0 2
2053.0 1
2055.0 3
2058.0 1
2060.0 1
2061.0 2
2062.0 2
2063.0 1
2065.0 1
2066.0 2
2068.0 3
2071.0 1
2073.0 4
2075.0 1
2079.0 1
2080.0 1
2084.0 1
2086.0 1
2087.0 2
2089.0 1
2091.0 1
2092.0 1
2094.0 1
2095.0 1
2098.0 1
2099.0 2
2100.0 2
2101.0 1
2102.0 1
2103.0 2
2105.0 1
2107.0 1
2110.0 1
2111.0 1
2112.0 2
2118.0 1
2119.0 1
2123.0 1
2125.0 1
2133.0 1
2136.0 1
2138.0 1
2140.0 4
2141.0 2
2142.0 2
2143.0 3
2144.0 1
2146.0 2
2147.0 1
2149.0 1
2151.0 1
2152.0 2
2153.0 2
2155.0 2
2156.0 1
2158.0 1
2159.0 1
2160.0 2
2161.0 2
2162.0 1
2163.0 1
2164.0 1
2165.0 2
2166.0 1
2172.0 1
2174.0 4
2177.0 1
2179.0 1
2183.0 1
2189.0 1
2190.0 1
2193.0 2
2194.0 1
2196.0 1
2197.0 1
2198.0 2
2199.0 1
2200.0 1
2201.0 1
2205.0 2
2209.0 1
2210.0 2
2214.0 1
2215.0 1
2216.0 1
2219.0 1
2220.0 2
2221.0 2
2223.0 1
2225.0 1
2226.0 2
2228.0 1
2229.0 1
2231.0 1
2234.0 3
2235.0 2
2236.0 1
2237.0 2
2238.0 2
2239.0 1
2241.0 1
2244.0 1
2245.0 2
2247.0 1
2248.0 1
2251.0 2
2252.0 1
2254.0 1
2256.0 3
2258.0 1
2259.0 2
2261.0 2
2263.0 1
2265.0 1
2266.0 2
2268.0 1
2269.0 1
2272.0 1
2275.0 2
2277.0 1
2280.0 1
2281.0 1
2282.0 1
2286.0 2
2288.0 2
2289.0 1
2291.0 1
2292.0 2
2294.0 1
2296.0 3
2298.0 1
2299.0 1
2300.0 2
2301.0 1
2302.0 2
2305.0 1
2309.0 2
2314.0 1
2315.0 2
2317.0 1
2319.0 1
2321.0 1
2324.0 1
2327.0 1
2330.0 2
2334.0 1
2335.0 2
2340.0 2
2345.0 1
2350.0 1
2354.0 2
2355.0 1
2360.0 2
2361.0 1
2362.0 1
2364.0 1
2365.0 3
2366.0 1
2370.0 3
2372.0 1
2373.0 1
2374.0 1
2376.0 3
2377.0 2
2378.0 1
2381.0 1
2383.0 1
2384.0 2
2386.0 2
2387.0 1
2389.0 1
2390.0 2
2391.0 2
2394.0 1
2395.0 1
2396.0 1
2397.0 2
2398.0 2
2399.0 2
2400.0 2
2401.0 2
2405.0 1
2408.0 1
2409.0 2
2412.0 1
2413.0 1
2419.0 1
2420.0 1
2422.0 1
2426.0 1
2429.0 2
2430.0 1
2432.0 2
2433.0 1
2438.0 1
2439.0 1
2444.0 1
2447.0 2
2448.0 1
2450.0 1
2451.0 1
2452.0 3
2455.0 1
2456.0 1
2458.0 1
2459.0 2
2462.0 1
2464.0 1
2465.0 1
2467.0 1
2468.0 2
2470.0 2
2471.0 1
2472.0 1
2474.0 1
2476.0 1
2477.0 2
2481.0 1
2482.0 2
2484.0 2
2487.0 2
2488.0 1
2494.0 1
2497.0 1
2507.0 1
2509.0 1
2510.0 2
2520.0 2
2522.0 1
2532.0 1
2533.0 1
2536.0 2
2537.0 1
2540.0 1
2541.0 1
2543.0 1
2544.0 1
2547.0 1
2551.0 1
2552.0 1
2557.0 1
2558.0 1
2561.0 1
2564.0 1
2568.0 1
2569.0 1
2570.0 2
2572.0 2
2573.0 1
2574.0 1
2577.0 1
2580.0 1
2583.0 1
2584.0 1
2590.0 1
2594.0 1
2614.0 1
2617.0 1
2619.0 1
2620.0 1
2622.0 2
2624.0 1
2625.0 1
2626.0 2
2627.0 1
2628.0 1
2629.0 2
2630.0 1
2631.0 1
2632.0 1
2635.0 1
2640.0 1
2642.0 1
2645.0 1
2648.0 1
2650.0 2
2651.0 1
2653.0 2
2655.0 3
2656.0 2
2657.0 1
2659.0 1
2660.0 1
2667.0 1
2670.0 1
2672.0 1
2674.0 1
2675.0 1
2676.0 1
2678.0 2
2681.0 1
2684.0 2
2687.0 2
2690.0 1
2692.0 1
2695.0 1
2696.0 1
2701.0 1
2702.0 1
2703.0 1
2704.0 1
2705.0 1
2706.0 2
2707.0 1
2708.0 1
2716.0 2
2717.0 1
2718.0 1
2719.0 1
2722.0 2
2724.0 1
2727.0 1
2732.0 1
2734.0 1
2737.0 1
2740.0 1
2745.0 2
2746.0 1
2747.0 1
2748.0 3
2750.0 2
2755.0 1
2758.0 1
2760.0 1
2761.0 1
2762.0 2
2764.0 1
2765.0 1
2766.0 1
2767.0 1
2769.0 1
2770.0 1
2774.0 1
2775.0 1
2776.0 2
2777.0 1
2779.0 2
2780.0 1
2787.0 1
2788.0 2
2789.0 1
2790.0 1
2792.0 1
2795.0 1
2799.0 2
2804.0 2
2805.0 2
2809.0 1
2811.0 1
2815.0 1
2818.0 1
2819.0 1
2824.0 1
2826.0 1
2828.0 1
2829.0 2
2835.0 1
2836.0 1
2838.0 2
2839.0 1
2841.0 1
2842.0 1
2843.0 1
2844.0 2
2845.0 1
2848.0 1
2851.0 1
2853.0 1
2855.0 3
2858.0 1
2859.0 1
2861.0 1
2864.0 2
2868.0 1
2869.0 1
2870.0 1
2871.0 1
2872.0 2
2875.0 1
2877.0 3
2880.0 1
2881.0 1
2887.0 3
2889.0 1
2892.0 1
2893.0 1
2894.0 1
2900.0 1
2901.0 1
2905.0 1
2906.0 1
2912.0 1
2913.0 1
2914.0 1
2922.0 1
2924.0 1
2932.0 1
2937.0 1
2938.0 1
2959.0 1
2968.0 1
2974.0 1
2975.0 1
2976.0 1
2978.0 1
2980.0 1
2984.0 2
2993.0 1
2996.0 1
3002.0 1
3009.0 1
3012.0 2
3013.0 1
3015.0 1
3017.0 1
3018.0 1
3020.0 1
3021.0 1
3022.0 1
3023.0 1
3024.0 1
3026.0 1
3029.0 1
3033.0 1
3034.0 2
3035.0 1
3036.0 1
3043.0 1
3047.0 1
3048.0 1
3057.0 1
3067.0 1
3069.0 1
3070.0 1
3072.0 1
3074.0 1
3075.0 1
3078.0 1
3080.0 2
3081.0 1
3083.0 1
3086.0 1
3088.0 1
3089.0 1
3096.0 1
3099.0 1
3105.0 1
3106.0 1
3110.0 1
3115.0 1
3117.0 1
3121.0 1
3124.0 2
3136.0 1
3139.0 1
3144.0 1
3156.0 1
3159.0 1
3161.0 1
3163.0 2
3164.0 1
3170.0 1
3171.0 1
3174.0 1
3177.0 1
3180.0 1
3181.0 1
3184.0 1
3187.0 1
3188.0 1
3189.0 1
3195.0 1
3196.0 3
3198.0 1
3199.0 2
3205.0 1
3207.0 1
3210.0 2
3222.0 1
3224.0 1
3226.0 1
3227.0 2
3229.0 1
3232.0 1
3234.0 1
3235.0 1
3239.0 1
3248.0 1
3250.0 1
3251.0 1
3257.0 1
3260.0 1
3265.0 1
3268.0 1
3279.0 1
3287.0 1
3289.0 1
3292.0 1
3297.0 1
3299.0 3
3300.0 1
3303.0 1
3304.0 1
3311.0 1
3321.0 1
3323.0 1
3330.0 2
3331.0 1
3334.0 1
3336.0 2
3339.0 1
3342.0 1
3350.0 1
3353.0 1
3356.0 1
3361.0 1
3364.0 1
3366.0 1
3372.0 1
3373.0 1
3384.0 1
3389.0 1
3390.0 1
3391.0 1
3393.0 8
3394.0 1
3396.0 1
3404.0 1
3406.0 1
3412.0 1
3414.0 1
3418.0 2
3421.0 2
3428.0 1
3432.0 1
3437.0 1
3438.0 2
3441.0 3
3444.0 1
3445.0 1
3448.0 1
3449.0 2
3461.0 1
3466.0 1
3467.0 1
3473.0 1
3487.0 1
3491.0 1
3506.0 1
3509.0 1
3512.0 1
3525.0 1
3527.0 1
3533.0 2
3541.0 1
3542.0 1
3550.0 2
3552.0 1
3557.0 1
3564.0 1
3565.0 1
3568.0 1
3582.0 1
3589.0 1
3593.0 1
3596.0 2
3597.0 1
3604.0 1
3605.0 1
3608.0 1
3613.0 1
3615.0 1
3620.0 1
3621.0 1
3622.0 1
3628.0 1
3639.0 1
3652.0 1
3665.0 1
3671.0 2
3673.0 1
3674.0 1
3680.0 1
3685.0 1
3687.0 1
3690.0 1
3692.0 1
3703.0 2
3708.0 1
3713.0 2
3716.0 1
3721.0 1
3722.0 1
3723.0 1
3724.0 2
3731.0 1
3732.0 1
3733.0 1
3735.0 1
3736.0 1
3744.0 1
3748.0 1
3749.0 1
3750.0 3
3751.0 1
3753.0 1
3754.0 1
3756.0 1
3757.0 1
3759.0 1
3765.0 3
3769.0 1
3774.0 1
3775.0 1
3782.0 1
3787.0 1
3793.0 1
3794.0 1
3799.0 1
3800.0 1
3807.0 1
3813.0 1
3825.0 2
3827.0 1
3828.0 1
3829.0 1
3831.0 1
3834.0 1
3836.0 2
3841.0 1
3842.0 1
3843.0 1
3846.0 1
3847.0 2
3855.0 2
3859.0 1
3863.0 1
3868.0 1
3870.0 1
3877.0 1
3932.0 1
3936.0 1
3939.0 1
3942.0 1
3951.0 1
3977.0 1
3980.0 1
3986.0 1
3989.0 2
3991.0 1
3998.0 1
3999.0 1
4001.0 1
4003.0 1
4004.0 1
4005.0 2
4006.0 1
4007.0 2
4009.0 2
4012.0 1
4014.0 1
4016.0 1
4020.0 3
4021.0 1
4022.0 1
4023.0 2
4024.0 1
4030.0 1
4033.0 1
4036.0 1
4042.0 1
4046.0 1
4057.0 1
4061.0 1
4064.0 1
4068.0 1
4070.0 2
4089.0 1
4111.0 1
4114.0 2
4123.0 1
4127.0 1
4144.0 1
4150.0 1
4151.0 1
4156.0 1
4159.0 1
4162.0 1
4186.0 1
4191.0 1
4196.0 1
4197.0 1
4199.0 1
4200.0 1
4204.0 1
4210.0 1
4230.0 1
4245.0 1
4264.0 1
4270.0 1
4290.0 1
4298.0 1
4304.0 1
4314.0 1
4315.0 1
4316.0 1
4319.0 2
4320.0 1
4327.0 1
4339.0 1
4346.0 1
4356.0 1
4367.0 1
4376.0 1
4377.0 1
4394.0 1
4403.0 1
4405.0 1
4429.0 1
4441.0 1
4484.0 1
4485.0 1
4492.0 1
4498.0 1
4499.0 1
4500.0 1
4508.0 1
4520.0 1
4550.0 1
4567.0 1
4582.0 1
4615.0 1
4618.0 1
4620.0 1
4626.0 1
4641.0 1
4670.0 1
4707.0 1
4720.0 1
4733.0 1
4735.0 1
4784.0 1
4808.0 1
4839.0 1
4849.0 1
4857.0 1
4863.0 1
4866.0 1
4902.0 1
4910.0 1
4934.0 1
4946.0 1
4947.0 1
4976.0 1
5021.0 1
5037.0 1
5040.0 1
5087.0 1
5092.0 1
5102.0 1
5135.0 2
5151.0 1
5239.0 1
5256.0 1
5323.0 1
5346.0 1
5374.0 1
5384.0 1
5396.0 1
5400.0 1
5407.0 1
5411.0 1
5416.0 1
5447.0 1
5502.0 1
5515.0 1
5521.0 1
5529.0 1
5538.0 1
5553.0 1
5566.0 1
5592.0 1
5595.0 1
5597.0 1
5642.0 1
5653.0 1
5660.0 1
5683.0 1
5712.0 1
5732.0 1
5733.0 1
5766.0 1
5774.0 1
5780.0 1
5785.0 1
5796.0 1
5816.0 1
5859.0 1
5865.0 1
5936.0 1
5946.0 2
5952.0 1
5953.0 1
5968.0 1
5972.0 1
6015.0 1
6104.0 1
6105.0 1
6176.0 1
6210.0 1
6213.0 1
6244.0 1
6247.0 1
6259.0 1
6261.0 1
6309.0 1
6372.0 1
6388.0 1
6451.0 1
6484.0 1
6509.0 1
6690.0 1
6695.0 2
6724.0 1
6761.0 1
6763.0 1
6793.0 1
6806.0 1
6808.0 1
6811.0 1
6824.0 1
6877.0 1
6885.0 1
6895.0 1
6942.0 1
6962.0 1
7006.0 1
7017.0 2
7034.0 1
7065.0 1
7073.0 1
7097.0 1
7144.0 1
7195.0 1
7257.0 1
7351.0 1
7388.0 1
7402.0 1
7514.0 1
7545.0 1
7621.0 1
7638.0 1
7745.0 1
7784.0 1
7823.0 1
7856.0 1
7878.0 2
7916.0 1
7920.0 1
7958.0 1
7993.0 1
8012.0 1
8027.0 1
8145.0 2
8172.0 1
8186.0 1
8234.0 1
8247.0 1
8333.0 1
8347.0 1
8538.0 1
8613.0 1
8668.0 1
8683.0 1
8684.0 1
8738.0 1
9011.0 1
9031.0 1
9039.0 1
9060.0 1
9061.0 1
9063.0 1
9064.0 1
9081.0 1
9086.0 1
9093.0 1
9094.0 1
9118.0 1
9140.0 1
9174.0 1
9181.0 1
9255.0 1
9387.0 1
9489.0 1
9513.0 1
9516.0 1
9532.0 1
9614.0 1
9913.0 1
10063.0 1
10082.0 1
10187.0 1
10219.0 1
10329.0 1
10357.0 1
10368.0 1
10441.0 1
10445.0 1
10511.0 1
10598.0 1
10668.0 1
10908.0 1
11058.0 1
11129.0 1
11219.0 1
11295.0 1
11337.0 1
11365.0 1
11497.0 1
11991.0 1
12028.0 1
12063.0 1
12285.0 1
12401.0 1
12488.0 1
12621.0 1
14002.0 1
14006.0 1
14010.0 1
14149.0 1
14797.0 1
14834.0 1
14857.0 1
14909.0 1
14968.0 1
15033.0 1
15159.0 1
15392.0 1
15612.0 1
15699.0 1
15974.0 1
16253.0 1
16536.0 1
21246.0 1
21686.0 1
24292.0 1
24325.0 1
24332.0 1
24382.0 1
26660.0 1
28188.0 1
28481.0 1
28612.0 1
29303.0 1
29590.0 1
29626.0 1
32831.0 1
32841.0 1
33237.0 1
45796.0 1
45842.0 1
45849.0 1
45856.0 1
46503.0 1
46857.0 1
46892.0 1
56478.0 1
74606.0 1
78333.0 1
78382.0 1
78386.0 1
78431.0 1
78443.0 1
78447.0 1
78517.0 1
78659.0 1
80442.0 1
80469.0 1
80636.0 1
