1.0 7325
2.0 5682
3.0 4674
4.0 4317
5.0 3290
6.0 2940
7.0 2664
8.0 2427
9.0 2413
10.0 2123
11.0 2031
12.0 2409
13.0 2276
14.0 2307
15.0 3223
16.0 3319
17.0 3335
18.0 3854
19.0 3930
20.0 4197
21.0 4078
22.0 3639
23.0 3669
24.0 3421
25.0 3080
26.0 2818
27.0 2834
28.0 2455
29.0 2445
30.0 2162
31.0 2028
32.0 1900
33.0 1922
34.0 1639
35.0 1531
36.0 1419
37.0 1318
38.0 1277
39.0 1262
40.0 1123
41.0 1118
42.0 987
43.0 1018
44.0 839
45.0 866
46.0 719
47.0 773
48.0 678
49.0 729
50.0 639
51.0 591
52.0 624
53.0 518
54.0 595
55.0 506
56.0 470
57.0 504
58.0 446
59.0 443
60.0 439
61.0 398
62.0 401
63.0 402
64.0 365
65.0 347
66.0 321
67.0 344
68.0 312
69.0 259
70.0 271
71.0 264
72.0 241
73.0 237
74.0 260
75.0 246
76.0 220
77.0 237
78.0 249
79.0 223
80.0 213
81.0 224
82.0 212
83.0 155
84.0 182
85.0 161
86.0 154
87.0 168
88.0 176
89.0 141
90.0 148
91.0 145
92.0 152
93.0 130
94.0 148
95.0 146
96.0 140
97.0 119
98.0 130
99.0 142
100.0 117
101.0 98
102.0 117
103.0 118
104.0 118
105.0 108
106.0 113
107.0 105
108.0 79
109.0 113
110.0 103
111.0 111
112.0 126
113.0 79
114.0 113
115.0 81
116.0 73
117.0 83
118.0 94
119.0 116
120.0 76
121.0 70
122.0 53
123.0 71
124.0 89
125.0 74
126.0 90
127.0 59
128.0 63
129.0 86
130.0 79
131.0 60
132.0 72
133.0 61
134.0 54
135.0 64
136.0 56
137.0 56
138.0 49
139.0 60
140.0 58
141.0 61
142.0 53
143.0 54
144.0 55
145.0 72
146.0 46
147.0 53
148.0 70
149.0 44
150.0 68
151.0 52
152.0 47
153.0 54
154.0 47
155.0 67
156.0 52
157.0 40
158.0 43
159.0 50
160.0 42
161.0 34
162.0 34
163.0 47
164.0 38
165.0 41
166.0 46
167.0 45
168.0 41
169.0 29
170.0 39
171.0 27
172.0 32
173.0 37
174.0 25
175.0 33
176.0 27
177.0 38
178.0 27
179.0 36
180.0 24
181.0 33
182.0 21
183.0 26
184.0 27
185.0 16
186.0 34
187.0 31
188.0 29
189.0 32
190.0 26
191.0 26
192.0 24
193.0 31
194.0 26
195.0 23
196.0 32
197.0 27
198.0 28
199.0 26
200.0 33
201.0 27
202.0 31
203.0 21
204.0 28
205.0 26
206.0 24
207.0 24
208.0 18
209.0 27
210.0 28
211.0 26
212.0 19
213.0 29
214.0 26
215.0 34
216.0 28
217.0 26
218.0 30
219.0 33
220.0 17
221.0 20
222.0 29
223.0 16
224.0 21
225.0 20
226.0 17
227.0 24
228.0 15
229.0 24
230.0 26
231.0 17
232.0 16
233.0 23
234.0 16
235.0 20
236.0 26
237.0 15
238.0 11
239.0 21
240.0 14
241.0 21
242.0 13
243.0 18
244.0 17
245.0 24
246.0 29
247.0 17
248.0 15
249.0 19
250.0 10
251.0 18
252.0 19
253.0 19
254.0 10
255.0 28
256.0 11
257.0 16
258.0 18
259.0 14
260.0 27
261.0 17
262.0 15
263.0 18
264.0 15
265.0 20
266.0 18
267.0 11
268.0 26
269.0 13
270.0 19
271.0 24
272.0 14
273.0 10
274.0 8
275.0 12
276.0 19
277.0 17
278.0 12
279.0 10
280.0 15
281.0 23
282.0 20
283.0 17
284.0 11
285.0 8
286.0 22
287.0 19
288.0 15
289.0 17
290.0 10
291.0 11
292.0 10
293.0 14
294.0 11
295.0 10
296.0 16
297.0 9
298.0 7
299.0 7
300.0 13
301.0 11
302.0 14
303.0 10
304.0 12
305.0 11
306.0 4
307.0 18
308.0 18
309.0 9
310.0 10
311.0 10
312.0 15
313.0 9
314.0 14
315.0 11
316.0 8
317.0 4
318.0 9
319.0 14
320.0 11
321.0 8
322.0 13
323.0 8
324.0 6
325.0 11
326.0 6
327.0 11
328.0 7
329.0 13
330.0 15
331.0 14
332.0 10
333.0 10
334.0 15
335.0 18
336.0 11
337.0 5
338.0 12
339.0 7
340.0 9
341.0 6
342.0 5
343.0 10
344.0 16
345.0 12
346.0 13
347.0 11
348.0 11
349.0 16
350.0 16
351.0 13
352.0 8
353.0 16
354.0 12
355.0 13
356.0 10
357.0 7
358.0 10
359.0 11
360.0 18
361.0 12
362.0 13
363.0 12
364.0 10
365.0 6
366.0 5
367.0 12
368.0 10
369.0 15
370.0 11
371.0 9
372.0 7
373.0 10
374.0 8
375.0 18
376.0 11
377.0 12
378.0 12
379.0 11
380.0 8
381.0 16
382.0 11
383.0 8
384.0 9
385.0 6
386.0 8
387.0 8
388.0 3
389.0 12
390.0 10
391.0 8
392.0 10
393.0 13
394.0 18
395.0 8
396.0 11
397.0 16
398.0 11
399.0 6
400.0 7
401.0 8
402.0 8
403.0 11
404.0 12
405.0 7
406.0 6
407.0 8
408.0 3
409.0 7
410.0 9
411.0 11
412.0 5
413.0 5
414.0 7
415.0 4
416.0 9
417.0 5
418.0 8
419.0 3
420.0 8
421.0 6
422.0 9
423.0 9
424.0 3
425.0 12
426.0 6
427.0 6
428.0 11
429.0 14
430.0 10
431.0 9
432.0 4
433.0 10
434.0 4
435.0 7
436.0 5
437.0 13
438.0 4
439.0 7
440.0 6
441.0 5
442.0 14
443.0 6
444.0 11
445.0 6
446.0 11
447.0 8
448.0 3
449.0 6
450.0 7
451.0 11
452.0 8
453.0 5
454.0 9
455.0 5
456.0 3
457.0 7
458.0 4
459.0 7
460.0 7
461.0 2
462.0 4
463.0 4
464.0 4
465.0 4
466.0 9
467.0 5
468.0 10
469.0 3
470.0 3
472.0 14
473.0 8
474.0 4
475.0 4
476.0 9
477.0 5
478.0 9
479.0 3
480.0 12
481.0 3
482.0 5
483.0 7
484.0 6
485.0 9
486.0 7
487.0 5
488.0 7
489.0 6
490.0 5
491.0 6
492.0 5
493.0 9
494.0 8
495.0 10
496.0 10
497.0 6
498.0 11
499.0 9
500.0 8
501.0 4
502.0 8
503.0 4
504.0 4
505.0 7
506.0 7
507.0 7
508.0 5
509.0 10
510.0 9
511.0 9
512.0 8
513.0 6
514.0 3
515.0 8
516.0 6
517.0 2
518.0 11
519.0 5
520.0 8
521.0 11
522.0 7
523.0 5
524.0 6
525.0 10
526.0 5
527.0 4
528.0 6
529.0 4
530.0 5
531.0 8
532.0 5
533.0 5
534.0 8
536.0 2
537.0 3
538.0 11
539.0 3
540.0 2
541.0 7
542.0 5
543.0 6
544.0 10
545.0 6
546.0 4
547.0 4
548.0 5
549.0 2
550.0 3
551.0 1
552.0 2
553.0 1
554.0 1
555.0 5
556.0 1
557.0 5
558.0 4
559.0 5
560.0 3
561.0 4
562.0 3
563.0 4
564.0 7
565.0 8
566.0 7
567.0 2
568.0 10
569.0 10
570.0 4
571.0 5
572.0 3
573.0 8
574.0 8
575.0 3
576.0 7
577.0 6
578.0 8
579.0 8
580.0 3
581.0 8
582.0 6
583.0 6
584.0 7
585.0 6
586.0 8
587.0 5
588.0 4
589.0 6
590.0 4
591.0 1
592.0 3
593.0 9
594.0 5
595.0 5
596.0 6
597.0 4
598.0 8
599.0 4
600.0 2
601.0 4
602.0 2
603.0 4
604.0 2
605.0 1
606.0 3
607.0 3
608.0 3
609.0 4
610.0 5
611.0 5
612.0 1
613.0 1
614.0 4
615.0 1
616.0 5
617.0 5
618.0 1
619.0 3
620.0 4
621.0 4
622.0 1
623.0 5
625.0 3
626.0 6
627.0 2
628.0 2
630.0 6
631.0 8
632.0 3
633.0 2
634.0 3
635.0 1
636.0 5
637.0 4
638.0 3
639.0 2
640.0 5
641.0 5
642.0 6
643.0 3
644.0 6
645.0 3
646.0 2
647.0 4
648.0 3
649.0 5
650.0 3
651.0 3
652.0 5
653.0 3
654.0 4
655.0 3
656.0 3
657.0 3
658.0 8
659.0 4
661.0 1
662.0 4
663.0 4
664.0 1
665.0 2
666.0 1
667.0 1
668.0 3
669.0 6
670.0 4
671.0 3
672.0 5
673.0 2
674.0 2
675.0 3
676.0 4
677.0 3
678.0 7
679.0 1
680.0 12
681.0 3
682.0 3
683.0 2
684.0 4
685.0 3
686.0 3
687.0 3
688.0 2
689.0 2
690.0 5
691.0 6
692.0 3
693.0 3
694.0 3
695.0 8
696.0 4
697.0 6
698.0 4
699.0 3
700.0 2
701.0 5
702.0 3
703.0 5
704.0 6
705.0 4
706.0 3
707.0 6
708.0 3
709.0 6
710.0 2
711.0 5
712.0 2
713.0 7
714.0 4
715.0 1
716.0 6
717.0 6
718.0 3
719.0 4
720.0 4
721.0 2
722.0 2
723.0 4
724.0 4
725.0 3
726.0 1
727.0 6
728.0 1
729.0 1
730.0 3
731.0 3
732.0 4
733.0 3
734.0 2
735.0 2
736.0 4
737.0 3
738.0 3
739.0 1
741.0 2
742.0 4
743.0 3
744.0 3
745.0 5
746.0 3
747.0 2
748.0 7
749.0 1
750.0 3
751.0 7
752.0 3
753.0 3
754.0 2
755.0 1
756.0 4
757.0 2
758.0 5
759.0 1
760.0 4
761.0 4
762.0 1
763.0 2
764.0 3
765.0 1
766.0 1
767.0 3
769.0 7
770.0 3
771.0 3
772.0 6
773.0 4
774.0 1
775.0 3
776.0 1
777.0 2
778.0 2
779.0 6
780.0 3
781.0 6
782.0 5
783.0 6
784.0 2
785.0 5
786.0 4
787.0 4
788.0 2
791.0 2
792.0 1
793.0 4
794.0 3
795.0 2
796.0 3
798.0 5
799.0 3
800.0 3
801.0 3
802.0 1
803.0 5
804.0 2
805.0 3
806.0 1
807.0 2
808.0 5
809.0 4
810.0 2
811.0 2
812.0 1
813.0 2
814.0 2
815.0 2
816.0 1
817.0 1
818.0 1
819.0 5
820.0 2
821.0 3
822.0 1
823.0 1
825.0 2
826.0 1
827.0 3
828.0 4
829.0 3
830.0 1
831.0 4
832.0 2
833.0 3
834.0 3
835.0 1
837.0 2
838.0 5
839.0 2
840.0 2
841.0 2
842.0 3
843.0 2
844.0 5
845.0 3
846.0 2
847.0 3
848.0 3
849.0 2
850.0 5
851.0 2
852.0 5
853.0 2
854.0 3
855.0 1
856.0 1
857.0 2
858.0 1
859.0 1
860.0 4
861.0 1
862.0 2
863.0 2
864.0 1
865.0 4
867.0 7
868.0 3
869.0 2
870.0 1
871.0 1
872.0 1
874.0 2
875.0 2
876.0 7
877.0 2
878.0 7
879.0 4
880.0 3
881.0 3
882.0 4
883.0 6
884.0 5
885.0 3
886.0 2
887.0 2
889.0 3
890.0 4
891.0 1
892.0 3
893.0 5
894.0 4
895.0 2
896.0 2
897.0 3
898.0 2
899.0 2
900.0 5
901.0 2
902.0 3
903.0 2
904.0 4
905.0 1
906.0 3
907.0 1
908.0 2
909.0 4
910.0 5
911.0 3
912.0 4
913.0 1
914.0 6
915.0 1
916.0 2
917.0 2
918.0 1
919.0 1
920.0 4
921.0 3
922.0 1
923.0 1
924.0 3
925.0 3
926.0 8
927.0 1
928.0 3
929.0 4
930.0 4
931.0 3
932.0 7
933.0 2
934.0 1
935.0 3
936.0 2
937.0 1
938.0 3
939.0 3
940.0 3
942.0 3
943.0 4
944.0 1
945.0 1
946.0 2
947.0 2
948.0 2
949.0 2
950.0 2
951.0 3
952.0 1
953.0 3
954.0 3
955.0 2
956.0 7
957.0 2
958.0 2
959.0 2
960.0 3
961.0 1
963.0 1
964.0 3
965.0 2
967.0 3
968.0 1
969.0 3
971.0 3
972.0 2
973.0 4
978.0 3
980.0 5
981.0 1
984.0 1
985.0 3
986.0 1
987.0 3
988.0 1
989.0 2
990.0 2
991.0 1
992.0 3
993.0 3
994.0 2
995.0 2
996.0 1
999.0 1
1000.0 2
1001.0 1
1002.0 2
1003.0 2
1004.0 6
1005.0 4
1006.0 2
1007.0 3
1008.0 1
1009.0 1
1010.0 1
1011.0 1
1012.0 2
1013.0 3
1014.0 4
1015.0 2
1016.0 1
1019.0 1
1020.0 3
1021.0 1
1022.0 1
1023.0 1
1024.0 5
1025.0 1
1026.0 2
1027.0 2
1028.0 2
1029.0 3
1030.0 2
1031.0 2
1032.0 4
1033.0 3
1034.0 4
1035.0 2
1036.0 4
1037.0 1
1038.0 2
1039.0 1
1040.0 2
1041.0 3
1043.0 3
1044.0 1
1045.0 2
1046.0 5
1048.0 1
1049.0 2
1050.0 2
1051.0 1
1053.0 1
1054.0 4
1055.0 1
1056.0 3
1057.0 2
1058.0 1
1059.0 2
1060.0 1
1061.0 4
1062.0 1
1063.0 3
1064.0 3
1065.0 2
1066.0 1
1067.0 1
1068.0 4
1069.0 1
1070.0 2
1071.0 1
1072.0 3
1073.0 2
1074.0 1
1075.0 2
1077.0 3
1078.0 1
1080.0 1
1082.0 1
1084.0 2
1085.0 1
1086.0 1
1087.0 1
1089.0 2
1090.0 1
1094.0 1
1095.0 1
1097.0 1
1099.0 3
1100.0 1
1101.0 1
1104.0 4
1105.0 2
1106.0 1
1107.0 1
1108.0 3
1109.0 2
1110.0 3
1111.0 1
1113.0 5
1114.0 1
1115.0 2
1117.0 3
1118.0 1
1121.0 1
1124.0 2
1125.0 1
1127.0 4
1128.0 2
1129.0 1
1130.0 2
1131.0 2
1133.0 1
1134.0 2
1135.0 2
1136.0 1
1137.0 1
1139.0 3
1140.0 2
1141.0 1
1143.0 3
1144.0 2
1145.0 2
1146.0 2
1147.0 2
1148.0 2
1149.0 3
1150.0 1
1151.0 2
1152.0 3
1153.0 1
1154.0 2
1155.0 2
1156.0 1
1157.0 1
1158.0 2
1159.0 4
1161.0 1
1162.0 3
1164.0 3
1165.0 3
1166.0 4
1169.0 2
1170.0 3
1172.0 4
1173.0 3
1174.0 1
1175.0 3
1176.0 2
1178.0 2
1179.0 1
1180.0 2
1182.0 3
1184.0 2
1185.0 2
1186.0 1
1187.0 3
1188.0 2
1189.0 3
1190.0 1
1191.0 3
1192.0 1
1193.0 1
1195.0 1
1196.0 3
1197.0 2
1199.0 2
1200.0 3
1201.0 1
1202.0 1
1203.0 2
1204.0 1
1205.0 1
1206.0 1
1207.0 2
1208.0 2
1209.0 1
1211.0 1
1212.0 3
1213.0 3
1214.0 2
1215.0 4
1216.0 5
1217.0 3
1218.0 2
1220.0 3
1222.0 1
1223.0 3
1225.0 1
1226.0 1
1228.0 3
1229.0 4
1230.0 2
1231.0 2
1232.0 4
1233.0 4
1235.0 2
1236.0 6
1237.0 1
1238.0 4
1239.0 3
1240.0 1
1241.0 5
1242.0 3
1243.0 2
1244.0 1
1245.0 2
1246.0 3
1247.0 1
1248.0 2
1249.0 2
1250.0 1
1251.0 1
1252.0 1
1254.0 2
1255.0 1
1256.0 2
1257.0 3
1258.0 1
1259.0 4
1260.0 2
1261.0 4
1262.0 1
1263.0 2
1264.0 2
1265.0 2
1266.0 4
1267.0 1
1268.0 1
1269.0 1
1270.0 3
1271.0 1
1272.0 4
1273.0 3
1274.0 5
1275.0 3
1276.0 2
1277.0 1
1278.0 3
1279.0 4
1280.0 2
1281.0 3
1283.0 1
1285.0 1
1286.0 1
1290.0 2
1291.0 1
1295.0 3
1296.0 2
1297.0 1
1298.0 1
1301.0 2
1303.0 3
1305.0 2
1306.0 1
1307.0 1
1308.0 1
1309.0 2
1310.0 2
1311.0 1
1313.0 1
1314.0 2
1315.0 4
1316.0 3
1317.0 2
1319.0 2
1320.0 1
1324.0 1
1326.0 3
1327.0 1
1328.0 2
1329.0 1
1330.0 1
1332.0 3
1334.0 2
1335.0 1
1336.0 1
1338.0 3
1339.0 4
1340.0 1
1342.0 1
1343.0 2
1344.0 1
1345.0 2
1347.0 2
1348.0 2
1350.0 1
1351.0 1
1353.0 2
1355.0 1
1356.0 1
1357.0 1
1358.0 1
1359.0 2
1360.0 2
1362.0 3
1365.0 3
1366.0 5
1367.0 1
1368.0 1
1369.0 3
1371.0 3
1372.0 3
1374.0 1
1375.0 3
1376.0 1
1377.0 3
1378.0 1
1380.0 2
1383.0 1
1384.0 2
1386.0 1
1388.0 1
1389.0 1
1390.0 1
1391.0 1
1393.0 2
1396.0 1
1398.0 2
1399.0 1
1400.0 2
1402.0 2
1404.0 1
1407.0 1
1411.0 2
1412.0 1
1413.0 1
1415.0 1
1416.0 1
1418.0 2
1420.0 1
1421.0 2
1430.0 1
1437.0 3
1438.0 1
1439.0 1
1440.0 2
1443.0 2
1445.0 2
1448.0 1
1449.0 1
1452.0 2
1453.0 1
1456.0 1
1457.0 2
1458.0 1
1459.0 1
1460.0 1
1461.0 1
1462.0 1
1463.0 1
1464.0 2
1466.0 1
1468.0 1
1471.0 1
1473.0 1
1475.0 1
1476.0 1
1482.0 1
1483.0 1
1484.0 2
1485.0 2
1486.0 1
1487.0 1
1488.0 1
1489.0 3
1492.0 3
1494.0 3
1495.0 2
1496.0 3
1498.0 1
1501.0 2
1502.0 1
1504.0 1
1505.0 1
1507.0 2
1508.0 2
1511.0 1
1512.0 2
1513.0 2
1514.0 1
1515.0 1
1516.0 2
1518.0 1
1519.0 2
1521.0 1
1522.0 1
1526.0 2
1531.0 1
1532.0 2
1537.0 1
1540.0 1
1541.0 1
1542.0 1
1543.0 2
1545.0 1
1550.0 1
1553.0 1
1555.0 1
1560.0 2
1562.0 1
1564.0 2
1565.0 1
1566.0 1
1568.0 2
1569.0 2
1572.0 1
1574.0 2
1575.0 1
1578.0 1
1581.0 1
1584.0 2
1585.0 2
1586.0 1
1590.0 2
1591.0 1
1592.0 1
1593.0 1
1595.0 1
1601.0 2
1602.0 1
1608.0 2
1609.0 1
1610.0 2
1612.0 1
1614.0 1
1615.0 1
1616.0 1
1622.0 1
1623.0 1
1624.0 1
1627.0 1
1629.0 2
1631.0 1
1633.0 1
1636.0 1
1637.0 1
1641.0 1
1642.0 1
1648.0 1
1649.0 1
1653.0 3
1654.0 1
1656.0 4
1658.0 1
1659.0 1
1661.0 1
1662.0 2
1663.0 1
1664.0 2
1665.0 1
1666.0 2
1667.0 2
1671.0 1
1672.0 1
1673.0 1
1676.0 1
1677.0 2
1681.0 1
1683.0 2
1684.0 1
1686.0 1
1691.0 1
1692.0 2
1698.0 1
1699.0 1
1700.0 2
1702.0 1
1703.0 2
1706.0 2
1707.0 1
1710.0 1
1713.0 1
1715.0 1
1716.0 1
1718.0 1
1721.0 2
1722.0 2
1723.0 1
1724.0 1
1725.0 1
1726.0 3
1728.0 1
1729.0 1
1730.0 3
1734.0 1
1735.0 1
1736.0 4
1737.0 2
1739.0 2
1740.0 2
1741.0 1
1742.0 1
1746.0 2
1747.0 2
1748.0 2
1750.0 5
1752.0 2
1753.0 1
1754.0 1
1755.0 3
1756.0 1
1757.0 1
1758.0 1
1759.0 1
1761.0 1
1762.0 1
1763.0 1
1769.0 2
1770.0 3
1771.0 1
1772.0 1
1773.0 1
1775.0 2
1777.0 1
1782.0 1
1783.0 1
1787.0 1
1790.0 1
1791.0 1
1793.0 1
1794.0 2
1796.0 1
1797.0 1
1798.0 1
1800.0 3
1802.0 1
1803.0 3
1807.0 1
1808.0 1
1809.0 1
1810.0 1
1811.0 1
1815.0 2
1816.0 1
1817.0 1
1818.0 1
1820.0 1
1822.0 1
1825.0 1
1830.0 1
1833.0 1
1834.0 2
1836.0 1
1839.0 1
1843.0 2
1855.0 1
1856.0 2
1863.0 1
1867.0 1
1871.0 1
1872.0 1
1873.0 2
1875.0 1
1878.0 1
1880.0 1
1887.0 1
1889.0 1
1894.0 1
1898.0 1
1899.0 1
1902.0 1
1906.0 2
1908.0 1
1910.0 1
1912.0 1
1919.0 1
1921.0 1
1924.0 2
1925.0 1
1934.0 1
1935.0 4
1937.0 1
1939.0 1
1944.0 1
1945.0 1
1950.0 1
1951.0 1
1952.0 1
1953.0 1
1954.0 1
1958.0 1
1963.0 2
1966.0 2
1970.0 1
1972.0 1
1974.0 1
1976.0 2
1977.0 1
1979.0 1
1980.0 2
1982.0 1
1990.0 1
1992.0 1
1998.0 1
1999.0 4
2005.0 1
2006.0 1
2011.0 1
2012.0 1
2013.0 2
2014.0 1
2018.0 1
2020.0 1
2023.0 2
2026.0 2
2027.0 1
2030.0 1
2033.0 1
2036.0 1
2037.0 1
2038.0 1
2045.0 1
2047.0 2
2052.0 2
2054.0 1
2058.0 1
2059.0 1
2060.0 1
2061.0 1
2063.0 1
2068.0 1
2069.0 1
2075.0 2
2079.0 1
2085.0 1
2089.0 1
2097.0 1
2099.0 1
2101.0 1
2105.0 1
2108.0 1
2120.0 1
2121.0 1
2128.0 1
2130.0 2
2131.0 1
2132.0 1
2134.0 1
2136.0 1
2137.0 1
2139.0 1
2140.0 1
2142.0 1
2143.0 1
2144.0 1
2146.0 1
2147.0 1
2150.0 2
2151.0 1
2156.0 1
2158.0 2
2159.0 1
2164.0 1
2165.0 1
2170.0 1
2174.0 1
2179.0 1
2180.0 1
2184.0 1
2187.0 1
2188.0 1
2189.0 1
2191.0 1
2195.0 1
2196.0 1
2202.0 1
2203.0 1
2204.0 1
2206.0 1
2210.0 2
2221.0 1
2223.0 1
2224.0 2
2225.0 1
2227.0 1
2228.0 1
2229.0 1
2232.0 1
2234.0 1
2238.0 1
2240.0 2
2243.0 1
2246.0 1
2249.0 1
2251.0 1
2252.0 1
2258.0 2
2259.0 2
2261.0 1
2265.0 1
2272.0 1
2277.0 1
2281.0 1
2286.0 1
2293.0 1
2301.0 3
2304.0 1
2308.0 1
2310.0 1
2314.0 1
2317.0 1
2319.0 1
2322.0 1
2326.0 1
2335.0 1
2336.0 1
2337.0 1
2355.0 2
2359.0 1
2366.0 1
2368.0 1
2372.0 1
2377.0 1
2378.0 2
2380.0 1
2387.0 1
2388.0 1
2389.0 2
2390.0 2
2391.0 1
2394.0 1
2398.0 1
2399.0 1
2408.0 1
2416.0 1
2418.0 1
2423.0 2
2426.0 2
2434.0 1
2441.0 1
2443.0 1
2446.0 3
2448.0 1
2452.0 2
2455.0 2
2457.0 1
2458.0 1
2459.0 1
2460.0 1
2461.0 2
2471.0 1
2474.0 2
2475.0 2
2478.0 1
2479.0 1
2502.0 1
2504.0 1
2515.0 1
2517.0 1
2518.0 1
2519.0 1
2523.0 2
2526.0 1
2529.0 1
2539.0 1
2563.0 1
2567.0 2
2569.0 1
2570.0 1
2573.0 1
2598.0 1
2602.0 1
2603.0 1
2604.0 2
2605.0 1
2606.0 1
2607.0 2
2609.0 2
2611.0 1
2628.0 1
2631.0 1
2633.0 2
2634.0 1
2637.0 1
2638.0 1
2647.0 1
2649.0 1
2650.0 1
2656.0 1
2668.0 2
2669.0 1
2678.0 1
2680.0 1
2703.0 1
2704.0 1
2705.0 1
2707.0 1
2710.0 1
2712.0 1
2713.0 1
2715.0 1
2716.0 1
2723.0 1
2736.0 1
2740.0 2
2741.0 1
2743.0 1
2744.0 1
2746.0 1
2752.0 1
2753.0 1
2755.0 1
2761.0 1
2763.0 1
2766.0 1
2767.0 1
2773.0 1
2777.0 1
2780.0 1
2794.0 1
2803.0 2
2814.0 1
2816.0 1
2825.0 1
2826.0 1
2827.0 1
2828.0 2
2837.0 1
2838.0 1
2840.0 1
2843.0 1
2850.0 1
2851.0 1
2854.0 1
2858.0 1
2864.0 1
2866.0 1
2868.0 1
2869.0 1
2872.0 1
2874.0 1
2876.0 1
2880.0 3
2883.0 1
2890.0 1
2899.0 1
2903.0 1
2907.0 1
2909.0 1
2921.0 1
2931.0 1
2936.0 1
2937.0 1
2957.0 1
2968.0 1
2981.0 1
2985.0 1
3016.0 1
3019.0 1
3023.0 1
3031.0 1
3032.0 1
3042.0 1
3044.0 1
3055.0 1
3061.0 1
3062.0 1
3065.0 2
3068.0 1
3071.0 1
3076.0 1
3105.0 1
3106.0 1
3118.0 1
3127.0 1
3135.0 1
3145.0 1
3147.0 1
3154.0 1
3163.0 1
3164.0 1
3187.0 1
3191.0 2
3198.0 1
3200.0 1
3220.0 1
3224.0 1
3228.0 1
3255.0 1
3294.0 1
3296.0 2
3322.0 1
3345.0 1
3353.0 1
3358.0 1
3371.0 1
3374.0 1
3380.0 1
3383.0 8
3384.0 1
3409.0 1
3423.0 1
3432.0 1
3433.0 1
3443.0 1
3444.0 1
3479.0 1
3522.0 1
3532.0 1
3533.0 1
3549.0 1
3556.0 1
3564.0 1
3574.0 1
3592.0 1
3598.0 1
3606.0 1
3685.0 1
3698.0 1
3702.0 1
3704.0 1
3706.0 1
3709.0 1
3712.0 1
3721.0 1
3723.0 1
3725.0 1
3738.0 2
3741.0 1
3745.0 1
3750.0 1
3752.0 1
3759.0 1
3773.0 1
3779.0 1
3834.0 1
3838.0 1
3854.0 1
3912.0 1
3922.0 1
3930.0 1
3941.0 1
3966.0 1
3969.0 2
3971.0 1
3979.0 1
3984.0 1
3985.0 1
3987.0 2
3992.0 1
4032.0 1
4044.0 1
4047.0 1
4060.0 1
4109.0 1
4142.0 1
4153.0 1
4191.0 2
4199.0 1
4219.0 1
4234.0 1
4290.0 1
4296.0 1
4306.0 1
4308.0 1
4311.0 2
4312.0 1
4326.0 1
4346.0 1
4362.0 1
4375.0 1
4427.0 1
4471.0 1
4477.0 1
4478.0 1
4479.0 1
4483.0 1
4507.0 1
4518.0 1
4607.0 1
4659.0 1
4733.0 1
4852.0 1
4906.0 1
4942.0 1
4972.0 1
5131.0 1
5133.0 1
5345.0 1
5371.0 1
5379.0 1
5385.0 1
5392.0 1
5402.0 1
5408.0 1
5510.0 1
5521.0 1
6213.0 1
6463.0 1
6692.0 2
6716.0 1
6753.0 1
6800.0 1
6806.0 1
6874.0 1
6882.0 1
6893.0 1
7388.0 1
7513.0 1
7544.0 1
7637.0 1
7782.0 1
8171.0 1
8234.0 1
8247.0 1
8333.0 1
8347.0 1
8683.0 1
9028.0 1
9049.0 1
9478.0 1
9516.0 1
9532.0 1
10059.0 1
10071.0 1
10183.0 1
10208.0 1
10368.0 1
10897.0 1
11486.0 1
14786.0 1
14823.0 1
14836.0 1
14898.0 1
14957.0 1
15022.0 1
15148.0 1
15381.0 1
21225.0 1
21682.0 1
24382.0 1
28188.0 1
28481.0 1
28612.0 1
29303.0 1
29590.0 1
29624.0 1
33216.0 1
46836.0 1
46871.0 1
56457.0 1
74586.0 1
78313.0 1
78362.0 1
78366.0 1
78411.0 1
78423.0 1
78427.0 1
78497.0 1
78646.0 1
80441.0 1
80467.0 1
80634.0 1
