1.0 873865
2.0 222276
3.0 111645
4.0 71106
5.0 51471
6.0 39560
7.0 31558
8.0 25297
9.0 21198
10.0 18297
11.0 15550
12.0 13390
13.0 11752
14.0 10413
15.0 9299
16.0 8232
17.0 7315
18.0 6827
19.0 6097
20.0 5673
21.0 5067
22.0 4719
23.0 4364
24.0 4088
25.0 3722
26.0 3502
27.0 3360
28.0 3150
29.0 3019
30.0 2761
31.0 2610
32.0 2550
33.0 2365
34.0 2258
35.0 2037
36.0 2051
37.0 1910
38.0 1819
39.0 1742
40.0 1669
41.0 1665
42.0 1596
43.0 1475
44.0 1430
45.0 1366
46.0 1310
47.0 1254
48.0 1279
49.0 1205
50.0 1132
51.0 1134
52.0 1049
53.0 1044
54.0 1001
55.0 982
56.0 955
57.0 868
58.0 894
59.0 855
60.0 859
61.0 859
62.0 812
63.0 795
64.0 757
65.0 764
66.0 716
67.0 720
68.0 708
69.0 671
70.0 677
71.0 661
72.0 632
73.0 601
74.0 608
75.0 562
76.0 590
77.0 551
78.0 540
79.0 555
80.0 568
81.0 535
82.0 508
83.0 540
84.0 482
85.0 496
86.0 472
87.0 479
88.0 453
89.0 461
90.0 471
91.0 432
92.0 425
93.0 418
94.0 421
95.0 417
96.0 416
97.0 401
98.0 369
99.0 397
100.0 367
101.0 354
102.0 372
103.0 376
104.0 341
105.0 337
106.0 353
107.0 342
108.0 327
109.0 336
110.0 302
111.0 289
112.0 317
113.0 293
114.0 289
115.0 286
116.0 306
117.0 286
118.0 276
119.0 293
120.0 299
121.0 325
122.0 269
123.0 260
124.0 298
125.0 251
126.0 259
127.0 231
128.0 258
129.0 275
130.0 246
131.0 229
132.0 222
133.0 249
134.0 255
135.0 231
136.0 233
137.0 248
138.0 241
139.0 225
140.0 217
141.0 222
142.0 214
143.0 226
144.0 225
145.0 227
146.0 200
147.0 209
148.0 185
149.0 227
150.0 178
151.0 177
152.0 184
153.0 176
154.0 168
155.0 183
156.0 199
157.0 183
158.0 168
159.0 168
160.0 183
161.0 184
162.0 172
163.0 168
164.0 182
165.0 178
166.0 152
167.0 162
168.0 161
169.0 161
170.0 170
171.0 170
172.0 170
173.0 152
174.0 166
175.0 146
176.0 148
177.0 158
178.0 141
179.0 145
180.0 143
181.0 147
182.0 135
183.0 146
184.0 143
185.0 129
186.0 135
187.0 133
188.0 120
189.0 136
190.0 137
191.0 109
192.0 122
193.0 134
194.0 112
195.0 124
196.0 108
197.0 139
198.0 135
199.0 128
200.0 114
201.0 141
202.0 123
203.0 103
204.0 130
205.0 119
206.0 104
207.0 125
208.0 121
209.0 141
210.0 120
211.0 108
212.0 109
213.0 116
214.0 133
215.0 116
216.0 111
217.0 117
218.0 110
219.0 119
220.0 96
221.0 93
222.0 118
223.0 108
224.0 109
225.0 96
226.0 106
227.0 100
228.0 93
229.0 92
230.0 95
231.0 88
232.0 89
233.0 113
234.0 95
235.0 94
236.0 89
237.0 103
238.0 91
239.0 78
240.0 79
241.0 99
242.0 98
243.0 92
244.0 82
245.0 87
246.0 85
247.0 92
248.0 88
249.0 88
250.0 82
251.0 93
252.0 89
253.0 78
254.0 81
255.0 84
256.0 79
257.0 65
258.0 92
259.0 80
260.0 98
261.0 66
262.0 100
263.0 94
264.0 89
265.0 77
266.0 73
267.0 67
268.0 78
269.0 82
270.0 74
271.0 67
272.0 74
273.0 64
274.0 84
275.0 65
276.0 71
277.0 84
278.0 76
279.0 69
280.0 75
281.0 74
282.0 75
283.0 70
284.0 85
285.0 69
286.0 62
287.0 74
288.0 63
289.0 60
290.0 71
291.0 58
292.0 70
293.0 74
294.0 80
295.0 67
296.0 58
297.0 67
298.0 76
299.0 44
300.0 63
301.0 53
302.0 47
303.0 61
304.0 58
305.0 64
306.0 59
307.0 68
308.0 54
309.0 63
310.0 67
311.0 62
312.0 66
313.0 54
314.0 60
315.0 54
316.0 66
317.0 64
318.0 57
319.0 55
320.0 63
321.0 67
322.0 67
323.0 66
324.0 64
325.0 68
326.0 67
327.0 42
328.0 72
329.0 60
330.0 46
331.0 48
332.0 52
333.0 54
334.0 52
335.0 53
336.0 56
337.0 48
338.0 61
339.0 56
340.0 59
341.0 43
342.0 49
343.0 67
344.0 66
345.0 53
346.0 54
347.0 54
348.0 47
349.0 46
350.0 66
351.0 46
352.0 38
353.0 47
354.0 40
355.0 45
356.0 53
357.0 34
358.0 42
359.0 37
360.0 51
361.0 49
362.0 46
363.0 49
364.0 44
365.0 49
366.0 47
367.0 46
368.0 42
369.0 42
370.0 50
371.0 42
372.0 38
373.0 42
374.0 43
375.0 38
376.0 42
377.0 50
378.0 43
379.0 40
380.0 35
381.0 26
382.0 50
383.0 54
384.0 42
385.0 33
386.0 38
387.0 42
388.0 35
389.0 42
390.0 29
391.0 46
392.0 52
393.0 42
394.0 36
395.0 39
396.0 40
397.0 47
398.0 31
399.0 35
400.0 36
401.0 33
402.0 45
403.0 35
404.0 48
405.0 35
406.0 41
407.0 37
408.0 35
409.0 41
410.0 39
411.0 31
412.0 50
413.0 34
414.0 43
415.0 40
416.0 40
417.0 35
418.0 39
419.0 38
420.0 41
421.0 33
422.0 37
423.0 30
424.0 37
425.0 40
426.0 43
427.0 40
428.0 38
429.0 50
430.0 30
431.0 46
432.0 30
433.0 26
434.0 37
435.0 30
436.0 33
437.0 51
438.0 34
439.0 22
440.0 45
441.0 38
442.0 36
443.0 32
444.0 34
445.0 36
446.0 34
447.0 26
448.0 37
449.0 36
450.0 22
451.0 33
452.0 36
453.0 27
454.0 27
455.0 27
456.0 34
457.0 30
458.0 37
459.0 34
460.0 29
461.0 41
462.0 29
463.0 26
464.0 32
465.0 23
466.0 30
467.0 36
468.0 36
469.0 26
470.0 23
471.0 27
472.0 27
473.0 33
474.0 26
475.0 25
476.0 29
477.0 35
478.0 35
479.0 29
480.0 24
481.0 41
482.0 25
483.0 30
484.0 29
485.0 24
486.0 39
487.0 28
488.0 27
489.0 22
490.0 24
491.0 23
492.0 28
493.0 28
494.0 22
495.0 29
496.0 36
497.0 28
498.0 36
499.0 21
500.0 29
501.0 23
502.0 20
503.0 31
504.0 27
505.0 28
506.0 28
507.0 31
508.0 21
509.0 32
510.0 23
511.0 22
512.0 25
513.0 24
514.0 22
515.0 30
516.0 28
517.0 21
518.0 32
519.0 25
520.0 23
521.0 25
522.0 27
523.0 16
524.0 16
525.0 24
526.0 33
527.0 21
528.0 19
529.0 26
530.0 25
531.0 24
532.0 17
533.0 24
534.0 15
535.0 26
536.0 26
537.0 23
538.0 31
539.0 22
540.0 19
541.0 27
542.0 24
543.0 23
544.0 28
545.0 30
546.0 24
547.0 21
548.0 22
549.0 21
550.0 23
551.0 25
552.0 22
553.0 20
554.0 19
555.0 24
556.0 22
557.0 18
558.0 21
559.0 29
560.0 29
561.0 24
562.0 20
563.0 26
564.0 19
565.0 17
566.0 21
567.0 28
568.0 12
569.0 28
570.0 26
571.0 20
572.0 19
573.0 17
574.0 19
575.0 25
576.0 18
577.0 25
578.0 21
579.0 17
580.0 20
581.0 14
582.0 19
583.0 21
584.0 15
585.0 23
586.0 28
587.0 21
588.0 13
589.0 22
590.0 24
591.0 17
592.0 17
593.0 12
594.0 15
595.0 21
596.0 21
597.0 15
598.0 18
599.0 14
600.0 22
601.0 19
602.0 13
603.0 24
604.0 17
605.0 16
606.0 17
607.0 16
608.0 18
609.0 14
610.0 22
611.0 21
612.0 13
613.0 10
614.0 17
615.0 21
616.0 15
617.0 22
618.0 20
619.0 13
620.0 17
621.0 25
622.0 22
623.0 22
624.0 16
625.0 15
626.0 19
627.0 20
628.0 11
629.0 17
630.0 15
631.0 11
632.0 16
633.0 24
634.0 19
635.0 18
636.0 14
637.0 19
638.0 23
639.0 22
640.0 14
641.0 19
642.0 9
643.0 22
644.0 13
645.0 20
646.0 21
647.0 10
648.0 14
649.0 26
650.0 7
651.0 8
652.0 12
653.0 12
654.0 23
655.0 20
656.0 15
657.0 15
658.0 14
659.0 12
660.0 15
661.0 12
662.0 19
663.0 19
664.0 16
665.0 16
666.0 13
667.0 24
668.0 20
669.0 15
670.0 23
671.0 16
672.0 20
673.0 14
674.0 18
675.0 13
676.0 6
677.0 17
678.0 25
679.0 14
680.0 13
681.0 15
682.0 22
683.0 13
684.0 20
685.0 13
686.0 18
687.0 18
688.0 9
689.0 14
690.0 18
691.0 18
692.0 15
693.0 13
694.0 19
695.0 14
696.0 16
697.0 18
698.0 22
699.0 10
700.0 11
701.0 16
702.0 18
703.0 16
704.0 13
705.0 15
706.0 17
707.0 10
708.0 14
709.0 18
710.0 20
711.0 18
712.0 19
713.0 12
714.0 19
715.0 17
716.0 14
717.0 14
718.0 17
719.0 20
720.0 8
721.0 18
722.0 17
723.0 8
724.0 9
725.0 12
726.0 10
727.0 6
728.0 14
729.0 11
730.0 8
731.0 14
732.0 10
733.0 12
734.0 15
735.0 16
736.0 11
737.0 15
738.0 15
739.0 6
740.0 13
741.0 11
742.0 14
743.0 14
744.0 15
745.0 8
746.0 13
747.0 16
748.0 17
749.0 15
750.0 16
751.0 12
752.0 15
753.0 10
754.0 6
755.0 7
756.0 8
757.0 19
758.0 13
759.0 16
760.0 8
761.0 12
762.0 12
763.0 17
764.0 13
765.0 11
766.0 10
767.0 12
768.0 7
769.0 9
770.0 9
771.0 17
772.0 12
773.0 16
774.0 10
775.0 12
776.0 12
777.0 11
778.0 9
779.0 13
780.0 8
781.0 15
782.0 10
783.0 4
784.0 17
785.0 13
786.0 6
787.0 13
788.0 10
789.0 7
790.0 11
791.0 9
792.0 12
793.0 11
794.0 16
795.0 11
796.0 15
797.0 11
798.0 6
799.0 6
800.0 11
801.0 9
802.0 9
803.0 11
804.0 19
805.0 7
806.0 10
807.0 7
808.0 19
809.0 18
810.0 7
811.0 17
812.0 8
813.0 9
814.0 12
815.0 8
816.0 13
817.0 8
818.0 7
819.0 9
820.0 11
821.0 8
822.0 6
823.0 5
824.0 8
825.0 5
826.0 8
827.0 13
828.0 11
829.0 10
830.0 15
831.0 6
832.0 13
833.0 11
834.0 8
835.0 15
836.0 14
837.0 13
838.0 4
839.0 3
840.0 10
841.0 7
842.0 16
843.0 14
844.0 10
845.0 10
846.0 17
847.0 5
848.0 14
849.0 11
850.0 8
851.0 5
852.0 10
853.0 10
854.0 9
855.0 10
856.0 8
857.0 9
858.0 5
859.0 9
860.0 8
861.0 8
862.0 8
863.0 9
864.0 7
865.0 8
866.0 8
867.0 12
868.0 10
869.0 9
870.0 12
871.0 11
872.0 11
873.0 6
874.0 10
875.0 8
876.0 11
877.0 11
878.0 11
879.0 9
880.0 8
881.0 8
882.0 12
883.0 12
884.0 13
885.0 12
886.0 9
887.0 11
888.0 11
889.0 6
890.0 7
891.0 13
892.0 7
893.0 7
894.0 6
895.0 10
896.0 10
897.0 5
898.0 9
899.0 15
900.0 7
901.0 6
902.0 4
903.0 11
904.0 7
905.0 6
906.0 10
907.0 11
908.0 9
909.0 14
910.0 10
911.0 7
912.0 9
913.0 8
914.0 5
915.0 4
916.0 4
917.0 12
918.0 7
919.0 7
920.0 9
921.0 12
922.0 10
923.0 10
924.0 8
925.0 8
926.0 11
927.0 4
928.0 11
929.0 7
930.0 11
931.0 11
932.0 6
933.0 11
934.0 6
935.0 14
936.0 12
937.0 14
938.0 6
939.0 9
940.0 9
941.0 9
942.0 7
943.0 13
944.0 13
945.0 6
946.0 7
947.0 7
948.0 8
949.0 7
950.0 5
951.0 5
952.0 6
953.0 4
954.0 5
955.0 5
956.0 19
957.0 7
958.0 8
959.0 14
960.0 6
961.0 10
962.0 11
963.0 7
964.0 7
965.0 5
966.0 3
967.0 8
968.0 3
969.0 7
970.0 9
971.0 9
972.0 4
973.0 6
974.0 9
975.0 9
976.0 10
977.0 6
978.0 8
979.0 6
980.0 9
981.0 4
982.0 4
983.0 9
984.0 5
985.0 12
986.0 8
987.0 7
988.0 8
989.0 10
990.0 7
991.0 7
992.0 10
993.0 11
994.0 7
995.0 5
996.0 8
997.0 7
998.0 4
999.0 7
1000.0 8
1001.0 5
1002.0 3
1003.0 3
1004.0 6
1005.0 9
1006.0 10
1007.0 7
1008.0 11
1009.0 7
1010.0 9
1011.0 6
1012.0 9
1013.0 7
1014.0 10
1015.0 5
1016.0 8
1017.0 9
1018.0 11
1019.0 7
1020.0 11
1021.0 11
1022.0 8
1023.0 5
1024.0 11
1025.0 9
1026.0 8
1027.0 5
1028.0 4
1029.0 2
1030.0 8
1031.0 6
1032.0 9
1033.0 8
1034.0 8
1035.0 8
1036.0 6
1037.0 5
1038.0 8
1039.0 10
1040.0 9
1041.0 10
1042.0 6
1043.0 10
1044.0 8
1045.0 5
1046.0 4
1047.0 7
1048.0 4
1049.0 8
1050.0 6
1051.0 9
1052.0 7
1053.0 6
1054.0 6
1055.0 5
1056.0 8
1057.0 8
1058.0 10
1059.0 3
1060.0 7
1061.0 6
1062.0 5
1063.0 5
1064.0 5
1065.0 5
1066.0 4
1067.0 3
1068.0 12
1069.0 7
1070.0 6
1071.0 5
1072.0 5
1073.0 11
1074.0 2
1075.0 7
1076.0 4
1077.0 7
1078.0 5
1079.0 8
1080.0 10
1081.0 3
1082.0 5
1083.0 5
1084.0 4
1085.0 2
1087.0 7
1088.0 5
1089.0 3
1090.0 7
1091.0 6
1092.0 4
1093.0 7
1094.0 8
1095.0 4
1096.0 9
1097.0 6
1098.0 5
1099.0 12
1100.0 7
1101.0 10
1102.0 9
1103.0 7
1104.0 9
1105.0 6
1106.0 13
1107.0 9
1108.0 6
1109.0 6
1110.0 6
1111.0 5
1112.0 6
1113.0 3
1114.0 7
1115.0 7
1116.0 12
1117.0 5
1118.0 4
1119.0 4
1120.0 6
1121.0 10
1122.0 2
1123.0 2
1124.0 6
1125.0 5
1126.0 6
1127.0 7
1128.0 8
1129.0 5
1130.0 6
1131.0 7
1132.0 9
1133.0 7
1134.0 4
1135.0 7
1136.0 7
1137.0 8
1138.0 10
1139.0 8
1140.0 5
1141.0 5
1142.0 5
1143.0 4
1144.0 6
1145.0 6
1146.0 9
1147.0 8
1148.0 4
1149.0 3
1150.0 6
1151.0 3
1152.0 8
1153.0 4
1154.0 3
1155.0 6
1156.0 4
1157.0 7
1158.0 4
1159.0 2
1160.0 5
1162.0 6
1163.0 1
1164.0 2
1165.0 5
1166.0 4
1167.0 8
1168.0 8
1170.0 9
1171.0 7
1172.0 5
1173.0 4
1174.0 6
1175.0 1
1176.0 7
1177.0 1
1178.0 7
1179.0 4
1180.0 8
1181.0 7
1182.0 6
1183.0 5
1184.0 6
1185.0 10
1186.0 6
1187.0 4
1188.0 6
1189.0 5
1190.0 6
1191.0 7
1192.0 5
1193.0 3
1194.0 4
1195.0 5
1196.0 4
1197.0 7
1198.0 5
1199.0 5
1200.0 4
1201.0 8
1202.0 4
1203.0 4
1204.0 3
1205.0 5
1206.0 6
1207.0 2
1208.0 4
1209.0 3
1210.0 6
1211.0 3
1212.0 5
1213.0 5
1214.0 2
1215.0 5
1216.0 4
1217.0 6
1218.0 3
1219.0 4
1220.0 1
1221.0 3
1222.0 11
1223.0 7
1224.0 3
1225.0 4
1226.0 2
1227.0 5
1228.0 4
1229.0 3
1230.0 3
1231.0 2
1232.0 3
1233.0 2
1234.0 4
1235.0 5
1236.0 3
1237.0 3
1238.0 2
1239.0 4
1240.0 5
1241.0 4
1242.0 4
1243.0 3
1244.0 5
1245.0 6
1246.0 6
1248.0 3
1249.0 7
1250.0 3
1251.0 3
1252.0 7
1253.0 4
1254.0 2
1255.0 4
1256.0 1
1257.0 4
1258.0 5
1259.0 3
1260.0 3
1261.0 6
1262.0 3
1263.0 2
1264.0 4
1265.0 3
1266.0 2
1267.0 3
1268.0 4
1269.0 4
1270.0 3
1271.0 3
1272.0 3
1273.0 8
1274.0 1
1275.0 4
1276.0 3
1277.0 1
1278.0 9
1279.0 2
1280.0 8
1281.0 3
1282.0 2
1283.0 6
1284.0 2
1285.0 4
1286.0 6
1287.0 3
1288.0 4
1289.0 7
1290.0 3
1291.0 4
1292.0 5
1293.0 3
1294.0 4
1295.0 1
1296.0 5
1297.0 3
1298.0 5
1299.0 7
1300.0 5
1302.0 2
1303.0 6
1304.0 5
1305.0 7
1306.0 1
1307.0 4
1308.0 6
1309.0 4
1310.0 5
1311.0 3
1312.0 6
1313.0 4
1314.0 3
1315.0 7
1316.0 4
1317.0 4
1318.0 4
1319.0 4
1320.0 3
1321.0 4
1322.0 3
1323.0 2
1324.0 2
1325.0 6
1326.0 6
1327.0 6
1328.0 7
1329.0 4
1330.0 8
1331.0 4
1332.0 3
1333.0 6
1334.0 1
1335.0 5
1336.0 9
1337.0 1
1338.0 3
1339.0 3
1340.0 6
1341.0 10
1342.0 4
1343.0 3
1344.0 1
1345.0 4
1346.0 6
1347.0 4
1348.0 6
1349.0 6
1350.0 3
1351.0 4
1352.0 3
1353.0 2
1354.0 2
1355.0 5
1356.0 6
1357.0 5
1358.0 4
1359.0 4
1360.0 2
1361.0 6
1362.0 5
1363.0 1
1364.0 7
1365.0 8
1366.0 4
1367.0 6
1368.0 4
1369.0 6
1370.0 2
1371.0 8
1372.0 1
1373.0 3
1374.0 3
1375.0 6
1376.0 1
1377.0 9
1378.0 2
1379.0 7
1380.0 4
1381.0 2
1382.0 4
1383.0 3
1384.0 4
1385.0 2
1386.0 4
1387.0 3
1388.0 3
1389.0 2
1390.0 1
1391.0 6
1392.0 4
1393.0 2
1394.0 2
1395.0 2
1396.0 3
1397.0 2
1398.0 5
1399.0 1
1400.0 3
1401.0 5
1402.0 2
1403.0 3
1404.0 5
1405.0 4
1406.0 4
1407.0 6
1408.0 3
1409.0 5
1410.0 5
1411.0 2
1412.0 2
1413.0 4
1414.0 2
1415.0 2
1416.0 4
1417.0 3
1418.0 4
1419.0 2
1420.0 2
1421.0 4
1422.0 6
1423.0 6
1424.0 7
1425.0 3
1426.0 3
1427.0 4
1428.0 4
1429.0 5
1430.0 2
1431.0 4
1432.0 4
1433.0 2
1434.0 3
1435.0 3
1436.0 2
1437.0 2
1438.0 5
1439.0 5
1440.0 2
1441.0 3
1442.0 6
1443.0 3
1445.0 4
1446.0 8
1447.0 4
1448.0 8
1449.0 2
1450.0 6
1451.0 2
1452.0 3
1453.0 6
1454.0 5
1455.0 1
1456.0 3
1457.0 5
1458.0 3
1459.0 2
1460.0 2
1461.0 4
1462.0 1
1463.0 3
1464.0 3
1465.0 4
1466.0 4
1467.0 4
1468.0 2
1469.0 3
1470.0 3
1471.0 4
1472.0 3
1473.0 4
1474.0 2
1475.0 5
1476.0 1
1477.0 1
1478.0 1
1479.0 5
1480.0 2
1481.0 6
1482.0 4
1483.0 2
1484.0 4
1485.0 1
1486.0 4
1487.0 3
1488.0 1
1489.0 1
1490.0 2
1491.0 3
1492.0 4
1493.0 3
1494.0 3
1495.0 8
1496.0 6
1497.0 2
1498.0 4
1499.0 5
1501.0 4
1502.0 1
1503.0 6
1504.0 7
1505.0 3
1506.0 3
1507.0 2
1509.0 5
1510.0 1
1511.0 2
1512.0 3
1513.0 3
1514.0 2
1515.0 2
1516.0 3
1517.0 4
1518.0 3
1519.0 3
1520.0 1
1522.0 2
1523.0 5
1524.0 3
1525.0 4
1526.0 1
1527.0 1
1528.0 3
1529.0 2
1530.0 1
1531.0 4
1532.0 1
1533.0 4
1534.0 2
1535.0 3
1536.0 5
1537.0 2
1538.0 2
1539.0 3
1540.0 4
1541.0 4
1542.0 8
1543.0 3
1544.0 2
1545.0 2
1546.0 5
1547.0 4
1548.0 2
1549.0 2
1550.0 2
1551.0 7
1552.0 1
1553.0 3
1554.0 4
1556.0 4
1557.0 1
1558.0 2
1559.0 3
1560.0 2
1561.0 5
1562.0 4
1563.0 7
1564.0 3
1565.0 3
1566.0 5
1568.0 1
1569.0 1
1570.0 1
1571.0 1
1572.0 4
1573.0 2
1574.0 6
1575.0 7
1576.0 2
1577.0 7
1578.0 2
1579.0 1
1580.0 6
1581.0 3
1582.0 5
1583.0 4
1584.0 3
1585.0 2
1586.0 3
1587.0 3
1588.0 2
1589.0 2
1592.0 4
1593.0 3
1595.0 2
1596.0 3
1597.0 3
1598.0 3
1599.0 2
1600.0 4
1601.0 4
1602.0 1
1603.0 2
1604.0 2
1605.0 8
1606.0 4
1607.0 2
1608.0 4
1609.0 2
1610.0 2
1611.0 5
1612.0 3
1613.0 1
1614.0 2
1615.0 5
1616.0 2
1617.0 5
1618.0 2
1619.0 1
1620.0 6
1621.0 1
1622.0 1
1623.0 2
1624.0 1
1625.0 4
1626.0 4
1627.0 2
1628.0 2
1629.0 1
1630.0 1
1631.0 3
1632.0 2
1633.0 1
1634.0 5
1635.0 1
1636.0 3
1637.0 2
1638.0 2
1639.0 2
1640.0 3
1641.0 3
1642.0 2
1643.0 3
1644.0 1
1645.0 3
1647.0 6
1648.0 2
1649.0 1
1650.0 3
1651.0 2
1652.0 1
1653.0 2
1654.0 3
1655.0 1
1656.0 4
1657.0 2
1658.0 4
1659.0 2
1660.0 2
1661.0 5
1662.0 3
1663.0 2
1664.0 2
1665.0 1
1666.0 2
1667.0 2
1670.0 4
1671.0 5
1673.0 1
1674.0 5
1675.0 1
1676.0 1
1677.0 3
1678.0 3
1679.0 5
1680.0 2
1681.0 2
1682.0 4
1683.0 2
1684.0 5
1685.0 3
1686.0 3
1688.0 3
1689.0 1
1690.0 5
1691.0 1
1692.0 1
1693.0 3
1694.0 1
1695.0 6
1696.0 1
1697.0 1
1698.0 1
1699.0 3
1700.0 4
1701.0 3
1702.0 1
1704.0 3
1705.0 1
1706.0 1
1707.0 1
1708.0 1
1709.0 1
1710.0 1
1711.0 1
1712.0 1
1714.0 3
1715.0 2
1716.0 2
1718.0 3
1719.0 3
1720.0 2
1721.0 2
1722.0 1
1723.0 3
1724.0 1
1725.0 2
1726.0 3
1727.0 2
1728.0 3
1729.0 4
1730.0 2
1731.0 1
1733.0 3
1734.0 2
1735.0 1
1736.0 3
1737.0 3
1738.0 3
1739.0 2
1740.0 2
1741.0 3
1742.0 4
1743.0 1
1744.0 4
1745.0 1
1747.0 1
1748.0 4
1749.0 2
1750.0 5
1751.0 3
1752.0 3
1753.0 5
1754.0 7
1755.0 2
1756.0 3
1757.0 2
1758.0 3
1759.0 2
1760.0 3
1761.0 3
1762.0 2
1763.0 2
1764.0 3
1766.0 4
1767.0 1
1768.0 1
1769.0 2
1771.0 3
1772.0 4
1773.0 2
1774.0 4
1775.0 4
1776.0 4
1777.0 3
1778.0 3
1779.0 3
1780.0 6
1782.0 2
1783.0 1
1784.0 2
1785.0 1
1786.0 4
1789.0 3
1790.0 2
1791.0 2
1792.0 2
1794.0 3
1795.0 3
1797.0 1
1798.0 1
1799.0 2
1800.0 3
1801.0 1
1802.0 2
1803.0 1
1804.0 4
1805.0 4
1806.0 4
1808.0 3
1810.0 2
1811.0 1
1812.0 2
1813.0 1
1814.0 4
1815.0 3
1816.0 3
1818.0 3
1819.0 2
1820.0 2
1821.0 2
1822.0 2
1823.0 1
1824.0 3
1826.0 1
1827.0 4
1828.0 2
1829.0 2
1830.0 1
1831.0 2
1832.0 4
1834.0 1
1835.0 2
1836.0 2
1837.0 1
1838.0 1
1839.0 2
1840.0 1
1843.0 2
1844.0 1
1845.0 2
1846.0 4
1847.0 4
1848.0 1
1849.0 2
1851.0 2
1853.0 1
1854.0 4
1855.0 3
1856.0 2
1858.0 1
1862.0 2
1864.0 2
1865.0 2
1866.0 1
1867.0 1
1868.0 1
1870.0 2
1871.0 1
1872.0 1
1873.0 3
1874.0 2
1875.0 1
1876.0 2
1877.0 3
1878.0 4
1879.0 4
1881.0 4
1883.0 4
1884.0 2
1885.0 2
1886.0 1
1887.0 3
1888.0 1
1889.0 3
1891.0 3
1892.0 1
1893.0 2
1894.0 4
1895.0 3
1896.0 1
1897.0 2
1899.0 2
1901.0 1
1902.0 1
1903.0 2
1904.0 1
1906.0 2
1909.0 1
1910.0 2
1911.0 2
1912.0 2
1913.0 2
1914.0 1
1915.0 2
1916.0 5
1918.0 3
1919.0 4
1920.0 2
1921.0 1
1922.0 1
1923.0 2
1924.0 1
1925.0 1
1926.0 1
1929.0 3
1930.0 3
1931.0 1
1932.0 1
1933.0 3
1934.0 1
1935.0 1
1936.0 2
1937.0 1
1938.0 1
1940.0 2
1943.0 1
1945.0 1
1946.0 3
1947.0 1
1948.0 2
1949.0 4
1952.0 1
1953.0 1
1954.0 1
1955.0 2
1957.0 3
1960.0 1
1961.0 1
1963.0 2
1965.0 3
1968.0 2
1970.0 1
1971.0 2
1973.0 3
1974.0 3
1975.0 5
1977.0 2
1978.0 1
1979.0 2
1980.0 2
1981.0 1
1983.0 1
1984.0 1
1986.0 1
1987.0 1
1988.0 2
1991.0 2
1992.0 1
1993.0 6
1995.0 1
1997.0 2
1998.0 1
1999.0 3
2000.0 3
2001.0 1
2004.0 1
2006.0 1
2007.0 1
2009.0 2
2010.0 2
2012.0 1
2013.0 2
2014.0 1
2015.0 1
2016.0 1
2018.0 2
2019.0 1
2020.0 1
2021.0 2
2022.0 2
2026.0 1
2027.0 2
2028.0 2
2029.0 3
2030.0 1
2031.0 1
2032.0 2
2033.0 2
2034.0 1
2036.0 3
2037.0 2
2038.0 1
2039.0 1
2041.0 1
2043.0 2
2045.0 3
2046.0 1
2051.0 2
2052.0 2
2053.0 2
2054.0 5
2055.0 1
2056.0 3
2057.0 3
2058.0 1
2059.0 3
2061.0 1
2062.0 1
2063.0 1
2064.0 2
2066.0 1
2067.0 1
2068.0 1
2071.0 2
2072.0 2
2073.0 3
2074.0 2
2075.0 1
2076.0 2
2077.0 1
2078.0 1
2079.0 1
2081.0 3
2082.0 3
2084.0 2
2085.0 1
2086.0 1
2088.0 1
2089.0 1
2090.0 3
2091.0 1
2092.0 2
2093.0 2
2094.0 4
2095.0 5
2098.0 1
2099.0 1
2100.0 3
2102.0 3
2103.0 2
2106.0 6
2107.0 1
2109.0 2
2110.0 2
2112.0 1
2113.0 1
2114.0 1
2115.0 2
2116.0 2
2117.0 1
2119.0 2
2120.0 2
2121.0 1
2122.0 2
2123.0 1
2126.0 1
2127.0 1
2129.0 4
2130.0 4
2132.0 1
2134.0 3
2135.0 2
2137.0 1
2138.0 3
2139.0 1
2142.0 4
2143.0 1
2144.0 1
2145.0 1
2146.0 2
2148.0 2
2149.0 1
2150.0 1
2151.0 1
2153.0 1
2154.0 1
2155.0 1
2157.0 1
2158.0 1
2159.0 1
2160.0 4
2163.0 4
2164.0 2
2165.0 1
2166.0 1
2168.0 3
2170.0 1
2171.0 2
2174.0 2
2175.0 4
2176.0 1
2177.0 2
2178.0 2
2179.0 1
2182.0 1
2184.0 2
2185.0 2
2188.0 1
2189.0 1
2192.0 1
2193.0 1
2194.0 2
2195.0 2
2196.0 1
2197.0 1
2198.0 1
2201.0 1
2202.0 1
2203.0 2
2204.0 3
2207.0 1
2208.0 1
2211.0 1
2214.0 2
2217.0 1
2218.0 2
2219.0 2
2221.0 1
2222.0 2
2223.0 3
2224.0 1
2225.0 2
2226.0 2
2227.0 1
2228.0 2
2231.0 4
2232.0 1
2233.0 2
2234.0 1
2236.0 1
2237.0 1
2239.0 1
2240.0 3
2241.0 1
2242.0 1
2243.0 1
2245.0 1
2246.0 1
2249.0 1
2250.0 1
2251.0 2
2252.0 3
2253.0 2
2255.0 2
2256.0 3
2257.0 1
2259.0 1
2260.0 2
2261.0 1
2262.0 2
2263.0 4
2265.0 1
2266.0 2
2267.0 1
2268.0 1
2269.0 1
2270.0 1
2271.0 1
2272.0 2
2273.0 1
2277.0 2
2279.0 1
2280.0 1
2281.0 3
2284.0 2
2287.0 2
2288.0 1
2289.0 1
2290.0 1
2295.0 1
2301.0 3
2303.0 1
2304.0 2
2305.0 3
2307.0 1
2308.0 1
2310.0 1
2311.0 1
2313.0 2
2314.0 2
2315.0 4
2316.0 2
2319.0 1
2320.0 2
2323.0 1
2326.0 1
2327.0 2
2329.0 1
2331.0 1
2333.0 1
2334.0 2
2335.0 1
2336.0 1
2338.0 3
2339.0 1
2340.0 5
2343.0 2
2344.0 2
2346.0 4
2348.0 1
2349.0 2
2350.0 1
2351.0 1
2352.0 1
2353.0 2
2354.0 3
2355.0 1
2357.0 1
2358.0 1
2359.0 2
2362.0 1
2363.0 1
2364.0 3
2365.0 1
2366.0 2
2367.0 1
2368.0 2
2369.0 2
2370.0 3
2372.0 1
2374.0 3
2376.0 1
2378.0 1
2379.0 1
2382.0 1
2383.0 3
2384.0 1
2387.0 1
2388.0 1
2390.0 2
2391.0 1
2393.0 1
2394.0 1
2395.0 1
2396.0 2
2398.0 1
2399.0 1
2400.0 1
2401.0 2
2402.0 1
2406.0 3
2409.0 2
2413.0 1
2414.0 2
2415.0 1
2416.0 1
2418.0 1
2419.0 1
2420.0 1
2421.0 1
2424.0 1
2428.0 2
2430.0 3
2431.0 1
2432.0 3
2433.0 1
2434.0 1
2436.0 1
2437.0 1
2438.0 1
2439.0 2
2440.0 1
2447.0 1
2448.0 1
2449.0 1
2451.0 2
2453.0 3
2455.0 1
2456.0 2
2457.0 3
2459.0 2
2461.0 1
2462.0 1
2464.0 1
2466.0 1
2467.0 1
2469.0 1
2470.0 1
2471.0 2
2472.0 1
2473.0 1
2475.0 1
2479.0 1
2481.0 1
2483.0 1
2485.0 1
2488.0 2
2492.0 1
2495.0 1
2496.0 3
2498.0 1
2499.0 1
2500.0 3
2501.0 3
2502.0 1
2503.0 2
2505.0 1
2506.0 1
2507.0 1
2509.0 2
2510.0 1
2512.0 1
2513.0 1
2514.0 2
2515.0 1
2516.0 4
2517.0 1
2518.0 1
2519.0 3
2520.0 1
2521.0 2
2523.0 1
2524.0 1
2526.0 1
2527.0 1
2528.0 1
2529.0 1
2530.0 1
2531.0 1
2533.0 1
2537.0 1
2538.0 1
2539.0 1
2541.0 2
2542.0 1
2545.0 2
2547.0 2
2549.0 1
2551.0 1
2555.0 1
2557.0 1
2558.0 1
2559.0 2
2560.0 1
2562.0 1
2565.0 4
2567.0 1
2568.0 1
2573.0 1
2577.0 1
2582.0 1
2584.0 2
2586.0 1
2593.0 1
2595.0 1
2596.0 3
2597.0 1
2598.0 1
2600.0 1
2603.0 1
2606.0 2
2607.0 1
2608.0 1
2613.0 3
2614.0 1
2618.0 1
2621.0 1
2623.0 1
2624.0 1
2626.0 2
2631.0 1
2634.0 1
2635.0 1
2637.0 1
2639.0 2
2641.0 1
2645.0 1
2647.0 1
2651.0 2
2653.0 2
2654.0 3
2655.0 1
2656.0 1
2657.0 1
2662.0 2
2663.0 1
2664.0 1
2666.0 2
2667.0 1
2668.0 2
2669.0 1
2671.0 1
2672.0 1
2673.0 1
2675.0 1
2676.0 1
2677.0 2
2678.0 1
2680.0 1
2682.0 1
2686.0 1
2687.0 1
2688.0 1
2691.0 1
2694.0 1
2695.0 1
2698.0 1
2700.0 1
2701.0 1
2702.0 1
2703.0 1
2710.0 1
2711.0 1
2712.0 3
2716.0 1
2718.0 1
2723.0 2
2724.0 2
2725.0 1
2726.0 1
2727.0 2
2728.0 3
2730.0 2
2733.0 1
2734.0 2
2735.0 3
2737.0 1
2739.0 1
2741.0 1
2745.0 1
2746.0 2
2748.0 1
2749.0 1
2751.0 1
2755.0 1
2756.0 1
2758.0 1
2759.0 1
2760.0 1
2761.0 1
2771.0 1
2773.0 1
2777.0 2
2779.0 2
2783.0 1
2785.0 1
2791.0 2
2792.0 3
2798.0 1
2799.0 1
2800.0 1
2801.0 3
2802.0 2
2803.0 2
2804.0 2
2805.0 1
2807.0 1
2808.0 1
2811.0 2
2813.0 2
2817.0 2
2823.0 1
2826.0 1
2827.0 1
2829.0 1
2831.0 1
2832.0 1
2834.0 1
2835.0 2
2838.0 2
2839.0 1
2841.0 2
2846.0 1
2847.0 1
2848.0 1
2852.0 2
2855.0 1
2859.0 5
2863.0 1
2867.0 1
2868.0 1
2870.0 1
2872.0 1
2873.0 1
2877.0 1
2878.0 1
2881.0 1
2882.0 3
2883.0 4
2885.0 2
2887.0 1
2889.0 1
2892.0 1
2893.0 1
2894.0 1
2895.0 1
2896.0 1
2898.0 1
2901.0 1
2902.0 1
2905.0 1
2908.0 1
2913.0 1
2915.0 1
2916.0 1
2923.0 1
2926.0 1
2927.0 2
2930.0 1
2932.0 1
2934.0 1
2935.0 3
2938.0 1
2940.0 1
2941.0 2
2942.0 1
2943.0 2
2944.0 1
2947.0 1
2948.0 1
2949.0 2
2950.0 2
2951.0 1
2953.0 1
2954.0 1
2958.0 1
2961.0 1
2965.0 1
2971.0 1
2972.0 1
2977.0 1
2982.0 1
2983.0 1
2985.0 1
2987.0 1
3005.0 1
3006.0 1
3007.0 1
3008.0 1
3012.0 1
3013.0 1
3018.0 1
3023.0 1
3028.0 1
3030.0 1
3031.0 3
3032.0 1
3033.0 1
3038.0 1
3041.0 2
3044.0 1
3045.0 1
3046.0 1
3048.0 3
3050.0 1
3053.0 1
3059.0 1
3064.0 1
3069.0 1
3071.0 1
3072.0 1
3074.0 1
3083.0 1
3091.0 2
3094.0 1
3098.0 1
3100.0 1
3101.0 1
3109.0 1
3110.0 1
3116.0 1
3118.0 2
3124.0 2
3128.0 1
3130.0 1
3136.0 1
3137.0 3
3139.0 1
3144.0 1
3145.0 1
3148.0 1
3155.0 2
3157.0 1
3163.0 1
3164.0 1
3166.0 1
3172.0 2
3173.0 1
3178.0 1
3181.0 1
3183.0 1
3186.0 2
3189.0 1
3202.0 1
3203.0 3
3206.0 1
3211.0 1
3218.0 1
3222.0 1
3223.0 1
3225.0 1
3227.0 1
3228.0 1
3229.0 1
3230.0 1
3232.0 2
3254.0 1
3257.0 2
3265.0 1
3268.0 1
3270.0 1
3281.0 1
3284.0 1
3286.0 1
3290.0 1
3292.0 1
3294.0 1
3295.0 1
3296.0 1
3297.0 1
3298.0 1
3306.0 1
3307.0 1
3308.0 2
3309.0 1
3311.0 1
3316.0 1
3321.0 1
3328.0 1
3329.0 1
3332.0 1
3338.0 1
3344.0 2
3354.0 1
3355.0 1
3359.0 1
3367.0 1
3374.0 3
3378.0 2
3379.0 1
3382.0 1
3385.0 2
3386.0 1
3387.0 1
3391.0 1
3402.0 1
3409.0 1
3417.0 1
3418.0 1
3421.0 1
3431.0 1
3432.0 1
3433.0 2
3440.0 1
3441.0 1
3444.0 1
3445.0 1
3448.0 1
3457.0 1
3473.0 1
3474.0 1
3478.0 1
3479.0 1
3485.0 1
3486.0 1
3498.0 1
3500.0 1
3510.0 1
3511.0 1
3512.0 1
3515.0 1
3518.0 1
3523.0 1
3524.0 1
3530.0 1
3536.0 1
3537.0 2
3546.0 1
3549.0 1
3552.0 1
3554.0 1
3565.0 1
3573.0 1
3578.0 2
3579.0 1
3584.0 1
3594.0 1
3599.0 1
3600.0 1
3607.0 2
3610.0 1
3616.0 2
3629.0 1
3633.0 2
3646.0 1
3652.0 2
3657.0 1
3658.0 1
3659.0 1
3669.0 1
3670.0 1
3681.0 1
3694.0 2
3697.0 1
3711.0 1
3713.0 1
3719.0 1
3720.0 1
3733.0 1
3738.0 1
3761.0 1
3763.0 1
3765.0 1
3770.0 2
3776.0 1
3778.0 1
3787.0 1
3791.0 1
3796.0 1
3802.0 1
3803.0 1
3806.0 1
3814.0 1
3820.0 1
3827.0 1
3834.0 1
3843.0 1
3852.0 1
3860.0 1
3872.0 1
3899.0 1
3901.0 1
3903.0 1
3908.0 1
3910.0 1
3926.0 1
3944.0 1
3948.0 1
3965.0 1
3969.0 1
3973.0 1
3976.0 1
3979.0 1
3992.0 1
3997.0 1
4003.0 1
4008.0 1
4010.0 1
4018.0 1
4027.0 1
4036.0 1
4062.0 1
4074.0 1
4081.0 1
4087.0 1
4089.0 1
4091.0 1
4093.0 1
4096.0 1
4106.0 1
4113.0 1
4121.0 1
4162.0 1
4172.0 1
4173.0 1
4192.0 1
4195.0 1
4208.0 1
4216.0 1
4224.0 1
4238.0 1
4268.0 1
4276.0 1
4280.0 1
4292.0 1
4299.0 1
4300.0 1
4311.0 1
4330.0 1
4332.0 1
4358.0 1
4361.0 1
4369.0 1
4391.0 1
4407.0 1
4415.0 1
4427.0 1
4437.0 2
4448.0 2
4460.0 1
4490.0 1
4491.0 1
4495.0 1
4530.0 1
4538.0 1
4559.0 1
4581.0 1
4584.0 1
4597.0 1
4615.0 1
4623.0 1
4639.0 1
4643.0 1
4695.0 1
4721.0 1
4727.0 1
4767.0 1
4769.0 1
4792.0 1
4798.0 1
4799.0 1
4809.0 1
4832.0 1
4850.0 1
4869.0 1
4902.0 1
4908.0 1
4926.0 1
4932.0 1
4978.0 1
4991.0 1
5004.0 1
5058.0 1
5128.0 1
5176.0 1
5194.0 1
5209.0 1
5220.0 1
5221.0 1
5222.0 1
5282.0 1
5344.0 1
5366.0 1
5401.0 1
5412.0 1
5424.0 1
5475.0 1
5547.0 1
5599.0 1
5616.0 1
5659.0 1
5664.0 1
5669.0 1
5717.0 1
5776.0 1
5824.0 1
5905.0 1
5974.0 1
6105.0 1
6118.0 1
6125.0 1
6178.0 1
6274.0 1
6339.0 1
6349.0 1
6441.0 1
6488.0 1
6519.0 1
6608.0 1
6679.0 1
6711.0 1
6714.0 1
6721.0 1
6734.0 1
6767.0 1
6838.0 1
6915.0 1
6950.0 1
7005.0 2
7111.0 1
7162.0 1
7165.0 1
7193.0 1
7213.0 1
7277.0 1
7307.0 1
7357.0 1
7463.0 1
7533.0 1
7565.0 1
7666.0 1
7793.0 1
7849.0 1
7866.0 1
7884.0 1
8178.0 1
8478.0 1
8498.0 1
8519.0 1
8845.0 1
8905.0 1
9054.0 1
9065.0 1
9220.0 1
9601.0 1
9687.0 1
9827.0 1
9856.0 1
10030.0 1
10147.0 1
10196.0 1
10373.0 1
10620.0 1
10688.0 1
11344.0 1
11488.0 1
11513.0 1
12472.0 1
12611.0 1
13588.0 1
14449.0 1
16328.0 1
19123.0 1
19572.0 1
27224.0 1
