1.0 313
2.0 135
3.0 102
4.0 92
5.0 36868
6.0 15037
7.0 9063
8.0 5783
9.0 3972
10.0 3050
11.0 2319
12.0 1767
13.0 1341
14.0 1193
15.0 960
16.0 796
17.0 679
18.0 592
19.0 530
20.0 466
21.0 355
22.0 356
23.0 350
24.0 296
25.0 298
26.0 223
27.0 237
28.0 191
29.0 205
30.0 177
31.0 165
32.0 156
33.0 180
34.0 139
35.0 131
36.0 120
37.0 111
38.0 122
39.0 101
40.0 127
41.0 95
42.0 91
43.0 82
44.0 79
45.0 88
46.0 79
47.0 75
48.0 73
49.0 74
50.0 73
51.0 63
52.0 64
53.0 63
54.0 66
55.0 75
56.0 66
57.0 74
58.0 62
59.0 58
60.0 52
61.0 59
62.0 61
63.0 48
64.0 48
65.0 49
66.0 47
67.0 48
68.0 61
69.0 40
70.0 56
71.0 44
72.0 46
73.0 45
74.0 45
75.0 39
76.0 50
77.0 41
78.0 32
79.0 53
80.0 44
81.0 24
82.0 46
83.0 48
84.0 39
85.0 44
86.0 50
87.0 45
88.0 41
89.0 50
90.0 44
91.0 39
92.0 41
93.0 34
94.0 35
95.0 29
96.0 44
97.0 27
98.0 42
99.0 26
100.0 144
101.0 157
102.0 176
103.0 174
104.0 191
105.0 189
106.0 171
107.0 188
108.0 187
109.0 199
110.0 189
111.0 150
112.0 147
113.0 134
114.0 158
115.0 130
116.0 120
117.0 104
118.0 108
119.0 102
120.0 97
121.0 94
122.0 92
123.0 90
124.0 67
125.0 90
126.0 81
127.0 67
128.0 72
129.0 77
130.0 52
131.0 86
132.0 54
133.0 64
134.0 64
135.0 71
136.0 67
137.0 62
138.0 44
139.0 51
140.0 52
141.0 63
142.0 57
143.0 41
144.0 53
145.0 44
146.0 62
147.0 79
148.0 55
149.0 64
150.0 41
151.0 44
152.0 64
153.0 46
154.0 50
155.0 37
156.0 36
157.0 51
158.0 49
159.0 46
160.0 46
161.0 45
162.0 54
163.0 28
164.0 37
165.0 39
166.0 33
167.0 47
168.0 42
169.0 36
170.0 48
171.0 33
172.0 50
173.0 49
174.0 48
175.0 41
176.0 40
177.0 33
178.0 51
179.0 47
180.0 36
181.0 42
182.0 39
183.0 37
184.0 44
185.0 29
186.0 21
187.0 41
188.0 35
189.0 43
190.0 39
191.0 33
192.0 40
193.0 33
194.0 15
195.0 31
196.0 34
197.0 32
198.0 33
199.0 34
200.0 39
201.0 25
202.0 38
203.0 29
204.0 38
205.0 35
206.0 33
207.0 29
208.0 32
209.0 29
210.0 25
211.0 38
212.0 30
213.0 30
214.0 43
215.0 26
216.0 33
217.0 28
218.0 32
219.0 35
220.0 24
221.0 30
222.0 29
223.0 36
224.0 39
225.0 30
226.0 18
227.0 28
228.0 26
229.0 29
230.0 31
231.0 25
232.0 27
233.0 34
234.0 29
235.0 28
236.0 24
237.0 24
238.0 20
239.0 13
240.0 27
241.0 25
242.0 25
243.0 25
244.0 19
245.0 25
246.0 22
247.0 24
248.0 16
249.0 27
250.0 23
251.0 17
252.0 23
253.0 19
254.0 18
255.0 27
256.0 18
257.0 24
258.0 20
259.0 21
260.0 19
261.0 27
262.0 25
263.0 25
264.0 21
265.0 26
266.0 23
267.0 22
268.0 19
269.0 16
270.0 14
271.0 22
272.0 16
273.0 22
274.0 33
275.0 17
276.0 26
277.0 24
278.0 11
279.0 13
280.0 15
281.0 21
282.0 19
283.0 18
284.0 14
285.0 21
286.0 25
287.0 12
288.0 16
289.0 17
290.0 14
291.0 21
292.0 17
293.0 23
294.0 26
295.0 22
296.0 23
297.0 13
298.0 18
299.0 25
300.0 16
301.0 19
302.0 22
303.0 11
304.0 13
305.0 20
306.0 19
307.0 20
308.0 21
309.0 20
310.0 16
311.0 17
312.0 19
313.0 16
314.0 15
315.0 15
316.0 13
317.0 13
318.0 15
319.0 10
320.0 6
321.0 11
322.0 22
323.0 21
324.0 12
325.0 25
326.0 15
327.0 13
328.0 12
329.0 14
330.0 16
331.0 25
332.0 17
333.0 19
334.0 13
335.0 10
336.0 15
337.0 13
338.0 12
339.0 12
340.0 15
341.0 16
342.0 16
343.0 12
344.0 14
345.0 12
346.0 14
347.0 11
348.0 16
349.0 11
350.0 7
351.0 9
352.0 17
353.0 14
354.0 13
355.0 11
356.0 11
357.0 13
358.0 12
359.0 13
360.0 8
361.0 13
362.0 8
363.0 16
364.0 12
365.0 11
366.0 11
367.0 10
368.0 9
369.0 11
370.0 15
371.0 11
372.0 7
373.0 12
374.0 13
375.0 13
376.0 14
377.0 14
378.0 18
379.0 20
380.0 13
381.0 11
382.0 6
383.0 9
384.0 13
385.0 15
386.0 18
387.0 14
388.0 17
389.0 9
390.0 13
391.0 8
392.0 8
393.0 4
394.0 10
395.0 17
396.0 10
397.0 10
398.0 9
399.0 12
400.0 14
401.0 7
402.0 5
403.0 10
404.0 12
405.0 9
406.0 9
407.0 8
408.0 13
409.0 11
410.0 9
411.0 7
412.0 7
413.0 10
414.0 9
415.0 10
416.0 9
417.0 16
418.0 7
419.0 4
420.0 9
421.0 10
422.0 13
423.0 9
424.0 6
425.0 16
426.0 8
427.0 2
428.0 7
429.0 9
430.0 5
431.0 11
432.0 5
433.0 10
434.0 8
435.0 7
436.0 4
437.0 11
438.0 13
439.0 12
440.0 6
441.0 9
442.0 8
443.0 5
444.0 11
445.0 7
446.0 10
447.0 12
448.0 7
449.0 9
450.0 10
451.0 4
452.0 7
453.0 4
454.0 10
455.0 5
456.0 10
457.0 3
458.0 3
459.0 8
460.0 3
461.0 10
462.0 6
463.0 6
464.0 10
465.0 5
466.0 7
467.0 8
468.0 2
469.0 7
470.0 10
471.0 14
472.0 8
473.0 4
474.0 10
475.0 9
476.0 4
477.0 3
478.0 7
479.0 8
480.0 7
481.0 6
482.0 7
483.0 3
484.0 9
485.0 7
486.0 2
487.0 6
488.0 8
489.0 3
490.0 4
491.0 4
492.0 9
493.0 7
494.0 3
495.0 4
496.0 6
497.0 5
498.0 6
499.0 6
500.0 4
501.0 5
502.0 6
503.0 4
504.0 3
505.0 6
506.0 6
507.0 6
508.0 9
509.0 12
510.0 3
511.0 8
512.0 3
513.0 3
514.0 6
515.0 6
516.0 7
517.0 6
518.0 2
519.0 7
520.0 3
521.0 1
522.0 3
523.0 1
524.0 2
525.0 16
526.0 10
527.0 10
528.0 9
529.0 12
530.0 7
531.0 9
532.0 12
533.0 5
534.0 7
535.0 8
536.0 11
537.0 9
538.0 12
539.0 10
540.0 9
541.0 6
542.0 8
543.0 5
544.0 4
545.0 12
546.0 7
547.0 5
548.0 5
549.0 5
550.0 7
551.0 9
552.0 4
553.0 4
554.0 6
555.0 10
556.0 6
557.0 5
558.0 5
559.0 10
560.0 8
561.0 7
562.0 3
563.0 8
564.0 2
565.0 5
566.0 8
567.0 9
568.0 8
569.0 5
570.0 7
571.0 5
572.0 8
573.0 5
574.0 7
575.0 13
576.0 20
577.0 15
578.0 16
579.0 7
580.0 12
581.0 15
582.0 11
583.0 12
584.0 7
585.0 12
586.0 11
587.0 6
588.0 10
589.0 6
590.0 5
591.0 6
592.0 9
593.0 6
594.0 8
595.0 9
596.0 7
597.0 8
598.0 15
599.0 9
600.0 6
601.0 9
602.0 9
603.0 9
604.0 8
605.0 9
606.0 10
607.0 6
608.0 8
609.0 5
610.0 4
611.0 9
612.0 4
613.0 11
614.0 6
615.0 7
616.0 10
617.0 8
618.0 13
619.0 6
620.0 8
621.0 8
622.0 5
623.0 6
624.0 17
625.0 9
626.0 8
627.0 5
628.0 9
629.0 10
630.0 5
631.0 4
632.0 8
633.0 11
634.0 6
635.0 3
636.0 7
637.0 6
638.0 5
639.0 6
640.0 5
641.0 7
642.0 4
643.0 1
644.0 7
645.0 6
646.0 6
647.0 3
648.0 4
649.0 8
650.0 5
651.0 8
652.0 5
653.0 2
654.0 6
655.0 6
656.0 7
657.0 5
658.0 6
659.0 6
660.0 3
661.0 7
662.0 8
663.0 10
664.0 5
665.0 8
666.0 4
667.0 3
668.0 5
669.0 6
670.0 9
671.0 5
672.0 2
673.0 7
674.0 15
675.0 7
676.0 5
677.0 5
678.0 2
679.0 7
680.0 8
681.0 5
682.0 5
683.0 10
684.0 3
685.0 5
686.0 6
687.0 3
688.0 2
690.0 3
691.0 7
692.0 5
693.0 5
694.0 5
695.0 3
696.0 4
697.0 1
698.0 2
699.0 1
700.0 4
701.0 5
702.0 6
703.0 4
704.0 3
705.0 6
706.0 4
707.0 9
709.0 1
710.0 4
711.0 3
712.0 5
713.0 2
714.0 5
715.0 1
716.0 3
717.0 2
718.0 5
719.0 4
720.0 3
721.0 1
722.0 3
723.0 1
724.0 2
725.0 4
726.0 1
727.0 3
728.0 7
729.0 1
730.0 3
731.0 3
732.0 2
734.0 2
735.0 8
736.0 1
737.0 4
738.0 3
739.0 8
740.0 3
741.0 2
743.0 7
744.0 2
745.0 1
746.0 3
747.0 1
748.0 5
749.0 1
750.0 2
751.0 3
752.0 3
753.0 4
754.0 3
755.0 2
756.0 1
757.0 4
758.0 3
759.0 1
760.0 5
761.0 2
762.0 2
763.0 3
764.0 1
765.0 3
766.0 2
767.0 4
768.0 1
769.0 4
770.0 3
771.0 3
772.0 5
773.0 3
774.0 4
775.0 4
776.0 2
777.0 2
778.0 3
779.0 4
780.0 3
781.0 6
782.0 2
783.0 3
784.0 2
785.0 3
786.0 1
787.0 4
788.0 3
789.0 1
790.0 3
791.0 3
792.0 1
793.0 4
794.0 4
795.0 1
796.0 3
797.0 2
798.0 1
799.0 3
800.0 3
801.0 1
802.0 4
804.0 3
805.0 2
806.0 1
807.0 2
809.0 4
811.0 1
813.0 2
814.0 1
815.0 6
816.0 2
817.0 1
818.0 1
819.0 2
824.0 2
825.0 5
826.0 4
827.0 2
828.0 2
830.0 1
831.0 3
832.0 3
833.0 2
834.0 1
835.0 3
836.0 3
837.0 3
838.0 1
839.0 2
840.0 2
841.0 5
843.0 1
844.0 1
845.0 2
846.0 1
847.0 2
848.0 1
849.0 2
850.0 2
851.0 4
852.0 1
853.0 1
854.0 1
855.0 4
856.0 2
857.0 3
859.0 2
860.0 1
862.0 1
863.0 2
864.0 1
865.0 2
866.0 4
868.0 2
871.0 1
872.0 1
875.0 1
877.0 4
879.0 1
880.0 1
881.0 1
882.0 1
883.0 4
884.0 3
888.0 2
891.0 1
894.0 1
895.0 1
897.0 4
898.0 1
899.0 1
900.0 3
901.0 3
904.0 5
906.0 2
907.0 1
908.0 2
909.0 2
911.0 1
913.0 3
915.0 2
916.0 2
919.0 1
924.0 1
925.0 2
928.0 1
929.0 2
937.0 1
938.0 2
939.0 1
940.0 3
941.0 1
948.0 1
952.0 1
954.0 1
955.0 2
956.0 1
959.0 1
961.0 1
962.0 1
964.0 2
968.0 1
970.0 1
974.0 1
981.0 1
982.0 1
987.0 1
991.0 2
994.0 1
996.0 2
999.0 1
1002.0 2
1003.0 3
1007.0 1
1008.0 1
1011.0 1
1012.0 1
1013.0 1
1014.0 2
1015.0 1
1016.0 1
1018.0 2
1019.0 1
1023.0 1
1025.0 1
1035.0 1
1037.0 1
1039.0 1
1043.0 2
1044.0 1
1045.0 3
1046.0 1
1047.0 1
1049.0 1
1050.0 1
1057.0 1
1058.0 2
1062.0 1
1063.0 1
1064.0 1
1065.0 1
1071.0 2
1074.0 1
1076.0 1
1077.0 1
1084.0 1
1085.0 1
1087.0 2
1090.0 1
1093.0 1
1095.0 1
1098.0 2
1104.0 1
1107.0 1
1109.0 1
1113.0 1
1114.0 1
1115.0 1
1116.0 1
1117.0 1
1121.0 2
1124.0 1
1128.0 1
1131.0 1
1133.0 1
1134.0 1
1135.0 1
1138.0 1
1145.0 1
1146.0 1
1150.0 1
1169.0 1
1188.0 1
1190.0 1
1194.0 1
1201.0 1
1204.0 1
1216.0 1
1224.0 1
1227.0 1
1241.0 1
1246.0 1
1272.0 1
1301.0 1
1319.0 1
1329.0 1
1370.0 1
1371.0 1
1373.0 1
1379.0 1
1401.0 1
1420.0 1
1432.0 1
1440.0 1
1453.0 1
1457.0 1
1488.0 1
1585.0 1
1589.0 1
1618.0 1
1625.0 1
1658.0 1
1794.0 1
1858.0 1
2045.0 1
5425.0 1
