1.0 796128
2.0 258304
3.0 108418
4.0 53066
5.0 28812
6.0 16900
7.0 10549
8.0 7119
9.0 4882
10.0 3478
11.0 2542
12.0 2009
13.0 1622
14.0 1230
15.0 7288
16.0 45433
17.0 18163
18.0 8954
19.0 5049
20.0 3125
21.0 2005
22.0 1382
23.0 947
24.0 739
25.0 627
26.0 483
27.0 425
28.0 359
29.0 295
30.0 304
31.0 303
32.0 235
33.0 201
34.0 177
35.0 179
36.0 160
37.0 133
38.0 135
39.0 127
40.0 125
41.0 138
42.0 95
43.0 100
44.0 108
45.0 179
46.0 161
47.0 117
48.0 100
49.0 94
50.0 71
51.0 103
52.0 99
53.0 78
54.0 88
55.0 76
56.0 64
57.0 85
58.0 78
59.0 67
60.0 140
61.0 113
62.0 81
63.0 78
64.0 93
65.0 85
66.0 78
67.0 86
68.0 72
69.0 69
70.0 72
71.0 67
72.0 89
73.0 75
74.0 75
75.0 145
76.0 113
77.0 94
78.0 72
79.0 75
80.0 78
81.0 59
82.0 86
83.0 80
84.0 78
85.0 70
86.0 64
87.0 79
88.0 80
89.0 80
90.0 131
91.0 87
92.0 85
93.0 93
94.0 79
95.0 68
96.0 64
97.0 65
98.0 75
99.0 62
100.0 76
101.0 98
102.0 78
103.0 72
104.0 85
105.0 98
106.0 80
107.0 67
108.0 88
109.0 57
110.0 59
111.0 81
112.0 64
113.0 66
114.0 73
115.0 53
116.0 66
117.0 69
118.0 73
119.0 83
120.0 108
121.0 71
122.0 79
123.0 58
124.0 69
125.0 65
126.0 64
127.0 64
128.0 75
129.0 63
130.0 62
131.0 73
132.0 74
133.0 58
134.0 77
135.0 93
136.0 75
137.0 65
138.0 57
139.0 59
140.0 58
141.0 63
142.0 67
143.0 47
144.0 56
145.0 46
146.0 46
147.0 48
148.0 46
149.0 43
150.0 16
151.0 13
152.0 6
153.0 8
154.0 3
155.0 5
156.0 4
157.0 4
158.0 4
159.0 3
160.0 5
161.0 5
162.0 3
163.0 9
164.0 8
165.0 9
166.0 5
167.0 6
168.0 6
169.0 4
170.0 2
171.0 5
172.0 5
173.0 3
174.0 3
175.0 9
176.0 6
177.0 1
178.0 5
179.0 4
180.0 14
181.0 11
182.0 5
183.0 4
184.0 3
185.0 3
186.0 3
187.0 3
188.0 7
189.0 3
190.0 3
191.0 6
192.0 5
193.0 11
194.0 4
195.0 14
196.0 7
197.0 11
198.0 7
199.0 5
200.0 7
201.0 8
202.0 4
203.0 2
204.0 2
205.0 5
206.0 5
207.0 5
208.0 5
209.0 3
210.0 11
211.0 15
212.0 3
213.0 3
214.0 3
215.0 3
216.0 1
217.0 1
218.0 6
219.0 3
220.0 5
221.0 8
222.0 4
223.0 5
224.0 3
225.0 7
226.0 4
227.0 5
228.0 4
229.0 4
230.0 7
231.0 4
232.0 9
233.0 10
234.0 8
235.0 1
236.0 4
237.0 5
238.0 5
239.0 5
240.0 6
241.0 9
242.0 7
243.0 7
244.0 3
245.0 6
246.0 4
247.0 4
248.0 1
249.0 2
250.0 5
251.0 4
252.0 4
253.0 8
254.0 6
255.0 7
256.0 3
257.0 6
258.0 8
259.0 1
260.0 4
261.0 4
262.0 4
263.0 5
264.0 7
265.0 5
266.0 2
267.0 3
268.0 7
269.0 5
270.0 3
271.0 9
272.0 9
273.0 6
274.0 5
275.0 1
276.0 3
277.0 6
278.0 3
279.0 7
280.0 2
281.0 5
282.0 1
283.0 2
284.0 6
285.0 5
286.0 4
287.0 6
288.0 1
289.0 8
290.0 4
291.0 1
292.0 2
293.0 5
294.0 5
295.0 6
296.0 2
297.0 2
298.0 4
299.0 4
300.0 6
301.0 2
302.0 2
303.0 4
304.0 5
305.0 1
307.0 4
308.0 6
309.0 5
310.0 4
311.0 4
312.0 5
313.0 6
314.0 4
315.0 4
316.0 1
317.0 3
318.0 3
319.0 5
320.0 1
321.0 3
322.0 4
323.0 1
324.0 4
325.0 3
326.0 2
327.0 7
328.0 5
330.0 7
331.0 2
332.0 5
333.0 5
334.0 7
335.0 3
336.0 6
337.0 3
338.0 2
339.0 1
340.0 4
341.0 2
342.0 6
343.0 6
344.0 2
345.0 5
346.0 5
347.0 4
348.0 3
349.0 3
350.0 2
351.0 4
352.0 4
353.0 3
354.0 4
355.0 3
356.0 5
357.0 4
358.0 3
359.0 5
360.0 2
361.0 4
362.0 6
363.0 5
364.0 5
365.0 3
366.0 8
367.0 3
368.0 3
369.0 4
370.0 3
371.0 9
372.0 3
373.0 1
374.0 4
375.0 2
376.0 2
377.0 3
378.0 3
379.0 3
380.0 3
381.0 1
382.0 4
383.0 1
384.0 2
385.0 6
386.0 4
387.0 1
388.0 3
389.0 6
390.0 2
391.0 3
392.0 2
393.0 1
394.0 1
395.0 3
396.0 1
397.0 6
398.0 1
399.0 2
400.0 3
401.0 4
402.0 1
403.0 2
404.0 4
405.0 2
406.0 5
407.0 3
408.0 4
410.0 2
413.0 1
414.0 6
415.0 4
416.0 3
417.0 5
418.0 1
419.0 2
420.0 2
421.0 4
422.0 5
423.0 2
424.0 3
425.0 1
426.0 2
427.0 1
428.0 1
429.0 5
430.0 2
431.0 1
432.0 4
433.0 1
434.0 1
435.0 3
436.0 1
437.0 2
438.0 1
439.0 1
440.0 8
441.0 2
442.0 2
443.0 1
444.0 3
445.0 1
447.0 5
448.0 1
449.0 1
450.0 1
452.0 3
453.0 1
454.0 4
455.0 1
456.0 2
457.0 1
458.0 2
459.0 3
460.0 5
461.0 4
462.0 3
465.0 2
466.0 1
467.0 1
468.0 3
469.0 2
470.0 1
471.0 2
472.0 1
473.0 2
474.0 3
475.0 1
476.0 2
477.0 2
479.0 2
480.0 1
481.0 2
482.0 3
483.0 5
484.0 3
485.0 1
486.0 2
487.0 1
488.0 4
489.0 1
491.0 2
492.0 4
493.0 1
494.0 1
496.0 1
497.0 3
498.0 2
500.0 1
503.0 1
504.0 2
505.0 2
507.0 1
508.0 1
509.0 1
510.0 4
511.0 2
512.0 3
513.0 1
514.0 3
516.0 1
517.0 1
520.0 1
521.0 1
523.0 3
524.0 1
525.0 3
527.0 2
528.0 1
529.0 4
530.0 1
532.0 1
533.0 3
534.0 1
535.0 3
536.0 1
537.0 2
538.0 1
540.0 2
541.0 1
543.0 2
544.0 2
545.0 1
547.0 1
548.0 1
549.0 3
550.0 2
551.0 1
553.0 3
554.0 2
555.0 2
556.0 1
557.0 1
558.0 1
559.0 1
560.0 1
563.0 1
564.0 1
566.0 3
568.0 1
570.0 1
572.0 1
574.0 1
575.0 1
576.0 2
577.0 2
578.0 2
579.0 1
580.0 2
581.0 2
582.0 1
583.0 3
584.0 2
585.0 2
588.0 2
589.0 1
591.0 1
592.0 1
595.0 1
596.0 3
597.0 1
598.0 1
602.0 1
604.0 2
605.0 2
606.0 2
609.0 1
612.0 2
614.0 4
619.0 1
621.0 1
622.0 1
623.0 4
625.0 1
627.0 2
628.0 1
630.0 2
631.0 1
633.0 1
634.0 1
635.0 1
637.0 3
639.0 2
641.0 1
642.0 2
643.0 2
647.0 1
648.0 2
651.0 3
652.0 1
654.0 1
655.0 1
656.0 2
657.0 1
658.0 2
660.0 1
663.0 1
665.0 1
666.0 1
668.0 2
669.0 2
671.0 1
675.0 1
679.0 1
680.0 2
685.0 1
687.0 1
689.0 1
690.0 1
692.0 1
696.0 1
697.0 1
699.0 1
704.0 1
706.0 2
708.0 2
709.0 1
714.0 1
737.0 1
738.0 1
743.0 1
744.0 1
745.0 1
746.0 1
748.0 2
754.0 1
756.0 1
758.0 1
759.0 1
772.0 1
782.0 1
788.0 1
789.0 1
797.0 1
800.0 1
811.0 2
818.0 1
819.0 1
820.0 1
826.0 1
829.0 1
838.0 1
847.0 1
854.0 1
857.0 1
858.0 1
859.0 1
861.0 1
862.0 1
863.0 2
865.0 1
867.0 1
869.0 1
874.0 1
886.0 1
900.0 2
910.0 1
918.0 1
937.0 1
947.0 1
949.0 1
955.0 1
959.0 1
961.0 1
964.0 1
969.0 1
975.0 1
978.0 1
1123.0 1
1273.0 1
1279.0 1
1287.0 1
1343.0 1
1532.0 1
1673.0 1
1766.0 1
2065.0 1
3050.0 1
6107.0 1
12431.0 1
14871.0 1
19229.0 1
26847.0 1
31883.0 1
