1.0 6833
2.0 6407
3.0 5733
4.0 5100
5.0 4618
6.0 4078
7.0 3737
8.0 3358
9.0 3176
10.0 2784
11.0 2494
12.0 2360
13.0 2164
14.0 2069
15.0 1939
16.0 1821
17.0 1665
18.0 1533
19.0 1452
20.0 1388
21.0 1272
22.0 1234
23.0 1097
24.0 1069
25.0 1031
26.0 959
27.0 916
28.0 872
29.0 843
30.0 762
31.0 723
32.0 751
33.0 709
34.0 635
35.0 626
36.0 637
37.0 569
38.0 568
39.0 551
40.0 493
41.0 483
42.0 490
43.0 474
44.0 417
45.0 421
46.0 399
47.0 381
48.0 397
49.0 374
50.0 361
51.0 351
52.0 332
53.0 370
54.0 310
55.0 339
56.0 299
57.0 307
58.0 258
59.0 270
60.0 240
61.0 249
62.0 253
63.0 227
64.0 227
65.0 235
66.0 227
67.0 197
68.0 206
69.0 194
70.0 201
71.0 212
72.0 195
73.0 165
74.0 188
75.0 176
76.0 168
77.0 177
78.0 168
79.0 169
80.0 146
81.0 148
82.0 151
83.0 144
84.0 125
85.0 134
86.0 151
87.0 132
88.0 148
89.0 141
90.0 129
91.0 114
92.0 97
93.0 110
94.0 116
95.0 118
96.0 111
97.0 95
98.0 106
99.0 130
100.0 107
101.0 104
102.0 100
103.0 105
104.0 93
105.0 95
106.0 83
107.0 91
108.0 101
109.0 106
110.0 82
111.0 83
112.0 86
113.0 89
114.0 74
115.0 93
116.0 64
117.0 78
118.0 80
119.0 65
120.0 77
121.0 72
122.0 70
123.0 72
124.0 68
125.0 65
126.0 56
127.0 52
128.0 53
129.0 71
130.0 53
131.0 62
132.0 48
133.0 57
134.0 63
135.0 63
136.0 59
137.0 62
138.0 65
139.0 50
140.0 54
141.0 70
142.0 52
143.0 53
144.0 54
145.0 62
146.0 49
147.0 48
148.0 38
149.0 45
150.0 46
151.0 47
152.0 47
153.0 59
154.0 39
155.0 63
156.0 42
157.0 52
158.0 53
159.0 42
160.0 53
161.0 40
162.0 31
163.0 43
164.0 42
165.0 44
166.0 46
167.0 40
168.0 32
169.0 36
170.0 45
171.0 34
172.0 46
173.0 33
174.0 35
175.0 44
176.0 41
177.0 36
178.0 33
179.0 43
180.0 42
181.0 29
182.0 28
183.0 36
184.0 29
185.0 31
186.0 25
187.0 38
188.0 25
189.0 31
190.0 31
191.0 36
192.0 30
193.0 31
194.0 24
195.0 39
196.0 29
197.0 23
198.0 35
199.0 25
200.0 26
201.0 34
202.0 20
203.0 25
204.0 27
205.0 37
206.0 29
207.0 24
208.0 26
209.0 24
210.0 25
211.0 13
212.0 21
213.0 21
214.0 29
215.0 17
216.0 23
217.0 23
218.0 21
219.0 27
220.0 22
221.0 27
222.0 16
223.0 20
224.0 25
225.0 23
226.0 20
227.0 9
228.0 20
229.0 16
230.0 15
231.0 15
232.0 10
233.0 15
234.0 19
235.0 19
236.0 18
237.0 13
238.0 15
239.0 17
240.0 28
241.0 23
242.0 14
243.0 12
244.0 18
245.0 16
246.0 15
247.0 18
248.0 12
249.0 22
250.0 17
251.0 18
252.0 11
253.0 14
254.0 22
255.0 20
256.0 13
257.0 15
258.0 12
259.0 14
260.0 13
261.0 16
262.0 16
263.0 17
264.0 9
265.0 11
266.0 11
267.0 16
268.0 15
269.0 16
270.0 13
271.0 16
272.0 9
273.0 12
274.0 8
275.0 14
276.0 15
277.0 17
278.0 12
279.0 16
280.0 12
281.0 18
282.0 12
283.0 17
284.0 8
285.0 21
286.0 14
287.0 11
288.0 12
289.0 15
290.0 9
291.0 17
292.0 11
293.0 10
294.0 5
295.0 15
296.0 12
297.0 10
298.0 7
299.0 13
300.0 9
301.0 7
302.0 10
303.0 8
304.0 12
305.0 13
306.0 19
307.0 12
308.0 7
309.0 8
310.0 10
311.0 9
312.0 10
313.0 7
314.0 9
315.0 8
316.0 11
317.0 6
318.0 13
319.0 15
320.0 11
321.0 9
322.0 14
323.0 12
324.0 9
325.0 12
326.0 6
327.0 13
328.0 7
329.0 8
330.0 7
331.0 6
332.0 12
333.0 6
334.0 10
335.0 8
336.0 9
337.0 11
338.0 5
339.0 7
340.0 11
341.0 9
342.0 10
343.0 11
344.0 5
345.0 5
346.0 7
347.0 9
348.0 8
349.0 3
350.0 4
351.0 7
352.0 4
353.0 11
354.0 5
355.0 5
356.0 8
357.0 5
358.0 5
359.0 6
360.0 7
361.0 5
362.0 9
363.0 9
364.0 5
365.0 6
366.0 3
367.0 9
368.0 5
369.0 5
370.0 4
371.0 8
372.0 13
373.0 6
374.0 5
375.0 7
376.0 8
377.0 6
378.0 9
379.0 6
380.0 5
381.0 4
382.0 6
383.0 7
384.0 4
385.0 5
386.0 4
387.0 5
388.0 4
389.0 9
390.0 5
391.0 4
392.0 3
393.0 5
394.0 7
395.0 5
396.0 7
397.0 6
398.0 7
399.0 5
400.0 4
401.0 4
402.0 5
403.0 2
404.0 3
405.0 7
406.0 5
407.0 4
408.0 2
409.0 6
410.0 4
411.0 3
412.0 9
413.0 7
414.0 5
415.0 9
416.0 3
417.0 2
419.0 9
420.0 8
421.0 6
422.0 5
423.0 6
424.0 7
425.0 5
426.0 5
427.0 9
428.0 4
429.0 2
430.0 5
431.0 1
432.0 5
433.0 11
434.0 8
435.0 9
436.0 1
437.0 4
438.0 5
439.0 4
440.0 7
441.0 4
442.0 7
443.0 3
444.0 3
445.0 2
446.0 2
447.0 3
448.0 7
449.0 4
450.0 2
451.0 5
452.0 4
453.0 5
454.0 2
455.0 7
456.0 3
457.0 5
458.0 2
459.0 6
460.0 6
461.0 6
462.0 4
463.0 5
464.0 5
465.0 6
466.0 2
467.0 1
468.0 2
469.0 1
470.0 2
471.0 3
472.0 5
473.0 3
474.0 5
475.0 1
476.0 2
477.0 2
478.0 4
479.0 3
480.0 4
481.0 5
482.0 7
483.0 4
484.0 4
485.0 4
486.0 6
487.0 5
488.0 4
489.0 3
490.0 3
491.0 4
492.0 3
493.0 4
494.0 6
495.0 1
496.0 4
497.0 5
498.0 2
499.0 3
500.0 3
501.0 1
502.0 2
503.0 2
504.0 4
505.0 2
507.0 3
508.0 4
509.0 4
510.0 2
511.0 2
512.0 5
513.0 2
514.0 2
515.0 2
516.0 4
517.0 2
518.0 4
519.0 3
520.0 3
521.0 3
522.0 3
523.0 5
524.0 5
525.0 2
526.0 3
527.0 4
528.0 4
529.0 1
530.0 1
531.0 4
532.0 5
533.0 3
534.0 1
535.0 4
536.0 5
537.0 5
538.0 1
539.0 3
540.0 1
541.0 2
543.0 3
544.0 7
545.0 1
546.0 1
547.0 1
548.0 2
549.0 1
550.0 4
551.0 3
552.0 3
553.0 2
554.0 3
555.0 3
556.0 4
557.0 3
558.0 2
559.0 1
560.0 1
561.0 3
562.0 4
563.0 2
564.0 5
565.0 1
566.0 1
567.0 3
568.0 3
569.0 3
570.0 3
571.0 2
572.0 7
573.0 1
574.0 5
576.0 1
577.0 3
578.0 3
579.0 2
581.0 1
582.0 2
583.0 1
584.0 2
585.0 2
586.0 3
587.0 3
588.0 1
589.0 6
590.0 1
591.0 3
592.0 2
593.0 3
594.0 2
595.0 4
596.0 4
597.0 4
598.0 3
599.0 6
600.0 1
601.0 2
603.0 3
604.0 1
605.0 1
606.0 2
607.0 5
608.0 1
609.0 2
610.0 2
611.0 5
612.0 3
613.0 1
614.0 4
615.0 3
616.0 2
618.0 1
619.0 2
620.0 2
621.0 3
622.0 3
623.0 2
624.0 1
625.0 2
627.0 1
628.0 2
629.0 1
630.0 3
631.0 2
633.0 2
634.0 4
635.0 1
636.0 1
637.0 2
638.0 1
639.0 2
640.0 1
641.0 1
642.0 3
643.0 3
644.0 3
645.0 6
646.0 2
647.0 1
648.0 2
649.0 2
650.0 2
651.0 1
652.0 4
653.0 1
654.0 2
655.0 1
656.0 3
657.0 1
658.0 3
660.0 2
662.0 1
663.0 1
664.0 1
665.0 2
666.0 1
667.0 2
668.0 1
669.0 2
670.0 2
671.0 6
672.0 3
673.0 1
675.0 4
676.0 1
678.0 2
679.0 2
680.0 1
681.0 7
682.0 4
683.0 1
688.0 2
689.0 1
690.0 1
692.0 1
694.0 2
695.0 5
696.0 1
699.0 4
701.0 3
702.0 2
703.0 1
704.0 2
706.0 2
707.0 1
709.0 1
710.0 1
711.0 1
712.0 1
713.0 1
714.0 1
715.0 2
716.0 3
717.0 3
718.0 1
719.0 2
721.0 3
722.0 4
723.0 2
724.0 2
725.0 2
726.0 1
728.0 2
729.0 2
730.0 3
733.0 1
734.0 2
736.0 2
737.0 1
738.0 2
739.0 2
742.0 2
743.0 3
744.0 1
745.0 2
746.0 1
750.0 2
752.0 2
753.0 1
754.0 1
756.0 3
757.0 2
758.0 4
760.0 1
761.0 2
762.0 4
763.0 5
765.0 1
767.0 2
768.0 1
769.0 1
770.0 1
771.0 3
772.0 3
775.0 3
776.0 2
777.0 2
778.0 2
779.0 1
780.0 2
781.0 2
783.0 2
784.0 3
786.0 3
787.0 5
788.0 1
790.0 3
791.0 2
792.0 1
793.0 1
795.0 1
796.0 2
797.0 1
798.0 1
799.0 1
801.0 1
802.0 1
804.0 2
805.0 1
806.0 1
807.0 1
808.0 2
809.0 1
810.0 1
811.0 3
812.0 3
813.0 2
815.0 1
816.0 4
817.0 2
820.0 1
821.0 2
822.0 1
824.0 1
825.0 2
827.0 1
829.0 1
831.0 2
832.0 1
833.0 1
834.0 1
835.0 1
836.0 1
841.0 2
842.0 2
843.0 1
844.0 1
847.0 1
850.0 1
851.0 1
852.0 3
854.0 2
855.0 1
857.0 3
858.0 1
859.0 1
862.0 2
864.0 1
865.0 2
866.0 1
867.0 1
868.0 1
869.0 2
871.0 1
872.0 1
873.0 1
874.0 1
877.0 1
880.0 1
881.0 1
882.0 1
883.0 1
885.0 3
888.0 1
890.0 2
891.0 1
894.0 1
895.0 1
896.0 1
897.0 1
898.0 2
900.0 3
901.0 2
902.0 1
903.0 3
905.0 2
908.0 1
909.0 3
911.0 1
913.0 4
914.0 2
917.0 2
918.0 1
920.0 2
921.0 3
922.0 2
923.0 2
924.0 2
925.0 1
926.0 1
927.0 1
928.0 1
929.0 3
930.0 1
931.0 1
934.0 1
937.0 1
938.0 1
939.0 1
940.0 1
942.0 4
943.0 1
945.0 1
948.0 2
949.0 1
950.0 1
951.0 1
952.0 3
953.0 1
954.0 1
955.0 2
956.0 1
957.0 1
959.0 1
960.0 2
961.0 1
963.0 1
964.0 2
969.0 1
970.0 1
971.0 1
972.0 1
973.0 1
978.0 1
979.0 1
980.0 1
983.0 1
984.0 1
985.0 1
987.0 1
990.0 1
995.0 2
996.0 1
997.0 1
1000.0 1
1003.0 3
1004.0 2
1005.0 2
1007.0 1
1009.0 1
1010.0 1
1012.0 1
1014.0 2
1016.0 1
1017.0 2
1020.0 1
1023.0 1
1024.0 1
1027.0 2
1028.0 1
1031.0 1
1036.0 1
1038.0 1
1040.0 1
1042.0 1
1044.0 1
1051.0 2
1052.0 1
1053.0 1
1054.0 1
1057.0 1
1059.0 1
1061.0 2
1063.0 1
1067.0 1
1069.0 1
1071.0 1
1074.0 1
1075.0 1
1078.0 1
1080.0 2
1082.0 1
1084.0 1
1086.0 2
1087.0 1
1090.0 1
1097.0 2
1099.0 1
1108.0 2
1109.0 1
1114.0 1
1118.0 2
1120.0 2
1122.0 1
1124.0 1
1125.0 1
1126.0 1
1127.0 1
1130.0 2
1131.0 1
1134.0 1
1135.0 2
1137.0 1
1138.0 1
1143.0 1
1147.0 2
1148.0 1
1149.0 1
1150.0 1
1151.0 1
1152.0 1
1153.0 1
1155.0 1
1156.0 1
1157.0 1
1158.0 2
1160.0 1
1161.0 2
1162.0 1
1164.0 1
1165.0 2
1170.0 1
1172.0 2
1173.0 2
1175.0 1
1180.0 2
1182.0 1
1188.0 1
1189.0 1
1191.0 1
1194.0 1
1195.0 2
1198.0 1
1200.0 2
1203.0 1
1209.0 1
1210.0 3
1216.0 1
1217.0 2
1218.0 1
1223.0 1
1224.0 1
1226.0 1
1228.0 1
1229.0 1
1236.0 2
1239.0 1
1241.0 1
1243.0 1
1245.0 2
1249.0 1
1250.0 1
1251.0 1
1253.0 1
1261.0 2
1262.0 2
1264.0 1
1265.0 1
1266.0 1
1267.0 1
1268.0 1
1269.0 1
1271.0 1
1273.0 1
1278.0 1
1279.0 1
1281.0 1
1285.0 1
1291.0 1
1295.0 1
1296.0 1
1297.0 1
1302.0 1
1308.0 1
1312.0 2
1314.0 1
1316.0 1
1317.0 1
1318.0 2
1336.0 1
1339.0 1
1342.0 1
1346.0 1
1350.0 1
1353.0 2
1354.0 1
1361.0 1
1365.0 1
1369.0 2
1375.0 1
1376.0 1
1382.0 1
1389.0 1
1390.0 1
1391.0 1
1398.0 1
1399.0 1
1401.0 1
1405.0 1
1407.0 2
1413.0 2
1415.0 1
1417.0 2
1427.0 1
1430.0 1
1437.0 1
1444.0 1
1445.0 1
1452.0 1
1457.0 1
1462.0 1
1468.0 1
1481.0 1
1482.0 2
1484.0 1
1485.0 1
1492.0 1
1493.0 1
1497.0 1
1498.0 3
1506.0 1
1525.0 1
1529.0 1
1537.0 2
1551.0 1
1560.0 1
1566.0 1
1574.0 1
1575.0 1
1576.0 1
1580.0 1
1583.0 1
1584.0 1
1589.0 2
1599.0 1
1617.0 1
1618.0 1
1619.0 1
1622.0 1
1626.0 1
1649.0 2
1673.0 1
1674.0 1
1694.0 1
1700.0 1
1712.0 1
1735.0 1
1777.0 1
1805.0 1
1807.0 1
1824.0 1
1841.0 1
1879.0 1
1883.0 1
1886.0 1
1892.0 1
1905.0 1
1915.0 1
1916.0 1
1920.0 1
1921.0 1
1926.0 1
1936.0 1
1948.0 1
1949.0 1
1950.0 1
1966.0 1
1973.0 1
1981.0 1
1986.0 1
1988.0 1
2018.0 1
2049.0 1
2112.0 1
2165.0 1
2207.0 1
2232.0 1
2258.0 1
2381.0 1
2437.0 1
2473.0 1
2595.0 1
2632.0 1
2924.0 1
2972.0 1
2980.0 1
