1.0 67767
2.0 43254
3.0 38376
4.0 37457
5.0 36751
6.0 36808
7.0 37060
8.0 37463
9.0 37382
10.0 37876
11.0 37618
12.0 37851
13.0 37307
14.0 37172
15.0 37717
16.0 37368
17.0 37210
18.0 37065
19.0 36428
20.0 36003
21.0 35876
22.0 35256
23.0 35149
24.0 35009
25.0 34182
26.0 34103
27.0 33057
28.0 33001
29.0 32386
30.0 32047
31.0 31302
32.0 30989
33.0 30544
34.0 29697
35.0 29401
36.0 29322
37.0 28932
38.0 28409
39.0 27945
40.0 27282
41.0 26656
42.0 26347
43.0 25558
44.0 25474
45.0 24933
46.0 24315
47.0 24143
48.0 23649
49.0 23155
50.0 22941
51.0 22309
52.0 22112
53.0 21649
54.0 21267
55.0 20751
56.0 20537
57.0 19980
58.0 19827
59.0 19368
60.0 19258
61.0 18589
62.0 18538
63.0 18169
64.0 17687
65.0 17455
66.0 17234
67.0 16706
68.0 16828
69.0 16237
70.0 15881
71.0 15687
72.0 15267
73.0 15104
74.0 14800
75.0 14731
76.0 14288
77.0 14078
78.0 13792
79.0 13616
80.0 13088
81.0 12929
82.0 12721
83.0 12531
84.0 12302
85.0 12152
86.0 11951
87.0 11768
88.0 11642
89.0 11298
90.0 11072
91.0 10953
92.0 10597
93.0 10357
94.0 10376
95.0 10213
96.0 9835
97.0 9752
98.0 9607
99.0 9479
100.0 9253
101.0 9293
102.0 9056
103.0 8822
104.0 8815
105.0 8671
106.0 8277
107.0 8332
108.0 7954
109.0 8129
110.0 7919
111.0 7686
112.0 7757
113.0 7498
114.0 7467
115.0 7153
116.0 7060
117.0 7039
118.0 6928
119.0 6910
120.0 6628
121.0 6598
122.0 6391
123.0 6397
124.0 6194
125.0 6130
126.0 6038
127.0 6119
128.0 5783
129.0 5721
130.0 5790
131.0 5404
132.0 5332
133.0 5418
134.0 5222
135.0 5183
136.0 5126
137.0 5103
138.0 4914
139.0 4824
140.0 4769
141.0 4645
142.0 4768
143.0 4621
144.0 4587
145.0 4498
146.0 4388
147.0 4301
148.0 4268
149.0 4221
150.0 4037
151.0 3898
152.0 4007
153.0 3899
154.0 3931
155.0 3809
156.0 3564
157.0 3747
158.0 3594
159.0 3605
160.0 3517
161.0 3406
162.0 3342
163.0 3339
164.0 3207
165.0 3187
166.0 3179
167.0 3186
168.0 3120
169.0 3130
170.0 2987
171.0 2904
172.0 2936
173.0 2924
174.0 2864
175.0 2874
176.0 2691
177.0 2783
178.0 2653
179.0 2640
180.0 2551
181.0 2526
182.0 2500
183.0 2487
184.0 2463
185.0 2415
186.0 2348
187.0 2355
188.0 2303
189.0 2305
190.0 2258
191.0 2198
192.0 2155
193.0 2112
194.0 2101
195.0 2026
196.0 2021
197.0 1995
198.0 1981
199.0 1984
200.0 2010
201.0 1971
202.0 1925
203.0 1941
204.0 1881
205.0 1883
206.0 1762
207.0 1789
208.0 1700
209.0 1750
210.0 1699
211.0 1761
212.0 1747
213.0 1726
214.0 1641
215.0 1595
216.0 1639
217.0 1607
218.0 1620
219.0 1482
220.0 1510
221.0 1527
222.0 1515
223.0 1475
224.0 1440
225.0 1426
226.0 1367
227.0 1414
228.0 1349
229.0 1332
230.0 1329
231.0 1355
232.0 1309
233.0 1299
234.0 1317
235.0 1265
236.0 1257
237.0 1185
238.0 1247
239.0 1157
240.0 1235
241.0 1171
242.0 1208
243.0 1127
244.0 1153
245.0 1094
246.0 1112
247.0 1024
248.0 1082
249.0 1088
250.0 1090
251.0 1029
252.0 1070
253.0 1047
254.0 959
255.0 955
256.0 983
257.0 1010
258.0 960
259.0 994
260.0 934
261.0 917
262.0 942
263.0 943
264.0 926
265.0 914
266.0 870
267.0 873
268.0 846
269.0 881
270.0 834
271.0 829
272.0 810
273.0 793
274.0 750
275.0 765
276.0 775
277.0 821
278.0 822
279.0 798
280.0 770
281.0 777
282.0 748
283.0 718
284.0 702
285.0 735
286.0 701
287.0 666
288.0 666
289.0 652
290.0 718
291.0 671
292.0 673
293.0 687
294.0 633
295.0 632
296.0 641
297.0 646
298.0 618
299.0 596
300.0 601
301.0 580
302.0 586
303.0 610
304.0 598
305.0 570
306.0 589
307.0 585
308.0 597
309.0 547
310.0 589
311.0 593
312.0 530
313.0 537
314.0 522
315.0 548
316.0 515
317.0 533
318.0 503
319.0 520
320.0 531
321.0 509
322.0 453
323.0 524
324.0 494
325.0 482
326.0 484
327.0 447
328.0 487
329.0 440
330.0 463
331.0 496
332.0 463
333.0 431
334.0 473
335.0 400
336.0 470
337.0 414
338.0 442
339.0 429
340.0 475
341.0 429
342.0 439
343.0 432
344.0 377
345.0 389
346.0 424
347.0 388
348.0 400
349.0 397
350.0 407
351.0 384
352.0 417
353.0 382
354.0 378
355.0 393
356.0 375
357.0 362
358.0 384
359.0 339
360.0 383
361.0 363
362.0 352
363.0 350
364.0 355
365.0 339
366.0 336
367.0 320
368.0 353
369.0 341
370.0 317
371.0 333
372.0 323
373.0 320
374.0 299
375.0 302
376.0 307
377.0 315
378.0 303
379.0 301
380.0 283
381.0 319
382.0 292
383.0 310
384.0 297
385.0 259
386.0 281
387.0 313
388.0 290
389.0 277
390.0 260
391.0 277
392.0 264
393.0 263
394.0 260
395.0 266
396.0 283
397.0 260
398.0 259
399.0 229
400.0 243
401.0 247
402.0 255
403.0 249
404.0 273
405.0 221
406.0 234
407.0 225
408.0 262
409.0 259
410.0 252
411.0 286
412.0 224
413.0 259
414.0 223
415.0 226
416.0 253
417.0 245
418.0 226
419.0 231
420.0 246
421.0 221
422.0 227
423.0 220
424.0 216
425.0 217
426.0 201
427.0 195
428.0 212
429.0 220
430.0 217
431.0 221
432.0 233
433.0 185
434.0 238
435.0 218
436.0 208
437.0 219
438.0 203
439.0 214
440.0 215
441.0 185
442.0 172
443.0 209
444.0 185
445.0 172
446.0 207
447.0 202
448.0 209
449.0 196
450.0 172
451.0 171
452.0 191
453.0 177
454.0 178
455.0 181
456.0 171
457.0 188
458.0 161
459.0 168
460.0 171
461.0 179
462.0 181
463.0 181
464.0 196
465.0 193
466.0 159
467.0 185
468.0 158
469.0 173
470.0 149
471.0 139
472.0 178
473.0 164
474.0 158
475.0 168
476.0 154
477.0 143
478.0 151
479.0 152
480.0 135
481.0 162
482.0 161
483.0 156
484.0 170
485.0 152
486.0 130
487.0 156
488.0 171
489.0 134
490.0 136
491.0 170
492.0 124
493.0 141
494.0 139
495.0 132
496.0 149
497.0 136
498.0 137
499.0 139
500.0 121
501.0 165
502.0 123
503.0 142
504.0 140
505.0 145
506.0 149
507.0 116
508.0 144
509.0 128
510.0 139
511.0 121
512.0 127
513.0 117
514.0 126
515.0 130
516.0 132
517.0 124
518.0 114
519.0 131
520.0 123
521.0 125
522.0 119
523.0 117
524.0 122
525.0 119
526.0 104
527.0 118
528.0 142
529.0 123
530.0 121
531.0 125
532.0 106
533.0 115
534.0 116
535.0 121
536.0 121
537.0 111
538.0 112
539.0 85
540.0 122
541.0 129
542.0 115
543.0 122
544.0 99
545.0 104
546.0 109
547.0 107
548.0 101
549.0 94
550.0 111
551.0 106
552.0 126
553.0 115
554.0 103
555.0 96
556.0 117
557.0 111
558.0 90
559.0 97
560.0 108
561.0 106
562.0 98
563.0 94
564.0 102
565.0 112
566.0 94
567.0 89
568.0 87
569.0 124
570.0 115
571.0 111
572.0 90
573.0 108
574.0 86
575.0 98
576.0 112
577.0 114
578.0 106
579.0 99
580.0 101
581.0 103
582.0 93
583.0 94
584.0 113
585.0 94
586.0 91
587.0 82
588.0 104
589.0 83
590.0 87
591.0 95
592.0 88
593.0 87
594.0 100
595.0 94
596.0 97
597.0 93
598.0 97
599.0 108
600.0 86
601.0 93
602.0 87
603.0 89
604.0 87
605.0 100
606.0 96
607.0 107
608.0 97
609.0 67
610.0 87
611.0 91
612.0 86
613.0 94
614.0 85
615.0 87
616.0 94
617.0 91
618.0 79
619.0 72
620.0 87
621.0 84
622.0 98
623.0 89
624.0 84
625.0 87
626.0 83
627.0 98
628.0 79
629.0 88
630.0 87
631.0 100
632.0 76
633.0 88
634.0 68
635.0 88
636.0 89
637.0 73
638.0 79
639.0 77
640.0 94
641.0 75
642.0 82
643.0 62
644.0 80
645.0 77
646.0 72
647.0 79
648.0 90
649.0 100
650.0 70
651.0 81
652.0 78
653.0 80
654.0 73
655.0 87
656.0 81
657.0 72
658.0 84
659.0 68
660.0 75
661.0 66
662.0 63
663.0 83
664.0 97
665.0 92
666.0 65
667.0 71
668.0 72
669.0 77
670.0 78
671.0 81
672.0 77
673.0 76
674.0 64
675.0 61
676.0 68
677.0 78
678.0 75
679.0 71
680.0 63
681.0 79
682.0 77
683.0 69
684.0 71
685.0 65
686.0 83
687.0 60
688.0 93
689.0 87
690.0 50
691.0 88
692.0 61
693.0 75
694.0 81
695.0 78
696.0 76
697.0 62
698.0 64
699.0 56
700.0 62
701.0 62
702.0 63
703.0 69
704.0 73
705.0 83
706.0 62
707.0 77
708.0 62
709.0 57
710.0 74
711.0 64
712.0 63
713.0 62
714.0 64
715.0 65
716.0 66
717.0 67
718.0 70
719.0 72
720.0 69
721.0 59
722.0 64
723.0 79
724.0 72
725.0 74
726.0 49
727.0 53
728.0 38
729.0 73
730.0 60
731.0 62
732.0 54
733.0 63
734.0 53
735.0 71
736.0 60
737.0 53
738.0 63
739.0 53
740.0 61
741.0 66
742.0 70
743.0 53
744.0 49
745.0 66
746.0 72
747.0 55
748.0 52
749.0 52
750.0 50
751.0 86
752.0 61
753.0 61
754.0 49
755.0 57
756.0 60
757.0 62
758.0 47
759.0 61
760.0 75
761.0 68
762.0 52
763.0 43
764.0 62
765.0 49
766.0 43
767.0 52
768.0 48
769.0 63
770.0 66
771.0 53
772.0 49
773.0 40
774.0 61
775.0 43
776.0 49
777.0 65
778.0 50
779.0 62
780.0 60
781.0 53
782.0 57
783.0 53
784.0 48
785.0 63
786.0 60
787.0 62
788.0 54
789.0 57
790.0 53
791.0 54
792.0 51
793.0 53
794.0 56
795.0 43
796.0 39
797.0 61
798.0 50
799.0 47
800.0 55
801.0 51
802.0 50
803.0 47
804.0 61
805.0 54
806.0 46
807.0 37
808.0 43
809.0 45
810.0 43
811.0 47
812.0 45
813.0 52
814.0 48
815.0 59
816.0 35
817.0 60
818.0 39
819.0 35
820.0 47
821.0 49
822.0 47
823.0 65
824.0 46
825.0 38
826.0 47
827.0 52
828.0 44
829.0 41
830.0 41
831.0 60
832.0 46
833.0 47
834.0 49
835.0 31
836.0 38
837.0 51
838.0 49
839.0 34
840.0 42
841.0 50
842.0 40
843.0 34
844.0 47
845.0 46
846.0 39
847.0 43
848.0 45
849.0 38
850.0 38
851.0 41
852.0 26
853.0 44
854.0 45
855.0 41
856.0 35
857.0 42
858.0 39
859.0 42
860.0 46
861.0 40
862.0 44
863.0 46
864.0 49
865.0 36
866.0 31
867.0 42
868.0 51
869.0 39
870.0 30
871.0 45
872.0 40
873.0 34
874.0 29
875.0 29
876.0 43
877.0 30
878.0 46
879.0 32
880.0 37
881.0 34
882.0 40
883.0 29
884.0 27
885.0 25
886.0 30
887.0 30
888.0 39
889.0 29
890.0 33
891.0 34
892.0 28
893.0 28
894.0 31
895.0 22
896.0 31
897.0 36
898.0 40
899.0 25
900.0 34
901.0 45
902.0 25
903.0 31
904.0 26
905.0 28
906.0 32
907.0 24
908.0 31
909.0 27
910.0 32
911.0 24
912.0 26
913.0 29
914.0 24
915.0 20
916.0 32
917.0 26
918.0 20
919.0 20
920.0 20
921.0 24
922.0 23
923.0 14
924.0 22
925.0 24
926.0 25
927.0 28
928.0 23
929.0 17
930.0 22
931.0 17
932.0 23
933.0 12
934.0 18
935.0 21
936.0 16
937.0 16
938.0 21
939.0 23
940.0 14
941.0 16
942.0 18
943.0 21
944.0 21
945.0 17
946.0 17
947.0 16
948.0 20
949.0 15
950.0 15
951.0 31
952.0 21
953.0 14
954.0 11
955.0 12
956.0 18
957.0 19
958.0 9
959.0 19
960.0 10
961.0 18
962.0 19
963.0 19
964.0 20
965.0 11
966.0 18
967.0 21
968.0 24
969.0 14
970.0 20
971.0 22
972.0 12
973.0 15
974.0 16
975.0 15
976.0 16
977.0 13
978.0 14
979.0 8
980.0 11
981.0 10
982.0 22
983.0 9
984.0 12
985.0 14
986.0 13
987.0 19
988.0 13
989.0 13
990.0 11
991.0 17
992.0 20
993.0 23
994.0 11
995.0 12
996.0 23
997.0 10
998.0 6
999.0 18
1000.0 18
1001.0 16
1002.0 17
1003.0 13
1004.0 13
1005.0 18
1006.0 14
1007.0 10
1008.0 17
1009.0 10
1010.0 11
1011.0 10
1012.0 14
1013.0 7
1014.0 12
1015.0 9
1016.0 14
1017.0 14
1018.0 3
1019.0 8
1020.0 11
1021.0 18
1022.0 10
1023.0 10
1024.0 14
1025.0 11
1026.0 14
1027.0 8
1028.0 14
1029.0 7
1030.0 8
1031.0 4
1032.0 3
1033.0 5
1034.0 9
1035.0 7
1036.0 8
1037.0 9
1038.0 6
1039.0 8
1040.0 13
1041.0 10
1042.0 9
1043.0 12
1044.0 12
1045.0 12
1046.0 8
1047.0 4
1048.0 8
1049.0 6
1050.0 12
1051.0 8
1052.0 6
1053.0 5
1054.0 6
1055.0 9
1056.0 10
1057.0 15
1058.0 5
1059.0 8
1060.0 9
1061.0 10
1062.0 7
1063.0 4
1064.0 6
1065.0 4
1066.0 10
1067.0 8
1068.0 12
1069.0 3
1070.0 8
1071.0 8
1072.0 3
1073.0 7
1074.0 10
1075.0 9
1076.0 5
1077.0 11
1078.0 10
1079.0 8
1080.0 5
1081.0 6
1082.0 8
1083.0 11
1084.0 3
1085.0 6
1086.0 3
1087.0 8
1088.0 13
1089.0 5
1090.0 5
1091.0 3
1092.0 4
1093.0 7
1094.0 11
1095.0 5
1096.0 11
1097.0 8
1098.0 3
1099.0 6
1100.0 5
1101.0 4
1102.0 4
1103.0 10
1104.0 5
1105.0 3
1106.0 3
1107.0 6
1108.0 7
1109.0 9
1110.0 11
1111.0 5
1112.0 8
1113.0 5
1114.0 7
1115.0 8
1116.0 7
1117.0 9
1118.0 5
1119.0 9
1120.0 3
1121.0 9
1122.0 10
1123.0 7
1124.0 4
1125.0 5
1126.0 6
1127.0 6
1128.0 5
1129.0 14
1130.0 7
1131.0 4
1132.0 6
1133.0 8
1134.0 4
1135.0 5
1136.0 7
1137.0 4
1138.0 6
1139.0 5
1140.0 9
1141.0 6
1142.0 7
1143.0 2
1144.0 4
1145.0 3
1146.0 6
1147.0 9
1148.0 3
1149.0 7
1150.0 7
1151.0 4
1152.0 5
1153.0 7
1154.0 7
1155.0 6
1156.0 9
1157.0 7
1158.0 5
1159.0 4
1160.0 2
1161.0 8
1162.0 5
1163.0 3
1164.0 6
1165.0 2
1166.0 6
1167.0 9
1168.0 2
1169.0 3
1170.0 6
1171.0 2
1172.0 3
1173.0 6
1174.0 4
1175.0 8
1176.0 3
1177.0 5
1178.0 8
1179.0 8
1180.0 14
1181.0 6
1182.0 4
1183.0 6
1184.0 4
1185.0 2
1186.0 8
1187.0 6
1188.0 9
1189.0 6
1190.0 6
1191.0 7
1192.0 9
1193.0 5
1194.0 7
1195.0 8
1196.0 5
1197.0 3
1198.0 3
1199.0 7
1200.0 8
1201.0 8
1202.0 6
1204.0 3
1205.0 2
1206.0 3
1207.0 3
1208.0 10
1209.0 2
1210.0 4
1211.0 3
1212.0 5
1213.0 4
1214.0 2
1215.0 5
1216.0 1
1217.0 4
1218.0 8
1219.0 5
1220.0 7
1221.0 6
1222.0 2
1223.0 2
1224.0 5
1225.0 2
1226.0 4
1227.0 4
1228.0 1
1229.0 6
1230.0 4
1231.0 3
1232.0 3
1233.0 3
1234.0 5
1235.0 8
1236.0 11
1237.0 2
1238.0 8
1239.0 5
1240.0 4
1241.0 4
1242.0 2
1243.0 3
1244.0 5
1245.0 2
1246.0 7
1247.0 8
1248.0 3
1249.0 3
1250.0 4
1251.0 2
1252.0 6
1253.0 1
1254.0 2
1255.0 6
1256.0 5
1257.0 6
1258.0 5
1259.0 7
1260.0 4
1261.0 3
1262.0 1
1263.0 8
1264.0 9
1265.0 3
1266.0 2
1267.0 4
1268.0 8
1269.0 5
1270.0 3
1271.0 5
1272.0 1
1273.0 3
1274.0 3
1275.0 4
1276.0 6
1277.0 5
1278.0 6
1279.0 1
1280.0 4
1281.0 2
1282.0 3
1283.0 2
1284.0 7
1285.0 4
1286.0 2
1287.0 4
1288.0 4
1289.0 4
1290.0 5
1291.0 3
1292.0 3
1293.0 5
1294.0 4
1295.0 6
1296.0 3
1297.0 7
1298.0 2
1299.0 4
1300.0 2
1301.0 4
1302.0 5
1303.0 2
1304.0 1
1305.0 3
1306.0 5
1307.0 3
1308.0 5
1309.0 2
1310.0 4
1311.0 5
1312.0 3
1315.0 3
1316.0 1
1317.0 1
1318.0 6
1319.0 1
1320.0 2
1321.0 7
1322.0 5
1323.0 1
1324.0 1
1325.0 3
1326.0 4
1327.0 2
1328.0 3
1329.0 2
1330.0 3
1331.0 4
1332.0 3
1333.0 5
1334.0 2
1335.0 1
1336.0 2
1337.0 4
1338.0 5
1339.0 4
1340.0 2
1341.0 3
1342.0 4
1343.0 5
1344.0 4
1345.0 1
1346.0 4
1347.0 3
1348.0 4
1349.0 7
1350.0 2
1351.0 2
1352.0 2
1353.0 3
1354.0 2
1356.0 6
1357.0 4
1358.0 4
1359.0 6
1360.0 5
1361.0 3
1362.0 3
1363.0 6
1364.0 2
1365.0 4
1366.0 1
1367.0 1
1368.0 6
1369.0 3
1370.0 3
1371.0 2
1372.0 4
1373.0 4
1374.0 4
1375.0 4
1376.0 1
1377.0 2
1379.0 3
1380.0 1
1381.0 2
1383.0 1
1384.0 4
1385.0 3
1386.0 5
1387.0 3
1389.0 4
1390.0 1
1391.0 5
1392.0 2
1393.0 2
1395.0 1
1396.0 5
1397.0 3
1398.0 1
1399.0 9
1400.0 4
1401.0 7
1402.0 4
1403.0 1
1404.0 4
1405.0 2
1406.0 1
1407.0 4
1408.0 6
1409.0 5
1410.0 3
1411.0 3
1412.0 2
1413.0 3
1414.0 2
1415.0 3
1416.0 2
1417.0 4
1420.0 2
1421.0 3
1422.0 1
1423.0 3
1424.0 3
1425.0 3
1426.0 1
1427.0 3
1428.0 5
1429.0 2
1430.0 1
1431.0 1
1433.0 3
1434.0 3
1435.0 2
1436.0 4
1437.0 3
1438.0 5
1439.0 5
1440.0 3
1441.0 1
1442.0 2
1443.0 5
1444.0 6
1445.0 2
1446.0 1
1447.0 3
1448.0 3
1449.0 2
1450.0 4
1451.0 5
1453.0 3
1454.0 2
1455.0 1
1456.0 3
1457.0 4
1458.0 6
1459.0 1
1460.0 4
1461.0 3
1462.0 5
1463.0 4
1464.0 4
1465.0 4
1466.0 1
1467.0 2
1468.0 1
1469.0 5
1470.0 3
1471.0 1
1472.0 2
1473.0 2
1474.0 1
1475.0 1
1476.0 2
1477.0 6
1478.0 3
1479.0 3
1480.0 1
1481.0 5
1482.0 3
1483.0 1
1484.0 2
1485.0 4
1486.0 3
1487.0 3
1488.0 1
1489.0 1
1490.0 2
1491.0 4
1493.0 1
1494.0 2
1495.0 5
1496.0 4
1497.0 2
1498.0 1
1500.0 3
1501.0 4
1502.0 4
1503.0 3
1504.0 4
1505.0 2
1506.0 2
1507.0 3
1508.0 1
1509.0 1
1510.0 3
1511.0 3
1512.0 4
1513.0 1
1515.0 2
1516.0 3
1517.0 4
1518.0 4
1519.0 5
1520.0 3
1521.0 2
1522.0 2
1523.0 6
1524.0 3
1525.0 3
1526.0 2
1528.0 1
1529.0 3
1530.0 3
1531.0 2
1532.0 2
1535.0 4
1536.0 2
1537.0 2
1538.0 5
1539.0 2
1540.0 2
1541.0 2
1542.0 2
1543.0 2
1544.0 1
1545.0 3
1547.0 3
1549.0 4
1550.0 1
1552.0 1
1553.0 1
1554.0 2
1555.0 5
1556.0 4
1557.0 2
1558.0 2
1560.0 2
1561.0 1
1562.0 2
1565.0 2
1566.0 3
1567.0 2
1568.0 5
1569.0 3
1570.0 1
1571.0 1
1573.0 3
1574.0 3
1575.0 1
1576.0 1
1577.0 3
1578.0 2
1579.0 2
1580.0 3
1581.0 1
1582.0 3
1583.0 1
1584.0 1
1585.0 3
1586.0 2
1587.0 3
1588.0 1
1589.0 3
1590.0 1
1591.0 1
1592.0 1
1593.0 2
1595.0 2
1596.0 1
1597.0 6
1598.0 1
1599.0 2
1600.0 1
1602.0 1
1604.0 3
1605.0 1
1606.0 3
1607.0 2
1608.0 2
1609.0 2
1610.0 2
1613.0 1
1614.0 7
1615.0 2
1617.0 3
1618.0 1
1619.0 1
1620.0 1
1621.0 4
1623.0 4
1624.0 4
1625.0 2
1627.0 2
1628.0 2
1630.0 1
1631.0 2
1632.0 2
1633.0 1
1634.0 2
1635.0 4
1636.0 2
1638.0 3
1639.0 1
1641.0 1
1642.0 4
1644.0 3
1645.0 1
1646.0 3
1647.0 2
1648.0 3
1650.0 3
1653.0 2
1654.0 1
1655.0 1
1656.0 1
1657.0 1
1658.0 1
1659.0 5
1660.0 2
1661.0 1
1662.0 2
1663.0 1
1664.0 3
1665.0 3
1666.0 3
1667.0 2
1668.0 3
1669.0 1
1670.0 2
1671.0 1
1672.0 1
1674.0 2
1675.0 1
1676.0 1
1677.0 1
1678.0 4
1679.0 2
1680.0 1
1682.0 2
1683.0 1
1684.0 3
1685.0 2
1686.0 3
1687.0 2
1688.0 1
1689.0 3
1690.0 1
1691.0 2
1692.0 1
1693.0 2
1694.0 1
1695.0 1
1696.0 3
1697.0 1
1698.0 2
1699.0 2
1700.0 1
1702.0 2
1703.0 2
1704.0 4
1705.0 2
1707.0 1
1708.0 2
1709.0 2
1710.0 1
1712.0 3
1713.0 2
1714.0 2
1715.0 2
1716.0 1
1717.0 2
1718.0 1
1719.0 2
1720.0 3
1722.0 2
1723.0 4
1725.0 1
1726.0 2
1728.0 1
1729.0 4
1730.0 1
1731.0 2
1732.0 1
1735.0 1
1736.0 3
1737.0 2
1738.0 3
1739.0 1
1740.0 3
1741.0 1
1744.0 2
1745.0 1
1746.0 2
1748.0 1
1749.0 3
1750.0 2
1751.0 1
1753.0 1
1755.0 1
1756.0 1
1757.0 3
1758.0 3
1759.0 2
1760.0 1
1761.0 3
1762.0 2
1765.0 1
1766.0 1
1767.0 4
1768.0 3
1769.0 1
1770.0 1
1773.0 1
1774.0 3
1777.0 6
1779.0 2
1780.0 1
1781.0 2
1783.0 1
1785.0 1
1786.0 3
1787.0 1
1788.0 1
1789.0 1
1791.0 2
1792.0 2
1793.0 2
1795.0 2
1797.0 3
1798.0 1
1800.0 4
1801.0 1
1803.0 6
1805.0 3
1807.0 1
1808.0 2
1809.0 4
1811.0 2
1812.0 1
1813.0 5
1814.0 3
1815.0 2
1817.0 2
1819.0 1
1820.0 1
1821.0 1
1822.0 3
1823.0 1
1824.0 4
1825.0 5
1826.0 2
1828.0 4
1832.0 2
1833.0 3
1835.0 2
1837.0 2
1838.0 3
1840.0 1
1841.0 1
1842.0 2
1843.0 5
1845.0 3
1846.0 3
1847.0 2
1849.0 2
1850.0 2
1851.0 2
1852.0 1
1855.0 2
1856.0 1
1858.0 3
1859.0 1
1862.0 2
1864.0 3
1867.0 1
1868.0 2
1869.0 1
1870.0 1
1871.0 1
1872.0 1
1873.0 1
1874.0 1
1876.0 1
1877.0 1
1878.0 1
1879.0 1
1880.0 1
1881.0 2
1882.0 1
1883.0 2
1885.0 2
1886.0 2
1887.0 1
1888.0 1
1889.0 1
1890.0 1
1891.0 3
1892.0 1
1893.0 1
1896.0 2
1897.0 1
1898.0 1
1899.0 1
1900.0 2
1905.0 1
1906.0 3
1907.0 1
1908.0 1
1909.0 2
1911.0 2
1912.0 1
1913.0 2
1916.0 3
1918.0 1
1921.0 2
1922.0 3
1923.0 1
1924.0 2
1925.0 2
1926.0 1
1935.0 3
1937.0 1
1938.0 1
1939.0 2
1941.0 1
1942.0 1
1943.0 2
1946.0 3
1947.0 3
1949.0 2
1951.0 1
1952.0 2
1953.0 2
1954.0 2
1956.0 2
1958.0 1
1961.0 4
1962.0 2
1963.0 2
1965.0 1
1968.0 2
1969.0 2
1970.0 1
1972.0 2
1976.0 3
1977.0 1
1978.0 2
1979.0 3
1981.0 1
1982.0 2
1983.0 2
1984.0 1
1988.0 2
1989.0 1
1991.0 1
1992.0 1
1995.0 2
1996.0 1
1999.0 1
2000.0 1
2002.0 3
2004.0 1
2006.0 2
2009.0 1
2011.0 1
2013.0 1
2014.0 3
2015.0 1
2016.0 1
2018.0 3
2019.0 2
2021.0 1
2024.0 1
2025.0 3
2027.0 1
2028.0 1
2029.0 1
2031.0 2
2033.0 1
2038.0 1
2040.0 1
2042.0 2
2045.0 1
2046.0 1
2048.0 2
2049.0 1
2051.0 1
2057.0 1
2059.0 2
2060.0 1
2061.0 2
2062.0 1
2063.0 1
2065.0 2
2067.0 1
2068.0 1
2070.0 1
2072.0 3
2073.0 2
2074.0 2
2075.0 1
2076.0 1
2077.0 1
2078.0 4
2079.0 1
2080.0 3
2081.0 1
2085.0 2
2086.0 3
2088.0 1
2089.0 1
2090.0 1
2091.0 1
2092.0 3
2095.0 3
2096.0 1
2097.0 1
2099.0 2
2102.0 3
2103.0 1
2104.0 1
2107.0 1
2110.0 1
2113.0 2
2114.0 1
2116.0 1
2119.0 1
2120.0 1
2121.0 1
2122.0 1
2128.0 1
2129.0 2
2131.0 2
2132.0 1
2135.0 1
2136.0 1
2137.0 1
2138.0 1
2140.0 1
2141.0 2
2143.0 1
2144.0 1
2145.0 1
2147.0 1
2148.0 2
2151.0 3
2152.0 1
2153.0 1
2155.0 1
2156.0 1
2159.0 1
2164.0 1
2165.0 1
2166.0 1
2167.0 1
2168.0 1
2169.0 1
2170.0 1
2171.0 3
2173.0 1
2175.0 2
2177.0 1
2180.0 1
2181.0 1
2182.0 2
2187.0 2
2188.0 1
2190.0 2
2193.0 2
2195.0 1
2198.0 1
2203.0 1
2205.0 1
2206.0 1
2210.0 1
2212.0 3
2213.0 1
2214.0 1
2217.0 1
2218.0 1
2219.0 1
2220.0 2
2221.0 1
2224.0 1
2228.0 1
2231.0 2
2235.0 1
2237.0 2
2244.0 1
2248.0 1
2249.0 2
2250.0 1
2255.0 2
2257.0 1
2258.0 2
2259.0 2
2260.0 1
2261.0 1
2263.0 1
2265.0 1
2266.0 1
2268.0 1
2270.0 1
2272.0 5
2273.0 1
2274.0 2
2275.0 1
2277.0 1
2279.0 1
2283.0 1
2285.0 2
2286.0 1
2287.0 1
2290.0 1
2294.0 2
2295.0 1
2297.0 1
2299.0 2
2300.0 1
2301.0 1
2302.0 1
2303.0 2
2304.0 1
2306.0 2
2307.0 1
2310.0 2
2311.0 1
2312.0 1
2315.0 1
2316.0 1
2318.0 2
2320.0 1
2323.0 1
2328.0 1
2329.0 1
2333.0 2
2334.0 1
2335.0 1
2337.0 1
2338.0 2
2339.0 1
2341.0 2
2343.0 1
2344.0 2
2345.0 1
2346.0 1
2347.0 1
2348.0 2
2351.0 1
2352.0 1
2355.0 1
2356.0 1
2359.0 1
2360.0 1
2362.0 1
2367.0 2
2370.0 1
2376.0 3
2378.0 1
2379.0 2
2380.0 1
2383.0 2
2384.0 1
2387.0 1
2389.0 1
2391.0 1
2393.0 1
2394.0 1
2395.0 1
2396.0 1
2397.0 1
2398.0 1
2401.0 1
2403.0 3
2407.0 1
2408.0 2
2411.0 1
2415.0 2
2416.0 1
2417.0 2
2418.0 1
2420.0 1
2424.0 1
2425.0 1
2434.0 1
2436.0 1
2437.0 2
2439.0 1
2440.0 1
2441.0 1
2443.0 2
2444.0 1
2445.0 1
2446.0 1
2448.0 1
2452.0 1
2453.0 1
2456.0 1
2458.0 1
2460.0 1
2462.0 2
2464.0 3
2468.0 1
2472.0 2
2474.0 1
2478.0 1
2481.0 1
2483.0 1
2486.0 1
2487.0 1
2489.0 2
2491.0 1
2497.0 1
2498.0 1
2501.0 3
2503.0 1
2504.0 2
2508.0 1
2509.0 2
2510.0 1
2511.0 1
2516.0 1
2520.0 2
2530.0 1
2535.0 1
2536.0 1
2540.0 1
2542.0 1
2544.0 1
2546.0 1
2549.0 1
2551.0 1
2555.0 1
2557.0 1
2558.0 2
2561.0 1
2562.0 1
2563.0 1
2565.0 2
2566.0 1
2567.0 2
2568.0 1
2570.0 2
2574.0 1
2577.0 2
2582.0 1
2583.0 1
2586.0 1
2591.0 1
2592.0 1
2593.0 1
2598.0 1
2601.0 1
2602.0 1
2603.0 1
2609.0 1
2610.0 1
2611.0 1
2620.0 1
2623.0 1
2624.0 2
2625.0 1
2627.0 1
2628.0 1
2630.0 1
2632.0 1
2633.0 1
2634.0 1
2635.0 1
2639.0 1
2644.0 1
2645.0 1
2650.0 1
2652.0 1
2657.0 1
2662.0 1
2663.0 1
2667.0 1
2673.0 1
2674.0 1
2676.0 1
2682.0 1
2685.0 1
2694.0 1
2695.0 1
2696.0 1
2697.0 1
2699.0 3
2702.0 1
2703.0 1
2705.0 1
2706.0 1
2707.0 1
2709.0 1
2710.0 1
2714.0 1
2718.0 1
2721.0 1
2724.0 1
2727.0 1
2728.0 1
2733.0 1
2734.0 1
2735.0 2
2740.0 1
2741.0 1
2742.0 1
2748.0 1
2751.0 1
2757.0 1
2759.0 1
2760.0 1
2761.0 1
2763.0 1
2770.0 1
2772.0 2
2773.0 2
2786.0 1
2790.0 1
2795.0 1
2802.0 2
2804.0 2
2809.0 1
2811.0 1
2815.0 1
2820.0 1
2828.0 1
2830.0 1
2836.0 1
2837.0 1
2838.0 1
2840.0 1
2842.0 1
2846.0 1
2849.0 1
2851.0 1
2852.0 1
2853.0 1
2854.0 1
2855.0 1
2857.0 1
2858.0 1
2867.0 1
2876.0 1
2883.0 1
2884.0 1
2885.0 1
2889.0 2
2890.0 2
2894.0 1
2895.0 2
2897.0 1
2904.0 1
2906.0 1
2914.0 1
2916.0 1
2918.0 1
2923.0 1
2924.0 1
2926.0 1
2928.0 1
2936.0 1
2938.0 1
2940.0 2
2941.0 1
2953.0 1
2956.0 1
2957.0 1
2960.0 1
2961.0 1
2963.0 1
2964.0 1
2966.0 1
2968.0 1
2969.0 1
2979.0 1
2980.0 1
2982.0 1
2988.0 1
2995.0 2
2997.0 1
2999.0 1
3005.0 1
3006.0 1
3012.0 1
3014.0 1
3015.0 1
3019.0 1
3021.0 1
3022.0 1
3028.0 1
3029.0 1
3030.0 1
3035.0 1
3038.0 1
3041.0 2
3048.0 1
3049.0 1
3055.0 1
3056.0 1
3059.0 1
3061.0 1
3062.0 1
3070.0 1
3075.0 4
3077.0 1
3079.0 1
3082.0 1
3084.0 1
3085.0 1
3098.0 1
3100.0 1
3104.0 1
3109.0 1
3115.0 1
3117.0 1
3118.0 1
3126.0 1
3127.0 2
3128.0 1
3134.0 1
3140.0 1
3145.0 1
3148.0 1
3157.0 1
3158.0 1
3159.0 1
3161.0 1
3172.0 1
3173.0 1
3175.0 1
3185.0 1
3188.0 1
3191.0 2
3192.0 1
3194.0 1
3195.0 2
3203.0 1
3219.0 1
3230.0 2
3231.0 1
3234.0 1
3236.0 1
3241.0 1
3242.0 1
3244.0 1
3253.0 1
3257.0 1
3267.0 1
3272.0 1
3284.0 1
3289.0 1
3290.0 1
3293.0 1
3297.0 1
3298.0 2
3305.0 1
3309.0 1
3311.0 2
3321.0 2
3325.0 1
3326.0 1
3328.0 1
3344.0 1
3347.0 1
3364.0 1
3371.0 1
3378.0 1
3385.0 1
3388.0 2
3390.0 2
3391.0 1
3393.0 1
3400.0 1
3401.0 2
3416.0 2
3425.0 2
3430.0 1
3431.0 2
3432.0 1
3436.0 1
3440.0 1
3444.0 1
3456.0 1
3465.0 1
3469.0 1
3471.0 1
3475.0 1
3478.0 1
3479.0 1
3483.0 2
3490.0 1
3496.0 1
3497.0 1
3515.0 1
3521.0 1
3522.0 1
3533.0 1
3534.0 1
3537.0 1
3538.0 1
3542.0 1
3548.0 1
3555.0 1
3562.0 2
3564.0 1
3565.0 1
3566.0 2
3567.0 1
3573.0 1
3580.0 1
3582.0 1
3591.0 1
3594.0 1
3601.0 1
3608.0 1
3612.0 1
3613.0 1
3622.0 1
3624.0 1
3628.0 1
3633.0 1
3636.0 1
3644.0 1
3651.0 1
3659.0 1
3670.0 2
3671.0 1
3675.0 1
3693.0 1
3696.0 1
3697.0 1
3704.0 1
3705.0 1
3707.0 1
3727.0 2
3735.0 1
3745.0 1
3746.0 1
3747.0 1
3755.0 1
3761.0 1
3772.0 1
3773.0 1
3786.0 1
3789.0 1
3795.0 1
3797.0 1
3798.0 1
3799.0 1
3805.0 1
3807.0 1
3808.0 1
3835.0 1
3846.0 1
3849.0 1
3859.0 1
3860.0 1
3864.0 1
3867.0 1
3873.0 1
3881.0 1
3882.0 1
3888.0 1
3896.0 1
3899.0 1
3900.0 1
3903.0 1
3930.0 1
3931.0 1
3955.0 1
3969.0 1
3983.0 2
3989.0 2
3993.0 1
3994.0 1
4001.0 1
4017.0 1
4018.0 1
4032.0 1
4033.0 2
4036.0 1
4037.0 1
4044.0 2
4049.0 1
4057.0 1
4061.0 1
4078.0 1
4081.0 1
4087.0 1
4097.0 1
4098.0 1
4103.0 1
4113.0 1
4120.0 1
4121.0 1
4122.0 1
4131.0 1
4150.0 1
4153.0 1
4164.0 1
4179.0 1
4181.0 1
4185.0 1
4200.0 1
4213.0 1
4226.0 1
4241.0 1
4267.0 2
4277.0 1
4278.0 1
4279.0 1
4293.0 1
4301.0 1
4312.0 1
4326.0 2
4330.0 1
4338.0 1
4343.0 1
4346.0 1
4349.0 1
4355.0 1
4374.0 1
4380.0 1
4382.0 1
4392.0 1
4395.0 1
4403.0 1
4407.0 1
4411.0 1
4425.0 1
4427.0 1
4436.0 1
4446.0 1
4447.0 1
4469.0 1
4475.0 1
4483.0 1
4489.0 1
4490.0 1
4496.0 1
4504.0 1
4516.0 1
4523.0 1
4524.0 1
4525.0 1
4526.0 1
4538.0 1
4547.0 1
4552.0 1
4562.0 1
4578.0 1
4595.0 1
4598.0 1
4600.0 1
4633.0 1
4666.0 1
4681.0 1
4691.0 1
4694.0 1
4716.0 1
4728.0 1
4731.0 1
4744.0 2
4767.0 1
4777.0 1
4803.0 1
4819.0 1
4832.0 1
4837.0 1
4848.0 1
4855.0 1
4875.0 1
4904.0 1
4920.0 1
4921.0 1
4932.0 1
4934.0 1
4939.0 1
4950.0 1
4957.0 1
4967.0 1
4973.0 1
4974.0 1
4977.0 1
4983.0 1
5010.0 1
5011.0 1
5026.0 2
5027.0 1
5060.0 1
5074.0 1
5079.0 1
5095.0 1
5097.0 1
5101.0 1
5119.0 3
5134.0 1
5148.0 1
5158.0 1
5159.0 1
5208.0 1
5215.0 1
5247.0 1
5259.0 1
5279.0 1
5280.0 1
5281.0 2
5284.0 1
5297.0 1
5303.0 1
5327.0 1
5343.0 1
5347.0 1
5368.0 1
5370.0 1
5377.0 1
5401.0 1
5415.0 1
5422.0 1
5425.0 1
5440.0 1
5466.0 1
5469.0 1
5470.0 1
5474.0 1
5513.0 1
5556.0 1
5559.0 1
5570.0 1
5585.0 1
5596.0 1
5603.0 1
5609.0 1
5617.0 1
5621.0 1
5686.0 1
5688.0 1
5724.0 1
5741.0 1
5775.0 1
5785.0 1
5824.0 1
5830.0 1
5901.0 1
5949.0 1
5979.0 1
5981.0 1
6007.0 1
6024.0 1
6029.0 1
6044.0 1
6057.0 1
6058.0 1
6065.0 1
6069.0 1
6075.0 1
6083.0 1
6089.0 1
6092.0 1
6166.0 1
6263.0 1
6270.0 1
6278.0 1
6282.0 1
6298.0 1
6322.0 1
6337.0 1
6347.0 1
6357.0 1
6361.0 1
6377.0 1
6394.0 1
6411.0 1
6415.0 1
6432.0 1
6459.0 1
6464.0 1
6469.0 1
6550.0 1
6598.0 1
6670.0 1
6672.0 1
6733.0 1
6744.0 1
6752.0 1
6787.0 1
6788.0 1
6796.0 1
6846.0 1
6847.0 1
6927.0 1
6961.0 1
6976.0 1
7009.0 1
7027.0 1
7031.0 1
7082.0 1
7087.0 1
7089.0 1
7090.0 1
7232.0 1
7234.0 1
7244.0 1
7248.0 1
7260.0 1
7276.0 1
7295.0 1
7349.0 1
7353.0 1
7387.0 1
7397.0 1
7417.0 1
7427.0 1
7430.0 1
7460.0 1
7466.0 1
7478.0 1
7529.0 1
7544.0 1
7584.0 1
7612.0 1
7728.0 1
7735.0 1
7777.0 1
7784.0 1
7795.0 1
7830.0 1
7880.0 1
7890.0 1
7900.0 1
7935.0 1
8079.0 1
8205.0 1
8236.0 1
8328.0 1
8356.0 1
8366.0 1
8393.0 1
8413.0 1
8465.0 1
8484.0 1
8549.0 1
8594.0 1
8601.0 1
8605.0 1
8647.0 1
8660.0 1
8723.0 1
8827.0 1
8868.0 1
8870.0 1
8992.0 1
9082.0 1
9090.0 1
9159.0 1
9272.0 1
9322.0 1
9493.0 1
9521.0 1
9624.0 1
9693.0 1
9714.0 1
9797.0 1
9901.0 1
10000.0 1
10046.0 1
10085.0 1
10113.0 1
10130.0 1
10197.0 1
10223.0 1
10240.0 1
10303.0 1
10306.0 1
10339.0 1
10400.0 1
10535.0 1
10660.0 1
10674.0 1
10698.0 1
10721.0 1
10771.0 1
10848.0 1
10861.0 1
10956.0 1
11143.0 1
11227.0 1
11359.0 1
11372.0 1
11689.0 1
11843.0 1
11888.0 1
11899.0 1
11920.0 1
12317.0 1
12318.0 1
12335.0 1
12377.0 1
12467.0 1
12482.0 1
12533.0 1
12608.0 1
12839.0 1
13030.0 1
13257.0 1
13317.0 1
13354.0 1
13380.0 1
13423.0 1
13450.0 1
13606.0 1
13632.0 1
13638.0 1
13741.0 1
13773.0 1
13908.0 1
14020.0 1
14100.0 1
14338.0 1
14450.0 1
14516.0 1
14551.0 1
14555.0 1
14566.0 1
14646.0 1
14784.0 1
14798.0 1
15066.0 1
15072.0 1
15220.0 1
16174.0 1
16703.0 1
17437.0 1
17442.0 1
18097.0 1
18180.0 1
18344.0 1
19670.0 1
19735.0 1
19950.0 1
20285.0 1
20968.0 1
21069.0 1
21504.0 1
22226.0 1
22633.0 1
23591.0 1
23632.0 1
23724.0 1
23934.0 1
24005.0 1
24668.0 1
25085.0 1
25200.0 1
25423.0 1
25795.0 1
27317.0 1
29657.0 1
33313.0 1
