1.0 602539
2.0 182237
3.0 92860
4.0 55876
5.0 36733
6.0 26149
7.0 19340
8.0 15372
9.0 12020
10.0 9600
11.0 7889
12.0 6625
13.0 5513
14.0 4790
15.0 4175
16.0 3554
17.0 3147
18.0 2746
19.0 2502
20.0 2285
21.0 2076
22.0 1887
23.0 1700
24.0 1555
25.0 1507
26.0 1291
27.0 1256
28.0 1077
29.0 1072
30.0 954
31.0 891
32.0 818
33.0 823
34.0 756
35.0 737
36.0 640
37.0 640
38.0 535
39.0 583
40.0 472
41.0 535
42.0 473
43.0 449
44.0 431
45.0 379
46.0 396
47.0 377
48.0 364
49.0 328
50.0 321
51.0 342
52.0 287
53.0 282
54.0 266
55.0 244
56.0 270
57.0 293
58.0 250
59.0 243
60.0 232
61.0 257
62.0 222
63.0 190
64.0 200
65.0 203
66.0 188
67.0 163
68.0 168
69.0 154
70.0 168
71.0 152
72.0 152
73.0 161
74.0 142
75.0 141
76.0 124
77.0 124
78.0 120
79.0 148
80.0 121
81.0 117
82.0 125
83.0 124
84.0 103
85.0 93
86.0 103
87.0 93
88.0 102
89.0 80
90.0 84
91.0 66
92.0 109
93.0 77
94.0 103
95.0 74
96.0 85
97.0 78
98.0 86
99.0 85
100.0 103
101.0 84
102.0 60
103.0 69
104.0 72
105.0 71
106.0 64
107.0 57
108.0 60
109.0 60
110.0 56
111.0 53
112.0 50
113.0 42
114.0 53
115.0 55
116.0 56
117.0 54
118.0 67
119.0 43
120.0 58
121.0 42
122.0 40
123.0 39
124.0 60
125.0 36
126.0 35
127.0 30
128.0 35
129.0 48
130.0 43
131.0 42
132.0 38
133.0 31
134.0 38
135.0 38
136.0 32
137.0 23
138.0 33
139.0 33
140.0 31
141.0 42
142.0 34
143.0 30
144.0 36
145.0 44
146.0 37
147.0 27
148.0 31
149.0 33
150.0 31
151.0 30
152.0 28
153.0 23
154.0 27
155.0 24
156.0 24
157.0 18
158.0 25
159.0 31
160.0 30
161.0 23
162.0 29
163.0 21
164.0 25
165.0 21
166.0 26
167.0 25
168.0 25
169.0 29
170.0 20
171.0 26
172.0 30
173.0 15
174.0 14
175.0 19
176.0 31
177.0 31
178.0 19
179.0 20
180.0 17
181.0 20
182.0 19
183.0 22
184.0 23
185.0 13
186.0 21
187.0 21
188.0 19
189.0 20
190.0 21
191.0 16
192.0 15
193.0 19
194.0 22
195.0 13
196.0 20
197.0 20
198.0 12
199.0 13
200.0 13
201.0 11
202.0 19
203.0 17
204.0 11
205.0 12
206.0 13
207.0 21
208.0 18
209.0 17
210.0 9
211.0 21
212.0 16
213.0 12
214.0 11
215.0 14
216.0 12
217.0 13
218.0 17
219.0 11
220.0 20
221.0 20
222.0 16
223.0 16
224.0 13
225.0 12
226.0 10
227.0 7
228.0 13
229.0 10
230.0 19
231.0 10
232.0 17
233.0 6
234.0 8
235.0 12
236.0 7
237.0 11
238.0 11
239.0 11
240.0 10
241.0 15
242.0 9
243.0 13
244.0 6
245.0 8
246.0 10
247.0 13
248.0 5
249.0 4
250.0 9
251.0 13
252.0 11
253.0 3
254.0 11
255.0 5
256.0 11
257.0 15
258.0 15
259.0 9
260.0 4
261.0 12
262.0 5
263.0 15
264.0 14
265.0 10
266.0 12
267.0 10
268.0 11
269.0 4
270.0 12
271.0 10
272.0 6
273.0 10
274.0 9
275.0 8
276.0 13
277.0 6
278.0 4
279.0 12
280.0 7
281.0 5
282.0 7
283.0 6
284.0 4
285.0 8
286.0 7
287.0 6
288.0 4
289.0 3
290.0 11
291.0 6
292.0 10
293.0 6
294.0 6
295.0 9
296.0 9
297.0 10
298.0 11
299.0 11
300.0 5
301.0 4
302.0 5
303.0 5
304.0 2
305.0 6
306.0 6
307.0 9
308.0 4
309.0 7
310.0 6
311.0 8
312.0 9
313.0 6
314.0 7
315.0 3
316.0 9
317.0 2
318.0 7
319.0 6
320.0 9
321.0 5
322.0 2
323.0 3
324.0 6
325.0 3
326.0 3
327.0 8
328.0 4
329.0 3
330.0 5
331.0 2
332.0 8
333.0 5
334.0 4
335.0 6
336.0 4
337.0 7
338.0 4
339.0 4
340.0 7
341.0 4
342.0 4
344.0 6
345.0 5
346.0 2
347.0 7
348.0 2
349.0 2
350.0 5
351.0 4
352.0 7
353.0 7
354.0 1
355.0 5
356.0 4
357.0 2
358.0 3
359.0 3
360.0 6
361.0 4
362.0 5
363.0 2
364.0 2
365.0 3
366.0 4
367.0 2
368.0 5
369.0 5
370.0 2
371.0 6
372.0 4
373.0 4
374.0 5
375.0 5
376.0 4
377.0 3
378.0 3
379.0 4
380.0 3
381.0 6
382.0 2
383.0 3
384.0 3
385.0 3
386.0 1
387.0 2
388.0 5
389.0 1
390.0 5
391.0 1
392.0 3
393.0 5
394.0 1
395.0 3
396.0 4
398.0 1
399.0 2
400.0 4
401.0 2
402.0 3
403.0 9
404.0 1
405.0 5
406.0 2
407.0 3
408.0 2
409.0 2
410.0 1
411.0 3
412.0 3
413.0 2
414.0 4
415.0 1
416.0 2
417.0 2
418.0 3
419.0 2
420.0 5
421.0 2
422.0 1
423.0 3
424.0 4
425.0 2
427.0 4
428.0 3
429.0 2
430.0 2
431.0 6
432.0 3
433.0 3
434.0 4
435.0 2
437.0 2
438.0 5
439.0 2
440.0 2
441.0 4
442.0 3
443.0 4
445.0 3
446.0 5
447.0 3
448.0 4
449.0 3
450.0 3
452.0 1
453.0 5
454.0 1
455.0 3
456.0 2
457.0 2
458.0 2
459.0 1
460.0 3
461.0 2
462.0 6
463.0 6
464.0 1
465.0 3
466.0 4
468.0 5
469.0 1
470.0 2
471.0 2
472.0 4
473.0 4
474.0 3
475.0 1
476.0 3
477.0 2
478.0 2
480.0 2
483.0 2
484.0 2
485.0 2
486.0 3
488.0 1
489.0 2
490.0 2
491.0 2
492.0 2
493.0 1
494.0 4
495.0 3
497.0 2
499.0 4
500.0 6
501.0 4
502.0 1
503.0 4
504.0 2
505.0 1
506.0 2
508.0 3
510.0 1
511.0 2
512.0 1
513.0 1
514.0 3
515.0 3
516.0 2
517.0 2
518.0 1
519.0 1
520.0 2
521.0 1
522.0 2
523.0 1
524.0 2
525.0 2
526.0 2
528.0 1
529.0 1
530.0 2
531.0 2
532.0 1
533.0 1
534.0 1
535.0 1
536.0 3
537.0 2
538.0 3
539.0 1
540.0 2
541.0 1
542.0 2
543.0 1
545.0 2
546.0 3
547.0 1
548.0 1
549.0 2
550.0 3
551.0 1
552.0 5
553.0 3
554.0 1
555.0 1
556.0 1
557.0 2
558.0 1
560.0 1
563.0 4
567.0 1
568.0 2
569.0 3
571.0 2
572.0 1
573.0 2
574.0 1
575.0 1
576.0 1
577.0 2
579.0 1
581.0 1
582.0 2
583.0 1
584.0 2
585.0 1
586.0 1
588.0 2
591.0 1
592.0 1
595.0 1
596.0 2
597.0 2
598.0 2
601.0 2
602.0 3
603.0 1
604.0 1
605.0 1
607.0 1
609.0 1
610.0 1
611.0 1
612.0 1
614.0 4
615.0 1
617.0 1
618.0 3
620.0 2
624.0 1
625.0 1
626.0 2
627.0 1
628.0 1
629.0 2
632.0 1
633.0 2
634.0 2
636.0 1
640.0 1
643.0 3
644.0 2
646.0 2
648.0 1
649.0 1
650.0 1
651.0 1
652.0 1
654.0 1
656.0 1
657.0 1
658.0 1
659.0 2
660.0 2
661.0 1
662.0 1
663.0 1
667.0 3
668.0 2
671.0 1
672.0 2
673.0 1
674.0 1
676.0 1
678.0 1
680.0 1
681.0 1
682.0 1
684.0 2
685.0 3
686.0 1
688.0 1
689.0 3
690.0 1
692.0 1
697.0 1
699.0 1
702.0 1
704.0 1
705.0 2
706.0 1
707.0 2
709.0 1
710.0 2
713.0 1
715.0 1
716.0 3
717.0 1
718.0 1
719.0 1
720.0 1
721.0 2
725.0 3
726.0 1
729.0 1
730.0 2
731.0 1
732.0 2
736.0 1
737.0 1
739.0 1
741.0 1
743.0 1
744.0 1
747.0 1
748.0 3
749.0 2
751.0 3
753.0 1
754.0 2
755.0 3
756.0 1
760.0 1
761.0 1
763.0 1
764.0 1
765.0 1
766.0 1
768.0 1
771.0 1
772.0 1
776.0 1
778.0 1
781.0 2
784.0 2
785.0 1
788.0 1
790.0 1
793.0 1
794.0 3
795.0 1
803.0 1
804.0 3
808.0 1
812.0 1
814.0 1
815.0 1
817.0 2
819.0 1
820.0 1
821.0 2
824.0 1
825.0 1
833.0 1
834.0 1
836.0 1
838.0 1
839.0 1
841.0 1
844.0 1
845.0 1
847.0 1
848.0 1
850.0 1
852.0 1
853.0 1
854.0 1
855.0 1
856.0 2
858.0 1
860.0 1
862.0 1
864.0 1
866.0 1
869.0 1
870.0 1
871.0 2
872.0 1
873.0 1
874.0 1
877.0 1
882.0 1
883.0 1
887.0 1
889.0 1
892.0 1
894.0 1
897.0 1
899.0 1
916.0 1
918.0 1
922.0 1
924.0 1
925.0 1
926.0 1
928.0 2
932.0 1
933.0 1
947.0 1
948.0 1
953.0 2
957.0 1
964.0 1
967.0 1
969.0 1
971.0 1
972.0 2
973.0 2
980.0 1
981.0 1
987.0 1
988.0 1
990.0 1
996.0 1
1000.0 2
1003.0 1
1004.0 1
1007.0 1
1008.0 2
1012.0 2
1013.0 2
1015.0 1
1018.0 1
1019.0 1
1020.0 1
1022.0 1
1023.0 1
1024.0 1
1033.0 1
1037.0 1
1040.0 1
1043.0 1
1045.0 1
1046.0 1
1058.0 2
1059.0 1
1060.0 1
1061.0 1
1064.0 2
1079.0 1
1085.0 1
1086.0 1
1089.0 1
1095.0 1
1097.0 1
1098.0 1
1101.0 1
1103.0 1
1104.0 1
1107.0 1
1108.0 1
1113.0 1
1116.0 1
1130.0 1
1131.0 1
1132.0 2
1144.0 1
1145.0 1
1150.0 1
1152.0 1
1157.0 1
1158.0 1
1161.0 1
1163.0 1
1172.0 1
1174.0 1
1178.0 1
1183.0 1
1198.0 1
1208.0 1
1212.0 1
1229.0 1
1230.0 1
1239.0 1
1244.0 1
1246.0 1
1251.0 1
1254.0 1
1258.0 1
1276.0 1
1278.0 1
1282.0 1
1283.0 1
1287.0 1
1288.0 1
1297.0 1
1310.0 1
1315.0 1
1321.0 1
1333.0 1
1337.0 1
1341.0 1
1350.0 1
1365.0 1
1369.0 1
1379.0 1
1392.0 1
1406.0 2
1407.0 1
1416.0 1
1419.0 1
1421.0 1
1427.0 1
1436.0 1
1442.0 1
1455.0 1
1459.0 1
1478.0 1
1480.0 1
1481.0 1
1486.0 2
1491.0 1
1495.0 1
1511.0 1
1532.0 1
1533.0 1
1558.0 1
1565.0 1
1571.0 1
1582.0 1
1583.0 1
1586.0 1
1588.0 1
1589.0 1
1594.0 1
1622.0 1
1630.0 1
1648.0 1
1651.0 1
1666.0 1
1707.0 1
1718.0 1
1729.0 3
1730.0 1
1761.0 1
1762.0 1
1771.0 1
1808.0 1
1815.0 2
1816.0 1
1823.0 1
1841.0 1
1853.0 1
1860.0 1
1869.0 1
1883.0 1
1884.0 1
1898.0 1
1903.0 1
1924.0 1
1945.0 1
1951.0 1
1959.0 1
1965.0 1
1971.0 1
1992.0 1
2015.0 1
2020.0 1
2058.0 1
2067.0 1
2077.0 1
2083.0 1
2088.0 1
2094.0 1
2100.0 1
2113.0 1
2126.0 1
2128.0 1
2135.0 1
2161.0 1
2164.0 1
2188.0 1
2197.0 1
2199.0 1
2202.0 1
2204.0 1
2211.0 1
2217.0 1
2252.0 1
2257.0 1
2263.0 1
2325.0 1
2334.0 1
2355.0 1
2374.0 1
2378.0 1
2380.0 1
2400.0 1
2444.0 1
2464.0 1
2488.0 1
2504.0 1
2535.0 1
2591.0 1
2628.0 1
2634.0 1
2720.0 1
2742.0 1
2753.0 1
2763.0 1
2799.0 1
2800.0 1
2818.0 1
2830.0 1
2837.0 1
2866.0 2
2924.0 1
2956.0 1
2992.0 1
3024.0 1
3035.0 1
3100.0 1
3114.0 1
3160.0 1
3394.0 1
3506.0 1
3621.0 1
3707.0 1
4044.0 1
4217.0 1
4253.0 1
4352.0 1
4364.0 1
4422.0 1
4877.0 1
4899.0 1
5393.0 1
6102.0 1
7917.0 1
8843.0 1
9762.0 1
10461.0 1
11281.0 1
14641.0 1
28754.0 1
